1204401002530834 33.67
1204401002590689 33.69
1204401002650543 33.69
1204401002710436 33.67
1204401002770253 33.67
1204401002830109 33.69
1204401002890965 33.67
1204401002960922 33.69
1204401003010687 33.67
1204401003070529 33.65
1204401003130386 33.63
1204401003190240 33.63
1204401003250096 33.63
1204401003310964 33.63
1204401003370806 33.62
1204401003430661 33.62
1204401003490516 33.63
1204401003550370 33.63
1204401003610224 33.63
1204401003670080 33.63
1204401003730936 33.63
1204401003790790 33.63
1204401003850645 33.63
1204401003910514 33.62
1204401003970354 33.63
1204401004030207 33.65
1204401004090063 33.63
1204401004150921 33.62
1204401004210775 33.62
1204401004270630 33.58
1204401004330487 33.56
1204401004390340 33.58
1204401004450194 33.58
1204401004510051 33.56
1204401004570906 33.58
1204401004630759 33.58
1204401004690614 33.6
1204401004750469 33.58
1204401004820491 33.58
1204401004830291 33.56
1204401004880154 33.6
1204401004940008 33.58
1204401005000868 33.56
1204401005060721 33.56
1204401005120576 33.56
1204401005180432 33.56
1204401005240287 33.56
1204401005300139 33.6
1204401005360996 33.58
1204401005420849 33.52
1204401005480705 33.5
1204401005540556 33.49
1204401005600412 33.49
1204401005670426 33.47
1204401005720123 33.47
1204401005780978 33.47
1204401005840837 33.45
1204401005900691 33.45
1204401005960546 33.45
1204401006020398 33.43
1204401006080256 33.45
1204401006140108 33.43
1204401006200964 33.43
1204401006260821 33.45
1204401006320676 33.45
1204401006380539 33.47
1204401006440386 33.45
1204401006500240 33.45
1204401006560091 33.47
1204401006620951 33.45
1204401006680802 33.47
1204401006740657 33.47
1204401006800511 33.47
1204401006860366 33.49
1204401006920221 33.47
1204401006980076 33.47
1204401007040932 33.49
1204401007100787 33.47
1204401007160640 33.47
1204401007220495 33.47
1204401007280350 33.47
1204401007340204 33.47
1204401007400060 33.47
1204401007460915 33.47
1204401007520773 33.45
1204401007580625 33.47
1204401007640480 33.49
1204401007710429 33.47
1204401007760192 33.43
1204401007820044 33.37
1204401007840005 33.37
1204401007890878 33.36
1204401007950735 33.34
1204401008010604 33.32
1204401008070444 33.3
1204401008130300 33.3
1204401008190153 33.28
1204401008250009 33.3
1204401008310865 33.28
1204401008370720 33.28
1204401008430574 33.28
1204401008490428 33.28
1204401008550283 33.28
1204401008610140 33.26
1204401008670996 33.26
1204401008730851 33.26
1204401008790704 33.28
1204401008850559 33.28
1204401008910413 33.28
1204401008970270 33.26
1204401009030125 33.24
1204401009090981 33.24
1204401009150835 33.22
1204401009210691 33.24
1204401009270543 33.22
1204401009330400 33.24
1204401009390252 33.22
1204401009450107 33.22
1204401009510965 33.24
1204401009570818 33.22
1204401009630673 33.22
1204401009690527 33.22
1204401009750385 33.24
1204401009810237 33.22
1204401009870094 33.26
1204401009930947 33.22
1204401009990803 33.22
1204401100050911 33.15
1204401100110769 33.08
1204401100170624 33.02
1204401100230479 32.98
1204401100290332 32.95
1204401100350187 32.95
1204401100410042 32.95
1204401100470897 32.95
1204401100530752 32.95
1204401100590608 32.95
1204401100650462 32.95
1204401100710316 32.95
1204401100770175 32.96
1204401100830028 32.98
1204401100860041 32.96
1204401100900871 33
1204401100960713 33
1204401101020567 33
1204401101080423 33.02
1204401101140277 33.02
1204401101200133 33
1204401101260988 33
1204401101320842 33
1204401101380697 33
1204401101440552 33
1204401101500420 33.02
1204401101560263 33
1204401101620115 33
1204401101680973 33
1204401101740827 33
1204401101800682 33.02
1204401101860534 33.11
1204401101920389 33.13
1204401101980244 33.13
1204401102040099 33.11
1204401102100967 33.13
1204401102160809 33.13
1204401102220665 33.13
1204401102280519 33.13
1204401102340375 33.13
1204401102400229 33.13
1204401102460084 33.11
1204401102520939 33.13
1204401102580795 33.11
1204401102640650 33.13
1204401102700504 33.13
1204401102760359 33.11
1204401102820213 33.13
1204401102880068 33.13
1204401102940923 33.13
1204401103000778 33.13
1204401103060633 33.11
1204401103120488 33.13
1204401103180344 33.13
1204401103240199 33.13
1204401103300053 33.13
1204401103360909 33.11
1204401103420764 33.11
1204401103480619 33.11
1204401103540472 33.11
1204401103600329 33.11
1204401103660183 33.11
1204401103720037 33.11
1204401103780893 33.11
1204401103840749 33.11
1204401103870009 33.11
1204401103910578 33.13
1204401103970434 33.13
1204401104030287 33.13
1204401104090143 33.13
1204401104150998 33.13
1204401104210854 33.13
1204401104270709 33.13
1204401104330564 33.13
1204401104390417 33.13
1204401104450274 33.13
1204401104510128 33.13
1204401104570983 33.13
1204401104630838 33.09
1204401104690696 33.08
1204401104750552 33.08
1204401104810407 33.08
1204401104870259 33.06
1204401104930115 33.08
1204401104990971 33.08
1204401105050827 33.08
1204401105110681 33.08
1204401105170537 33.08
1204401105230390 33.08
1204401105290242 33.15
1204401105350099 33.22
1204401105410954 33.28
1204401105470807 33.36
1204401105530659 33.39
1204401105590518 33.41
1204401105650371 33.41
1204401105710227 33.41
1204401105770079 33.39
1204401105830938 33.41
1204401105900947 33.41
1204401105950646 33.39
1204401106010512 33.39
1204401106070356 33.41
1204401106130209 33.39
1204401106190063 33.39
1204401106250920 33.39
1204401106310777 33.41
1204401106370630 33.39
1204401106430486 33.41
1204401106500393 33.39
1204401106550193 33.39
1204401106610050 33.41
1204401106670907 33.41
1204401106730762 33.41
1204401106790615 33.41
1204401106850470 33.41
1204401106880597 33.39
1204401106920300 33.39
1204401106980155 33.41
1204401107040011 33.41
1204401107100866 33.39
1204401107160721 33.41
1204401107220573 33.39
1204401107280428 33.39
1204401107340284 33.39
1204401107400140 33.39
1204401107460995 33.39
1204401107520850 33.39
1204401107580707 33.41
1204401107640559 33.39
1204401107700413 33.39
1204401107760269 33.39
1204401107820124 33.41
1204401107880978 33.39
1204401107940836 33.41
1204401108000689 33.39
1204401108060545 33.41
1204401108120398 33.39
1204401108180253 33.39
1204401108240108 33.39
1204401108300963 33.39
1204401108360819 33.39
1204401108420676 33.41
1204401108480529 33.41
1204401108540382 33.39
1204401108600239 33.41
1204401108660095 33.41
1204401108720950 33.41
1204401108780806 33.41
1204401108840659 33.41
1204401108900514 33.41
1204401108960370 33.41
1204401109020223 33.41
1204401109080079 33.41
1204401109140933 33.39
1204401109200786 33.39
1204401109260642 33.37
1204401109320499 33.36
1204401109380354 33.36
1204401109440209 33.36
1204401109500062 33.36
1204401109560919 33.36
1204401109620773 33.36
1204401109680630 33.36
1204401109740483 33.36
1204401109800338 33.36
1204401109860194 33.34
1204401109890310 33.36
1204401109930024 33.36
1204401109990879 33.36
1204401200050990 33.36
1204401200110844 33.36
1204401200170698 33.36
1204401200230554 33.36
1204401200290409 33.36
1204401200350264 33.36
1204401200410119 33.36
1204401200480027 33.36
1204401200530828 33.36
1204401200590684 33.36
1204401200650538 33.36
1204401200710394 33.36
1204401200770249 33.36
1204401200830104 33.36
1204401200890959 33.36
1204401200950815 33.34
1204401201020683 33.36
1204401201070524 33.36
1204401201130379 33.36
1204401201190233 33.36
1204401201250087 33.36
1204401201310946 33.34
1204401201370798 33.36
1204401201430654 33.36
1204401201490509 33.36
1204401201550365 33.34
1204401201610220 33.34
1204401201670074 33.34
1204401201730931 33.34
1204401201790783 33.36
1204401201850638 33.36
1204401201910493 33.36
1204401201970347 33.36
1204401202030205 33.34
1204401202090057 33.36
1204401202150914 33.34
1204401202210769 33.34
1204401202270625 33.34
1204401202330477 33.36
1204401202390331 33.36
1204401202450188 33.34
1204401202510044 33.34
1204401202570899 33.34
1204401202630752 33.36
1204401202690609 33.34
1204401202750462 33.36
1204401202810318 33.34
1204401202870172 33.34
1204401202900243 33.34
1204401202940002 33.36
1204401203000857 33.36
1204401203060713 33.36
1204401203130568 33.34
1204401203190426 33.32
1204401203240276 33.36
1204401203310134 33.34
1204401203370988 33.36
1204401203420842 33.36
1204401203490838 33.34
1204401203550553 33.34
1204401203600406 33.36
1204401203670264 33.34
1204401203730130 33.36
1204401203790975 33.34
1204401203850828 33.34
1204401203910682 33.36
1204401203970538 33.34
1204401204030393 33.34
1204401204090331 33.34
1204401204150102 33.34
1204401204210959 33.34
1204401204270813 33.34
1204401204330669 33.34
1204401204390524 33.34
1204401204450377 33.36
1204401204510230 33.36
1204401204570088 33.34
1204401204630941 33.36
1204401204690811 33.34
1204401204750652 33.34
1204401204810509 33.32
1204401204870363 33.24
1204401204930217 33.22
1204401204990072 33.22
1204401205050927 33.22
1204401205110783 33.22
1204401205170638 33.22
1204401205230492 33.22
1204401205290360 33.22
1204401205350203 33.24
1204401205410059 33.24
1204401205470912 33.22
1204401205530767 33.22
1204401205590621 33.22
1204401205650477 33.22
1204401205710331 33.22
1204401205770186 33.22
1204401205830041 33.22
1204401205890912 33.24
1204401205910856 33.21
1204401205960727 33.22
1204401206020595 33.22
1204401206080437 33.22
1204401206140292 33.22
1204401206200146 33.22
1204401206260001 33.22
1204401206320858 33.22
1204401206380711 33.22
1204401206440566 33.22
1204401206500421 33.22
1204401206560276 33.22
1204401206620131 33.22
1204401206680987 33.22
1204401206740841 33.22
1204401206800696 33.22
1204401206860554 33.24
1204401206920407 33.22
1204401206980259 33.21
1204401207040115 33.22
1204401207100970 33.21
1204401207160824 33.21
1204401207220680 33.22
1204401207280535 33.22
1204401207340391 33.22
1204401207400246 33.22
1204401207460100 33.22
1204401207520956 33.22
1204401207580812 33.22
1204401207640665 33.22
1204401207700518 33.21
1204401207760376 33.22
1204401207820230 33.22
1204401207880085 33.22
1204401207940941 33.22
1204401208000794 33.22
1204401208060651 33.22
1204401208120502 33.21
1204401208180359 33.22
1204401208240215 33.22
1204401208300068 33.21
1204401208360926 33.22
1204401208420778 33.21
1204401208480635 33.22
1204401208540489 33.22
1204401208600344 33.22
1204401208660198 33.22
1204401208720054 33.22
1204401208780909 33.22
1204401208840764 33.22
1204401208900619 33.22
1204401208920690 33.21
1204401208970450 33.22
1204401209030305 33.22
1204401209090160 33.22
1204401209150014 33.22
1204401209210868 33.21
1204401209270723 33.21
1204401209330579 33.22
1204401209390435 33.22
1204401209450290 33.22
1204401209510142 33.21
1204401209580000 33.22
1204401209630855 33.22
1204401209690710 33.22
1204401209750564 33.22
1204401209810420 33.22
1204401209870273 33.22
1204401209930129 33.22
1204401209990985 33.22
1204401300050094 33.22
1204401300110950 33.22
1204401300170803 33.21
1204401300230661 33.22
1204401300290514 33.21
1204401300350371 33.22
1204401300410223 33.21
1204401300470079 33.22
1204401300530936 33.22
1204401300590789 33.21
1204401300650646 33.22
1204401300710497 33.21
1204401300770355 33.22
1204401300830208 33.22
1204401300890061 33.21
1204401300950920 33.22
1204401301010775 33.22
1204401301070627 33.21
1204401301130482 33.21
1204401301190337 33.21
1204401301250194 33.22
1204401301310047 33.21
1204401301370904 33.22
1204401301430757 33.21
1204401301490614 33.22
1204401301550466 33.21
1204401301610324 33.22
1204401301670179 33.22
1204401301730034 33.22
1204401301790888 33.22
1204401301850743 33.22
1204401301910599 33.22
1204401301930641 33.22
1204401301980430 33.22
1204401302040283 33.21
1204401302100136 33.21
1204401302160994 33.22
1204401302220847 33.21
1204401302280715 33.21
1204401302340559 33.22
1204401302400412 33.21
1204401302460269 33.22
1204401302520122 33.21
1204401302580977 33.21
1204401302640834 33.22
1204401302700687 33.21
1204401302760541 33.21
1204401302820399 33.22
1204401302880303 33.22
1204401302940106 33.21
1204401303000961 33.21
1204401303060816 33.21
1204401303120673 33.22
1204401303180525 33.21
1204401303240382 33.22
1204401303300235 33.21
1204401303360092 33.22
1204401303420946 33.21
1204401303480801 33.21
1204401303540655 33.21
1204401303600511 33.21
1204401303660366 33.21
1204401303720219 33.21
1204401303780074 33.21
1204401303840931 33.21
1204401303900786 33.21
1204401303960640 33.21
1204401304020510 33.22
1204401304080349 33.21
1204401304140206 33.22
1204401304200060 33.21
1204401304260914 33.21
1204401304320770 33.21
1204401304380625 33.21
1204401304440480 33.21
1204401304500336 33.21
1204401304560190 33.19
1204401304620045 33.17
1204401304680901 33.17
1204401304740757 33.17
1204401304800610 33.19
1204401304860465 33.17
1204401304920320 33.17
1204401304940282 33.17
1204401304990153 33.17
1204401305050004 33.19
1204401305110862 33.17
1204401305170715 33.19
1204401305230569 33.19
1204401305290426 33.17
1204401305350278 33.19
1204401305410136 33.17
1204401305470992 33.17
1204401305530844 33.19
1204401305590699 33.19
1204401305650557 33.17
1204401305710409 33.19
1204401305770266 33.17
1204401305830119 33.19
1204401305890977 33.17
1204401305950831 33.17
1204401306010686 33.17
1204401306070541 33.17
1204401306130396 33.17
1204401306190251 33.17
1204401306250103 33.19
1204401306310961 33.17
1204401306370816 33.17
1204401306430670 33.17
1204401306490525 33.17
1204401306550380 33.17
1204401306610236 33.17
1204401306670104 33.17
1204401306730947 33.17
1204401306790800 33.17
1204401306850653 33.15
1204401306910510 33.17
1204401306970365 33.17
1204401307030220 33.17
1204401307090075 33.17
1204401307150931 33.17
1204401307210785 33.17
1204401307270806 33.17
1204401307330494 33.17
1204401307390348 33.19
1204401307450203 33.19
1204401307510057 33.19
1204401307570916 33.17
1204401307630767 33.19
1204401307690624 33.17
1204401307750477 33.19
1204401307810332 33.15
1204401307870280 33.17
1204401307930043 33.17
1204401307950005 33.17
1204401308000874 33.21
1204401308060730 33.17
1204401308120585 33.17
1204401308180440 33.17
1204401308240295 33.17
1204401308300148 33.17
1204401308360004 33.17
1204401308420859 33.17
1204401308480715 33.17
1204401308540569 33.17
1204401308600425 33.17
1204401308660280 33.17
1204401308720133 33.17
1204401308780990 33.17
1204401308840844 33.17
1204401308900699 33.17
1204401308960555 33.17
1204401309020421 33.17
1204401309080265 33.17
1204401309140118 33.17
1204401309200973 33.17
1204401309260828 33.17
1204401309320683 33.17
1204401309380539 33.17
1204401309440394 33.17
1204401309500247 33.17
1204401309560102 33.17
1204401309620958 33.17
1204401309680813 33.17
1204401309740667 33.19
1204401309800522 33.17
1204401309860378 33.17
1204401309920232 33.17
1204401309980087 33.17
1204401400040198 33.17
1204401400100052 33.17
1204401400160909 33.17
1204401400220763 33.17
1204401400280619 33.17
1204401400340470 33.15
1204401400400327 33.17
1204401400460183 33.17
1204401400520035 33.15
1204401400580893 33.17
1204401400640746 33.15
1204401400700603 33.17
1204401400760457 33.17
1204401400820313 33.17
1204401400880167 33.17
1204401400940022 33.17
1204401400960981 33.17
1204401401010853 33.17
1204401401070705 33.15
1204401401130561 33.15
1204401401190416 33.15
1204401401250270 33.15
1204401401310127 33.15
1204401401370982 33.15
1204401401430835 33.15
1204401401490691 33.15
1204401401550546 33.15
1204401401610400 33.15
1204401401670256 33.15
1204401401730110 33.15
1204401401790965 33.15
1204401401850822 33.17
1204401401910676 33.17
1204401401970530 33.15
1204401402030387 33.17
1204401402090240 33.15
1204401402150094 33.15
1204401402210950 33.15
1204401402270804 33.15
1204401402330659 33.15
1204401402390514 33.15
1204401402450369 33.15
1204401402510226 33.17
1204401402570093 33.15
1204401402630934 33.15
1204401402690789 33.15
1204401402750644 33.15
1204401402810499 33.13
1204401402870354 33.15
1204401402930209 33.15
1204401402990064 33.15
1204401403050919 33.15
1204401403110775 33.15
1204401403170628 33.15
1204401403230484 33.15
1204401403290338 33.15
1204401403350193 33.15
1204401403410049 33.15
1204401403470904 33.15
1204401403530759 33.15
1204401403590615 33.17
1204401403650468 33.15
1204401403710323 33.15
1204401403770179 33.15
1204401403830033 33.15
1204401403890888 33.15
1204401403950743 33.15
1204401403970703 33.15
1204401404020587 33.15
1204401404080428 33.15
1204401404140283 33.15
1204401404200137 33.15
1204401404260994 33.15
1204401404320850 33.15
1204401404380704 33.15
1204401404440558 33.15
1204401404500414 33.15
1204401404560269 33.15
1204401404620123 33.15
1204401404680978 33.15
1204401404740834 33.15
1204401404800689 33.15
1204401404860680 33.15
1204401404920397 33.15
1204401404980253 33.15
1204401405040108 33.15
1204401405100963 33.15
1204401405160819 33.15
1204401405220673 33.15
1204401405280528 33.15
1204401405340383 33.15
1204401405400238 33.15
1204401405460166 33.15
1204401405520948 33.15
1204401405580804 33.15
1204401405640657 33.15
1204401405700512 33.15
1204401405760367 33.15
1204401405820222 33.15
1204401405880076 33.15
1204401405940933 33.15
1204401406000787 33.15
1204401406060656 33.15
1204401406120497 33.15
1204401406180351 33.15
1204401406240206 33.15
1204401406300062 33.15
1204401406360916 33.15
1204401406420771 33.15
1204401406480626 33.15
1204401406540481 33.15
1204401406600336 33.15
1204401406660204 33.15
1204401406720046 33.15
1204401406780902 33.15
1204401406840757 33.15
1204401406900610 33.15
1204401406960466 33.15
1204401406980425 33.13
1204401407030296 33.15
1204401407090151 33.15
1204401407150006 33.15
1204401407210862 33.15
1204401407270718 33.15
1204401407330571 33.15
1204401407390427 33.15
1204401407450282 33.15
1204401407510135 33.15
1204401407570992 33.15
1204401407630847 33.15
1204401407690701 33.15
1204401407750556 33.15
1204401407810410 33.13
1204401407870266 33.15
1204401407930121 33.15
1204401407990975 33.15
1204401408050830 33.15
1204401408110686 33.15
1204401408170555 33.15
1204401408230395 33.15
1204401408290251 33.15
1204401408350105 33.15
1204401408410962 33.15
1204401408470816 33.15
1204401408530671 33.15
1204401408590526 33.15
1204401408650379 33.15
1204401408710234 33.15
1204401408770090 33.15
1204401408830946 33.15
1204401408890801 33.15
1204401408950654 33.15
1204401409010509 33.15
1204401409070365 33.15
1204401409130218 33.15
1204401409190075 33.15
1204401409250931 33.15
1204401409310785 33.15
1204401409370639 33.15
1204401409430495 33.15
1204401409490349 33.15
1204401409550204 33.15
1204401409610059 33.15
1204401409670915 33.15
1204401409730770 33.13
1204401409790624 33.15
1204401409850480 33.15
1204401409910333 33.15
1204401409970189 33.15
1204401409990153 33.11
1204401500040274 33.15
1204401500100130 33.15
1204401500160984 33.13
1204401500220840 33.15
1204401500280695 33.15
1204401500340551 33.15
1204401500400405 33.15
1204401500460259 33.13
1204401500520115 33.15
1204401500580970 33.11
1204401500640824 33.13
1204401500700679 33.15
1204401500760534 33.15
1204401500820390 33.15
1204401500880244 33.13
1204401500940097 33.13
1204401501000954 33.15
1204401501060810 33.15
1204401501120664 33.15
1204401501180519 33.13
1204401501240374 33.15
1204401501300228 33.15
1204401501360083 33.15
1204401501420943 33.15
1204401501480794 33.15
1204401501540648 33.15
1204401501600503 33.15
1204401501660359 33.15
1204401501720213 33.15
1204401501780068 33.15
1204401501840923 33.15
1204401501900778 33.15
1204401501960634 33.15
1204401502020502 33.15
1204401502080343 33.13
1204401502140198 33.15
1204401502200052 33.15
1204401502260909 33.15
1204401502320763 33.15
1204401502380618 33.13
1204401502440472 33.15
1204401502500327 33.13
1204401502560182 33.13
1204401502620037 33.13
1204401502680893 33.15
1204401502740748 33.15
1204401502800603 33.15
1204401502860458 33.15
1204401502920312 33.15
1204401502980167 33.15
1204401503000127 33.15
1204401503050058 33.15
1204401503110853 33.15
1204401503170708 33.15
1204401503230562 33.15
1204401503290418 33.13
1204401503350273 33.13
1204401503410127 33.15
1204401503470983 33.15
1204401503530837 33.15
1204401503590692 33.15
1204401503650561 33.13
1204401503710402 33.15
1204401503770257 33.13
1204401503830112 33.15
1204401503890969 33.15
1204401503950821 33.15
1204401504010676 33.13
1204401504070532 33.15
1204401504130387 33.15
1204401504190241 33.15
1204401504250111 33.13
1204401504310951 33.13
1204401504370806 33.15
1204401504430662 33.15
1204401504490516 33.15
1204401504550372 33.13
1204401504610225 33.15
1204401504670080 33.13
1204401504730936 33.13
1204401504790791 33.13
1204401504850659 33.15
1204401504910501 33.15
1204401504970356 33.13
1204401505030210 33.13
1204401505090064 33.13
1204401505150920 33.13
1204401505210775 33.13
1204401505270631 33.13
1204401505330485 33.15
1204401505390340 33.15
1204401505450194 33.15
1204401505510049 33.13
1204401505570905 33.13
1204401505630761 33.13
1204401505690616 33.13
1204401505750471 33.13
1204401505810324 33.13
1204401505870180 33.13
1204401505930035 33.13
1204401505990891 33.13
1204401506010855 33.13
1204401506060721 33.13
1204401506120576 33.15
1204401506180430 33.15
1204401506240285 33.13
1204401506300139 33.13
1204401506360995 33.13
1204401506420850 33.15
1204401506480706 33.13
1204401506540561 33.13
1204401506600414 33.13
1204401506660270 33.13
1204401506720125 33.13
1204401506780981 33.13
1204401506840835 33.15
1204401506900691 33.13
1204401506960545 33.13
1204401507020413 33.13
1204401507080255 33.13
1204401507140109 33.15
1204401507200966 33.13
1204401507260819 33.13
1204401507320674 33.13
1204401507380529 33.11
1204401507440384 33.13
1204401507500239 33.15
1204401507560094 33.13
1204401507620954 33.15
1204401507680804 33.13
1204401507740659 33.13
1204401507800514 33.13
1204401507860369 33.13
1204401507920222 33.13
1204401507980078 33.13
1204401508040934 33.13
1204401508100788 33.13
1204401508160642 33.13
1204401508220498 33.13
1204401508280353 33.13
1204401508340208 33.13
1204401508400062 33.13
1204401508460919 33.15
1204401508520785 33.13
1204401508580629 33.13
1204401508640483 33.13
1204401508700338 33.15
1204401508760192 33.13
1204401508820047 33.13
1204401508880903 33.13
1204401508940757 33.13
1204401509000612 33.13
1204401509020687 33.13
1204401509070443 33.11
1204401509130299 33.13
1204401509190153 33.13
1204401509250007 33.13
1204401509310864 33.13
1204401509370719 33.13
1204401509430572 33.13
1204401509490427 33.13
1204401509550283 33.13
1204401509610138 33.13
1204401509670993 33.13
1204401509730848 33.13
1204401509790702 33.13
1204401509850557 33.13
1204401509910413 33.13
1204401509970266 33.11
1204401600030378 33.11
1204401600090232 33.13
1204401600150088 33.13
1204401600210942 33.13
1204401600270797 33.13
1204401600330652 33.13
1204401600390508 33.13
1204401600450362 33.13
1204401600510216 33.13
1204401600570071 33.13
1204401600630927 33.13
1204401600690782 33.13
1204401600750638 33.13
1204401600810492 33.11
1204401600870347 33.13
1204401600930202 33.13
1204401600990057 33.13
1204401601050912 33.13
1204401601110768 33.11
1204401601170621 33.11
1204401601230476 33.11
1204401601290331 33.11
1204401601350186 33.13
1204401601410040 33.11
1204401601470897 33.11
1204401601530752 33.11
1204401601590606 33.11
1204401601650461 33.13
1204401601710315 33.11
1204401601770170 33.13
1204401601830026 33.13
1204401601890882 33.13
1204401601950736 33.13
1204401602010591 33.13
1204401602030645 33.13
1204401602080421 33.13
1204401602140276 33.13
1204401602200130 33.13
1204401602260986 33.13
1204401602320841 33.11
1204401602380696 33.13
1204401602440552 33.13
1204401602500406 33.11
1204401602560261 33.13
1204401602620116 33.13
1204401602680972 33.13
1204401602740825 33.13
1204401602800682 33.13
1204401602860537 33.13
1204401602920390 33.13
1204401602980245 33.13
1204401603040104 33.13
1204401603100957 33.13
1204401603160811 33.13
1204401603220666 33.13
1204401603280521 33.13
1204401603340375 33.13
1204401603400230 33.13
1204401603460085 33.11
1204401603520940 33.15
1204401603580795 33.11
1204401603640650 33.13
1204401603700506 33.13
1204401603760360 33.13
1204401603820215 33.11
1204401603880068 33.11
1204401603940925 33.13
1204401604000779 33.13
1204401604060634 33.13
1204401604120489 33.13
1204401604180344 33.13
1204401604240199 33.13
1204401604300054 33.13
1204401604360911 33.13
1204401604420765 33.11
1204401604480618 33.11
1204401604540474 33.13
1204401604600328 33.13
1204401604660184 33.11
1204401604720038 33.11
1204401604780894 33.11
1204401604840749 33.13
1204401604900604 33.13
1204401604960459 33.13
1204401605020347 33.13
1204401605040460 33.13
1204401605090144 33.13
1204401605150000 33.13
1204401605210854 33.11
1204401605270709 33.11
1204401605330564 33.13
1204401605390419 33.13
1204401605450274 33.13
1204401605510128 33.13
1204401605570984 33.13
1204401605630839 33.13
1204401605690694 33.11
1204401605750549 33.11
1204401605810403 33.11
1204401605870259 33.11
1204401605930114 33.11
1204401605990970 33.11
1204401606050823 33.11
1204401606110678 33.13
1204401606170535 33.11
1204401606230388 33.11
1204401606290243 33.13
1204401606350097 33.13
1204401606410954 33.13
1204401606470808 33.15
1204401606530664 33.15
1204401606590519 33.13
1204401606650372 33.13
1204401606710228 33.13
1204401606770083 33.13
1204401606830939 33.13
1204401606890792 33.13
1204401606950647 33.13
1204401607010503 33.11
1204401607070356 33.13
1204401607130211 33.11
1204401607190066 33.13
1204401607250923 33.13
1204401607310777 33.13
1204401607370632 33.13
1204401607430487 33.13
1204401607490342 33.13
1204401607550198 33.13
1204401607610052 33.13
1204401607670908 33.13
1204401607730763 33.13
1204401607790616 33.13
1204401607850471 33.13
1204401607910326 33.13
1204401607970180 33.13
1204401608030124 33.13
1204401608050004 33.13
1204401608100868 33.13
1204401608160721 33.13
1204401608220577 33.13
1204401608280431 33.13
1204401608340286 33.13
1204401608400141 33.13
1204401608460998 33.13
1204401608520854 33.13
1204401608580708 33.13
1204401608640561 33.13
1204401608700417 33.13
1204401608760271 33.13
1204401608820126 33.13
1204401608880982 33.13
1204401608940836 33.13
1204401609000691 33.13
1204401609060546 33.13
1204401609120401 33.13
1204401609180256 33.13
1204401609240111 33.11
1204401609300967 33.13
1204401609360820 33.13
1204401609420676 33.13
1204401609480531 33.13
1204401609540387 33.13
1204401609600240 33.13
1204401609660095 33.13
1204401609720951 33.15
1204401609780805 33.13
1204401609840661 33.15
1204401609900516 33.15
1204401609960371 33.15
1204401700020489 33.15
1204401700080337 33.13
1204401700140190 33.13
1204401700200046 33.13
1204401700260902 33.13
1204401700320756 33.13
1204401700380609 33.13
1204401700440465 33.13
1204401700500320 33.13
1204401700560175 33.13
1204401700620030 33.13
1204401700680886 33.15
1204401700740740 33.13
1204401700800595 33.13
1204401700860450 33.13
1204401700920305 33.13
1204401700980158 33.13
1204401701040015 33.15
1204401701060978 33.13
1204401701110845 33.13
1204401701170700 33.13
1204401701230556 33.13
1204401701290409 33.13
1204401701350265 33.13
1204401701410120 33.13
1204401701470976 33.13
1204401701530831 33.13
1204401701590685 33.13
1204401701650540 33.13
1204401701710394 33.13
1204401701770250 33.13
1204401701830103 33.15
1204401701890961 33.13
1204401701950814 33.13
1204401702010668 33.13
1204401702070524 33.13
1204401702130379 33.11
1204401702190233 33.13
1204401702250089 33.13
1204401702310945 33.13
1204401702370800 33.13
1204401702430668 33.11
1204401702490510 33.13
1204401702550363 33.13
1204401702610218 33.13
1204401702670073 33.13
1204401702730930 33.13
1204401702790784 33.13
1204401702850639 33.13
1204401702910494 33.13
1204401702970349 33.13
1204401703030295 33.13
1204401703090057 33.13
1204401703150914 33.13
1204401703210768 33.13
1204401703270624 33.13
1204401703330478 33.13
1204401703390332 33.13
1204401703450188 33.13
1204401703510042 33.13
1204401703570898 33.13
1204401703630767 33.11
1204401703690608 33.13
1204401703750462 33.13
1204401703810317 33.13
1204401703870172 33.13
1204401703930027 33.13
1204401703990884 33.13
1204401704050738 33.11
1204401704070696 33.13
1204401704120568 33.13
1204401704180423 33.13
1204401704240279 33.13
1204401704300132 33.11
1204401704360987 33.13
1204401704420844 33.13
1204401704480697 33.13
1204401704540553 33.11
1204401704600408 33.11
1204401704660263 33.13
1204401704720130 33.13
1204401704780973 33.11
1204401704840827 33.13
1204401704900682 33.11
1204401704960537 33.13
1204401705020408 33.13
1204401705080248 33.13
1204401705140101 33.13
1204401705200957 33.13
1204401705260812 33.13
1204401705320668 33.13
1204401705380523 33.15
1204401705440376 33.13
1204401705500230 33.13
1204401705560086 33.13
1204401705620956 33.13
1204401705680798 33.13
1204401705740651 33.13
1204401705800506 33.13
1204401705860361 33.13
1204401705920215 33.13
1204401705980070 33.13
1204401706040927 33.13
1204401706100782 33.13
1204401706160636 33.13
1204401706220504 33.13
1204401706280345 33.13
1204401706340201 33.13
1204401706400056 33.13
1204401706460911 33.13
1204401706520774 33.13
1204401706580621 33.13
1204401706640477 33.13
1204401706700331 33.13
1204401706760186 33.13
1204401706820054 33.13
1204401706880897 33.13
1204401706940750 33.13
1204401707000605 33.13
1204401707060460 33.13
1204401707080418 33.13
1204401707130290 33.13
1204401707190145 33.13
1204401707250001 33.13
1204401707310856 33.13
1204401707370711 33.13
1204401707430565 33.13
1204401707490420 33.13
1204401707550275 33.13
1204401707610131 33.13
1204401707670986 33.13
1204401707730841 33.13
1204401707790696 33.13
1204401707850550 33.13
1204401707910406 33.13
1204401707970259 33.13
1204401708030115 33.13
1204401708090971 33.13
1204401708150826 33.11
1204401708210680 33.13
1204401708270535 33.13
1204401708330390 33.13
1204401708390245 33.13
1204401708450099 33.13
1204401708510955 33.13
1204401708570810 33.13
1204401708630664 33.13
1204401708690519 33.13
1204401708750374 33.13
1204401708810229 33.13
1204401708870085 33.13
1204401708930940 33.13
1204401708990795 33.13
1204401709050650 33.13
1204401709110504 33.13
1204401709170359 33.13
1204401709230214 33.13
1204401709290068 33.13
1204401709350924 33.13
1204401709410780 33.13
1204401709470634 33.13
1204401709530489 33.13
1204401709590343 33.13
1204401709650198 33.13
1204401709710053 33.13
1204401709770909 33.13
1204401709830764 33.13
1204401709890619 33.13
1204401709950472 33.15
1204401800010585 33.13
1204401800070439 33.13
1204401800090401 33.13
1204401800140269 33.13
1204401800200124 33.15
1204401800260981 33.13
1204401800320848 33.13
1204401800380689 33.13
1204401800440545 33.13
1204401800500400 33.13
1204401800560255 33.13
1204401800620109 33.13
1204401800680966 33.13
1204401800740819 33.13
1204401800800674 33.13
1204401800860530 33.13
1204401800920393 33.13
1204401800980239 33.13
1204401801040094 33.13
1204401801100950 33.13
1204401801160803 33.13
1204401801220673 33.13
1204401801280515 33.15
1204401801340369 33.13
1204401801400224 33.13
1204401801460078 33.13
1204401801520933 33.13
1204401801580789 33.13
1204401801640643 33.13
1204401801700499 33.13
1204401801760352 33.13
1204401801820222 33.15
1204401801880063 33.13
1204401801940920 33.15
1204401802000773 33.21
1204401802060632 33.24
1204401802120500 33.26
1204401802180342 33.26
1204401802240195 33.28
1204401802300050 33.26
1204401802360907 33.26
1204401802420762 33.26
1204401802480614 33.22
1204401802540471 33.24
1204401802600326 33.24
1204401802660179 33.22
1204401802720046 33.21
1204401802780888 33.21
1204401802840742 33.21
1204401802900597 33.21
1204401802960453 33.21
1204401803020356 33.21
1204401803080161 33.21
1204401803100129 33.21
1204401803150994 33.21
1204401803210861 33.21
1204401803270705 33.22
1204401803330558 33.21
1204401803390413 33.21
1204401803450267 33.21
1204401803510123 33.21
1204401803570979 33.21
1204401803630833 33.21
1204401803690687 33.21
1204401803750542 33.21
1204401803810411 33.21
1204401803870253 33.21
1204401803930106 33.21
1204401803990962 33.21
1204401804050817 33.21
1204401804110673 33.21
1204401804170528 33.21
1204401804230381 33.21
1204401804290236 33.21
1204401804350092 33.21
1204401804410962 33.21
1204401804470801 33.21
1204401804530657 33.21
1204401804590512 33.21
1204401804650365 33.21
1204401804710221 33.21
1204401804770076 33.21
1204401804830932 33.21
1204401804890786 33.21
1204401804950641 33.21
1204401805010509 33.21
1204401805070352 33.22
1204401805130205 33.21
1204401805190060 33.21
1204401805250916 33.21
1204401805310772 33.21
1204401805370626 33.21
1204401805430481 33.21
1204401805490337 33.22
1204401805550191 33.21
1204401805610044 33.21
1204401805670900 33.21
1204401805730756 33.21
1204401805790610 33.21
1204401805850465 33.21
1204401805910320 33.21
1204401805970175 33.21
1204401806030029 33.21
1204401806090885 33.21
1204401806110849 33.21
1204401806160716 33.21
1204401806220583 33.21
1204401806280425 33.21
1204401806340280 33.21
1204401806400135 33.21
1204401806460990 33.21
1204401806520860 33.21
1204401806580701 33.21
1204401806640555 33.21
1204401806700409 33.21
1204401806760266 33.21
1204401806820119 33.21
1204401806880975 33.21
1204401806940831 33.21
1204401807000685 33.21
1204401807060539 33.21
1204401807120395 33.21
1204401807180250 33.21
1204401807240104 33.19
1204401807300959 33.21
1204401807360816 33.21
1204401807420682 33.21
1204401807480525 33.21
1204401807540381 33.21
1204401807600234 33.21
1204401807660088 33.21
1204401807720949 33.21
1204401807780799 33.21
1204401807840654 33.21
1204401807900509 33.21
1204401807960364 33.21
1204401808020279 33.21
1204401808080073 33.21
1204401808140929 33.21
1204401808200783 33.21
1204401808260639 33.21
1204401808320507 33.21
1204401808380349 33.21
1204401808440203 33.21
1204401808500058 33.21
1204401808560914 33.21
1204401808620778 33.21
1204401808680623 33.21
1204401808740478 33.21
1204401808800464 33.21
1204401808860188 33.21
1204401808920057 33.21
1204401808980899 33.21
1204401809040753 33.21
1204401809100608 33.21
1204401809120688 33.21
1204401809170439 33.21
1204401809230293 33.21
1204401809290149 33.21
1204401809350002 33.21
1204401809410858 33.21
1204401809470713 33.21
1204401809530569 33.21
1204401809590424 33.21
1204401809650277 33.21
1204401809710132 33.21
1204401809770988 33.21
1204401809830843 33.21
1204401809890698 33.21
1204401809950554 33.21
1204401900010664 33.21
1204401900070517 33.21
1204401900130373 33.21
1204401900190227 33.21
1204401900250083 33.21
1204401900310939 33.21
1204401900370794 33.21
1204401900430647 33.21
1204401900490502 33.21
1204401900550357 33.21
1204401900610212 33.21
1204401900670067 33.21
1204401900730924 33.21
1204401900790777 33.21
1204401900850632 33.21
1204401900910487 33.21
1204401900970343 33.21
1204401901030196 33.21
1204401901090051 33.21
1204401901150908 33.21
1204401901210764 33.22
1204401901270616 33.21
1204401901330473 33.22
1204401901390327 33.21
1204401901450182 33.21
1204401901510035 33.21
1204401901570892 33.21
1204401901630746 33.21
1204401901690601 33.21
1204401901750456 33.21
1204401901810311 33.21
1204401901870166 33.21
1204401901930022 33.21
1204401901990876 33.21
1204401902050732 33.21
1204401902110587 33.21
1204401902130637 33.21
1204401902180416 33.21
1204401902240273 33.22
1204401902300127 33.22
1204401902360983 33.22
1204401902420849 33.21
1204401902480694 33.22
1204401902540547 33.21
1204401902600416 33.22
1204401902660259 33.22
1204401902720124 33.21
1204401902780966 33.21
1204401902840823 33.22
1204401902900679 33.22
1204401902960532 33.21
1204401903020440 33.21
1204401903080241 33.21
1204401903140095 33.21
1204401903200953 33.22
1204401903260806 33.21
1204401903320676 33.22
1204401903380515 33.21
1204401903440370 33.21
1204401903500225 33.21
1204401903560080 33.21
1204401903620950 33.21