1204402400090865 33.41
1204402400150718 33.41
1204402400210573 33.43
1204402400270429 33.41
1204402400290389 33.41
1204402400340259 33.41
1204402400400114 33.41
1204402400460970 33.41
1204402400520837 33.39
1204402400580683 33.34
1204402400640538 33.28
1204402400700393 33.24
1204402400760246 33.22
1204402400820113 33.21
1204402400880959 33.21
1204402400940809 33.21
1204402401000664 33.21
1204402401060519 33.19
1204402401120384 33.21
1204402401180228 33.19
1204402401240083 33.19
1204402401300939 33.19
1204402401360796 33.17
1204402401420663 33.09
1204402401480505 33.04
1204402401540356 32.93
1204402401600212 32.83
1204402401660069 32.78
1204402401720999 32.76
1204402401780778 32.74
1204402401840635 32.72
1204402401900490 32.72
1204402401960343 32.7
1204402402020200 32.72
1204402402080053 32.7
1204402402140910 32.72
1204402402200764 32.72
1204402402260620 32.72
1204402402320486 32.7
1204402402380337 32.72
1204402402440185 32.63
1204402402500034 32.57
1204402402560894 32.52
1204402402620781 32.48
1204402402680605 32.48
1204402402740460 32.44
1204402402800311 32.39
1204402402860164 32.37
1204402402920033 32.37
1204402402980875 32.37
1204402403040731 32.37
1204402403100586 32.35
1204402403160439 32.35
1204402403220308 32.35
1204402403280150 32.33
1204402403300117 32.33
1204402403350985 32.31
1204402403410836 32.29
1204402403470695 32.24
1204402403530550 32.2
1204402403590401 32.15
1204402403650257 32.03
1204402403710114 31.98
1204402403770970 31.92
1204402403830821 31.9
1204402403890675 31.89
1204402403950532 31.87
1204402404010387 31.87
1204402404070241 31.89
1204402404130100 31.96
1204402404190954 32.02
1204402404250813 32
1204402404310668 32
1204402404370523 32
1204402404430373 31.98
1204402404490231 32
1204402404550083 31.98
1204402404610939 31.92
1204402404670793 31.87
1204402404730644 31.79
1204402404790501 31.74
1204402404850360 31.66
1204402404910209 31.61
1204402404970064 31.55
1204402405030928 31.51
1204402405090781 31.44
1204402405150633 31.35
1204402405210484 31.31
1204402405270339 31.31
1204402405330194 31.29
1204402405390048 31.29
1204402405450904 31.27
1204402405510759 31.27
1204402405570614 31.27
1204402405630469 31.29
1204402405690323 31.27
1204402405750178 31.27
1204402405810037 31.35
1204402405870893 31.4
1204402405930746 31.46
1204402405990598 31.51
1204402406050453 31.55
1204402406110308 31.57
1204402406170163 31.59
1204402406230017 31.59
1204402406290873 31.59
1204402406310840 31.59
1204402406360704 31.59
1204402406420612 31.59
1204402406480413 31.59
1204402406540268 31.57
1204402406600125 31.46
1204402406660984 31.35
1204402406720847 31.25
1204402406780688 31.23
1204402406840544 31.23
1204402406900398 31.23
1204402406960254 31.23
1204402407020224 31.23
1204402407080963 31.23
1204402407140818 31.23
1204402407200673 31.23
1204402407260528 31.23
1204402407320407 31.22
1204402407380250 31.23
1204402407440092 31.23
1204402407500948 31.23
1204402407560803 31.23
1204402407620670 31.23
1204402407680512 31.23
1204402407740367 31.25
1204402407800222 31.23
1204402407860077 31.23
1204402407920945 31.23
1204402407980787 31.23
1204402408040642 31.23
1204402408100497 31.23
1204402408160351 31.23
1204402408220375 31.23
1204402408280062 31.23
1204402408340916 31.23
1204402408400772 31.23
1204402408460628 31.22
1204402408520497 31.22
1204402408580336 31.23
1204402408640194 31.22
1204402408700047 31.22
1204402408760903 31.22
1204402408820772 31.22
1204402408880624 31.23
1204402408940468 31.22
1204402409000323 31.22
1204402409060177 31.22
1204402409120053 31.22
1204402409180888 31.22
1204402409240747 31.2
1204402409300602 31.2
1204402409320695 31.2
1204402409370432 31.2
1204402409430284 31.22
1204402409490264 31.22
1204402409550993 31.22
1204402409610008 31.18
1204402409670703 31.14
1204402409730560 31.12
1204402409790412 31.1
1204402409850266 31.09
1204402409910135 31.09
1204402409970979 31.07
1204402500030094 31.09
1204402500090941 31.09
1204402500150797 31.09
1204402500210651 31.09
1204402500270507 31.09
1204402500330362 31.07
1204402500390217 31.07
1204402500450232 31.07
1204402500510940 31.07
1204402500570783 31.07
1204402500630637 31.09
1204402500690493 31.07
1204402500750347 31.07
1204402500810199 31.09
1204402500870056 31.09
1204402500930911 31.07
1204402500990764 31.09
1204402501050622 31.07
1204402501110478 31.07
1204402501170330 31.09
1204402501230186 31.07
1204402501290041 31.07
1204402501350896 31.09
1204402501410752 31.07
1204402501470605 31.09
1204402501530468 31.07
1204402501590313 31.05
1204402501650172 31.07
1204402501710025 31.07
1204402501770881 31.07
1204402501830736 31.07
1204402501890591 31.07
1204402501950457 31.09
1204402502010301 31.07
1204402502070153 31.09
1204402502130011 31.07
1204402502190021 31.09
1204402502250720 31.1
1204402502310577 31.1
1204402502330637 31.1
1204402502380418 31.09
1204402502440259 31.09
1204402502500114 31.09
1204402502560970 31.09
1204402502620891 31.07
1204402502680680 31.09
1204402502740534 31.09
1204402502800390 31.09
1204402502860257 31.09
1204402502920117 31.07
1204402502980954 31.09
1204402503040809 31.09
1204402503100823 31.09
1204402503160518 31.09
1204402503220383 31.09
1204402503280228 31.09
1204402503340083 31.09
1204402503400941 31.1
1204402503460793 31.09
1204402503520698 31.09
1204402503580504 31.09
1204402503640358 31.09
1204402503700212 31.09
1204402503760068 31.09
1204402503820948 31.1
1204402503880779 31.1
1204402503940635 31.1
1204402504000489 31.1
1204402504060344 31.1
1204402504120215 31.12
1204402504180056 31.12
1204402504240910 31.14
1204402504300764 31.14
1204402504360621 31.14
1204402504420506 31.14
1204402504480329 31.14
1204402504540184 31.14
1204402504600038 31.14
1204402504660068 31.14
1204402504720763 31.14
1204402504780604 31.14
1204402504840459 31.14
1204402504900443 31.14
1204402504960168 31.14
1204402505020025 31.12
1204402505080892 31.14
1204402505140734 31.14
1204402505200589 31.14
1204402505260443 31.14
1204402505320321 31.14
1204402505340267 31.14
1204402505390130 31.14
1204402505450986 31.16
1204402505510840 31.14
1204402505570695 31.14
1204402505630550 31.14
1204402505690405 31.12
1204402505750259 31.14
1204402505810113 31.14
1204402505870968 31.1
1204402505930824 31.14
1204402505990678 31.14
1204402506050533 31.14
1204402506110389 31.14
1204402506170243 31.14
1204402506230099 31.14
1204402506290114 31.14
1204402506350809 31.14
1204402506410664 31.14
1204402506470519 31.12
1204402506530372 31.14
1204402506590230 31.12
1204402506650084 31.12
1204402506710939 31.14
1204402506770795 31.12
1204402506830648 31.14
1204402506890502 31.14
1204402506950360 31.12
1204402507010211 31.14
1204402507070068 31.14
1204402507130923 31.14
1204402507190777 31.14
1204402507250634 31.16
1204402507310488 31.14
1204402507370342 31.14
1204402507430198 31.14
1204402507490051 31.14
1204402507550907 31.14
1204402507610763 31.14
1204402507670618 31.14
1204402507730471 31.14
1204402507790327 31.14
1204402507850184 31.12
1204402507910036 31.14
1204402507970893 31.14
1204402508030754 31.14
1204402508090604 31.12
1204402508150456 31.14
1204402508210312 31.14
1204402508270168 31.12
1204402508330021 31.14
1204402508350987 31.14
1204402508400852 31.14
1204402508460708 31.14
1204402508520607 31.14
1204402508580417 31.14
1204402508640271 31.14
1204402508700136 31.14
1204402508760982 31.14
1204402508820869 31.14
1204402508880695 31.14
1204402508940548 31.14
1204402509000401 31.14
1204402509060257 31.14
1204402509120145 31.14
1204402509180966 31.14
1204402509240822 31.14
1204402509300676 31.14
1204402509360530 31.14
1204402509420394 31.14
1204402509480241 31.14
1204402509540095 31.14
1204402509600951 31.14
1204402509660872 31.14
1204402509720728 31.14
1204402509780517 31.12
1204402509840371 31.14
1204402509900228 31.16
1204402509960081 31.14
1204402600020192 31.14
1204402600080046 31.14
1204402600140900 31.14
1204402600200756 31.14
1204402600260610 31.14
1204402600320484 31.14
1204402600380326 31.14
1204402600440175 31.14
1204402600500031 31.14
1204402600560886 31.14
1204402600620818 31.14
1204402600680759 31.14
1204402600740449 31.14
1204402600800304 31.14
1204402600860159 31.14
1204402600920044 31.14
1204402600980871 31.14
1204402601040724 31.14
1204402601100580 31.14
1204402601160434 31.14
1204402601220301 31.16
1204402601280144 31.14
1204402601340000 31.14
1204402601360970 31.14
1204402601410845 31.14
1204402601470686 31.14
1204402601530541 31.14
1204402601590408 31.14
1204402601650249 31.14
1204402601710105 31.1
1204402601770961 31.14
1204402601830816 31.14
1204402601890741 31.14
1204402601950525 31.14
1204402602010380 31.14
1204402602070234 31.14
1204402602130089 31.14
1204402602190945 31.14
1204402602250800 31.14
1204402602310655 31.14
1204402602370509 31.14
1204402602430364 31.14
1204402602490235 31.12
1204402602550074 31.14
1204402602610930 31.14
1204402602670785 31.14
1204402602730661 31.14
1204402602790496 31.12
1204402602850350 31.14
1204402602910203 31.14
1204402602970061 31.12
1204402603030926 31.14
1204402603090782 31.14
1204402603150623 31.14
1204402603210481 31.16
1204402603270332 31.14
1204402603330189 31.14
1204402603390044 31.14
1204402603450898 31.14
1204402603510754 31.14
1204402603570607 31.14
1204402603630462 31.14
1204402603690332 31.14
1204402603750173 31.14
1204402603810191 31.14
1204402603870884 31.14
1204402603930737 31.14
1204402603990594 31.14
1204402604050449 31.14
1204402604110302 31.14
1204402604170157 31.14
1204402604230012 31.14
1204402604290869 31.14
1204402604350721 31.14
1204402604370687 31.14
1204402604420600 31.12
1204402604480407 31.14
1204402604540263 31.14
1204402604600118 31.14
1204402604660975 31.12
1204402604720873 31.14
1204402604780683 31.14
1204402604840538 31.14
1204402604900394 31.12
1204402604960247 31.14
1204402605020103 31.14
1204402605080959 31.14
1204402605140812 31.14
1204402605200667 31.14
1204402605260522 31.14
1204402605320413 31.14
1204402605380246 31.14
1204402605440086 31.14
1204402605500943 31.14
1204402605560797 31.14
1204402605620689 31.14
1204402605680509 31.12
1204402605740362 31.14
1204402605800217 31.14
1204402605860071 31.14
1204402605920942 31.14
1204402605980782 31.14
1204402606040636 31.14
1204402606100655 31.14
1204402606160346 31.14
1204402606220248 31.14
1204402606280055 31.14
1204402606340911 31.14
1204402606400769 31.12
1204402606460621 31.14
1204402606520496 31.14
1204402606580331 31.14
1204402606640186 31.14
1204402606700042 31.12
1204402606760895 31.14
1204402606820847 31.14
1204402606880619 31.14
1204402606940461 31.14
1204402607000475 31.14
1204402607060169 31.14
1204402607120059 31.14
1204402607180881 31.14
1204402607240735 31.14
1204402607300590 31.14
1204402607360445 31.14
1204402607380573 31.14
1204402607430276 31.14
1204402607490131 31.14
1204402607550987 31.14
1204402607610840 31.14
1204402607670696 31.14
1204402607730552 31.14
1204402607790406 31.14
1204402607850259 31.14
1204402607910114 31.14
1204402607970970 31.14
1204402608030836 31.14
1204402608090683 31.12
1204402608150535 31.14
1204402608210390 31.14
1204402608270245 31.14
1204402608330099 31.14
1204402608390954 31.14
1204402608450809 31.14
1204402608510665 31.14
1204402608570519 31.14
1204402608630375 31.14
1204402608690229 31.14
1204402608750085 31.14
1204402608810940 31.14
1204402608870795 31.14
1204402608930649 31.14
1204402608990505 31.14
1204402609050358 31.14
1204402609110214 31.14
1204402609170070 31.14
1204402609230925 31.14
1204402609290780 31.12
1204402609350634 31.14
1204402609410489 31.14
1204402609470344 31.14
1204402609530198 31.14
1204402609590052 31.14
1204402609650910 31.14
1204402609710764 31.14
1204402609770619 31.14
1204402609830474 31.14
1204402609890329 31.14
1204402609950182 31.14
1204402700010294 31.14
1204402700070148 31.14
1204402700130003 31.14
1204402700190859 31.14
1204402700250714 31.14
1204402700310569 31.12
1204402700370426 31.12
1204402700390392 31.12
1204402700440256 31.12
1204402700500110 31.12
1204402700560967 31.12
1204402700620871 31.12
1204402700680680 31.14
1204402700740530 31.12
1204402700800383 31.14
1204402700860240 31.12
1204402700920147 31.12
1204402700980950 31.12
1204402701040806 31.12
1204402701100657 31.1
1204402701160516 31.12
1204402701220393 31.12
1204402701280225 31.12
1204402701340079 31.12
1204402701400935 31.12
1204402701460790 31.12
1204402701520696 31.12
1204402701580501 31.12
1204402701640355 31.12
1204402701700210 31.12
1204402701760065 31.12
1204402701820947 31.12
1204402701880810 31.12
1204402701940629 31.12
1204402702000486 31.12
1204402702060340 31.12
1204402702120242 31.12
1204402702180049 31.12
1204402702240904 31.12
1204402702300759 31.12
1204402702360614 31.12
1204402702420525 31.12
1204402702480324 31.12
1204402702540178 31.12
1204402702600034 31.12
1204402702660890 31.12
1204402702720769 31.12
1204402702780598 31.12
1204402702840452 31.14
1204402702900308 31.12
1204402702960164 31.12
1204402703020016 31.14
1204402703080872 31.14
1204402703140729 31.12
1204402703200583 31.12
1204402703260438 31.12
1204402703320340 31.12
1204402703380147 31.12
1204402703400117 31.12
1204402703450979 31.12
1204402703510833 31.12
1204402703570687 31.14
1204402703630544 31.12
1204402703690399 31.12
1204402703750253 31.12
1204402703810108 31.12
1204402703870964 31.12
1204402703930832 31.12
1204402703990674 31.12
1204402704050529 31.12
1204402704110382 31.12
1204402704170238 31.12
1204402704230094 31.12
1204402704290949 31.12
1204402704350803 31.12
1204402704410658 31.12
1204402704470667 31.12
1204402704530367 31.12
1204402704590221 31.12
1204402704650076 31.12
1204402704710934 31.12
1204402704770784 31.09
1204402704830651 31.12
1204402704890497 31.12
1204402704950353 31.12
1204402705010205 31.14
1204402705070061 31.12
1204402705130917 31.12
1204402705190773 31.12
1204402705250626 31.12
1204402705310482 31.12
1204402705370337 31.12
1204402705430192 31.12
1204402705490047 31.12
1204402705550902 31.12
1204402705610756 31.12
1204402705670625 31.12
1204402705730466 31.12
1204402705790320 31.14
1204402705850175 31.12
1204402705910030 31.12
1204402705970887 31.12
1204402706030750 31.14
1204402706090596 31.12
1204402706150448 31.14
1204402706210305 31.12
1204402706270174 31.12
1204402706330016 31.12
1204402706390872 31.12
1204402706410837 31.12
1204402706460702 31.12
1204402706520590 31.12
1204402706580412 31.12
1204402706640265 31.14
1204402706700121 31.12
1204402706760976 31.12
1204402706820907 31.12
1204402706880684 31.14
1204402706940541 31.12
1204402707000396 31.12
1204402707060249 31.14
1204402707120144 31.14
1204402707180961 31.12
1204402707240816 31.12
1204402707300672 31.12
1204402707360526 31.12
1204402707420414 31.12
1204402707480236 31.12
1204402707540090 31.12
1204402707600945 31.12
1204402707660800 31.12
1204402707720720 31.12
1204402707780525 31.12
1204402707840363 31.14
1204402707900220 31.12
1204402707960075 31.12
1204402708020172 31.12
1204402708080783 31.14
1204402708140641 31.12
1204402708200495 31.12
1204402708260348 31.14
1204402708320245 31.12
1204402708380069 31.12
1204402708440915 31.12
1204402708500770 31.12
1204402708560623 31.1
1204402708620540 31.14
1204402708680334 31.12
1204402708740186 31.14
1204402708800043 31.14
1204402708860900 31.12
1204402708920800 31.12
1204402708980610 31.12
1204402709040463 31.14
1204402709100318 31.12
1204402709160173 31.12
1204402709220063 31.12
1204402709280885 31.12
1204402709340739 31.12
1204402709400767 31.14
1204402709420674 31.12
1204402709470425 31.12
1204402709530284 31.14
1204402709590134 31.12
1204402709650988 31.14
1204402709710845 31.12
1204402709770698 31.12
1204402709830554 31.12
1204402709890409 31.12
1204402709950263 31.12
1204402800010375 31.12
1204402800070228 31.14
1204402800130085 31.12
1204402800190941 31.12
1204402800250795 31.12
1204402800310651 31.12
1204402800370505 31.12
1204402800430361 31.12
1204402800490215 31.12
1204402800550069 31.12
1204402800610924 31.12
1204402800670777 31.14
1204402800730633 31.14
1204402800790489 31.12
1204402800850345 31.12
1204402800910200 31.12
1204402800970055 31.12
1204402801030922 31.14
1204402801090764 31.12
1204402801150620 31.12
1204402801210474 31.12
1204402801270329 31.12
1204402801330197 31.12
1204402801390039 31.12
1204402801450893 31.12
1204402801510750 31.12
1204402801570604 31.12
1204402801630463 31.12
1204402801690311 31.14
1204402801750168 31.12
1204402801810020 31.14
1204402801870879 31.12
1204402801930766 31.12
1204402801990588 31.12
1204402802050444 31.12
1204402802110298 31.12
1204402802170152 31.12
1204402802230007 31.12
1204402802290864 31.12
1204402802350718 31.12
1204402802410572 31.14
1204402802430677 31.12
1204402802480403 31.12
1204402802540258 31.12
1204402802600113 31.12
1204402802660982 31.12
1204402802720861 31.12
1204402802780679 31.12
1204402802840533 31.12
1204402802900388 31.12
1204402802960242 31.12
1204402803020097 31.12
1204402803080953 31.12
1204402803140808 31.12
1204402803200663 31.12
1204402803260528 31.14
1204402803320431 31.12
1204402803380241 31.12
1204402803440082 31.12
1204402803500939 31.12
1204402803560790 31.14
1204402803620707 31.14
1204402803680501 31.14
1204402803740357 31.12
1204402803800212 31.12
1204402803860066 31.12
1204402803920993 31.12
1204402803980778 31.12
1204402804040630 31.14
1204402804100486 31.12
1204402804160342 31.12
1204402804220260 31.12
1204402804280050 31.12
1204402804340908 31.12
1204402804400759 31.14
1204402804460616 31.12
1204402804520516 31.12
1204402804580326 31.12
1204402804640180 31.12
1204402804700035 31.12
1204402804760891 31.12
1204402804820820 31.12
1204402804880615 31.12
1204402804940456 31.12
1204402805000310 31.12
1204402805060166 31.12
1204402805120082 31.12
1204402805180876 31.12
1204402805240731 31.12
1204402805300584 31.14
1204402805360440 31.12
1204402805420349 31.12
1204402805440262 31.12
1204402805490125 31.12
1204402805550981 31.12
1204402805610835 31.14
1204402805670692 31.12
1204402805730590 31.12
1204402805790401 31.12
1204402805850256 31.12
1204402805910112 31.12
1204402805970967 31.12
1204402806030833 31.12
1204402806090676 31.12
1204402806150531 31.12
1204402806210386 31.12
1204402806270241 31.12
1204402806330096 31.12
1204402806390951 31.12
1204402806450805 31.12
1204402806510662 31.12
1204402806570515 31.12
1204402806630382 31.12
1204402806690225 31.12
1204402806750080 31.12
1204402806810935 31.12
1204402806870790 31.12
1204402806930645 31.12
1204402806990501 31.12
1204402807050355 31.12
1204402807110209 31.12
1204402807170063 31.14
1204402807230972 31.12
1204402807290775 31.12
1204402807350629 31.12
1204402807410485 31.12
1204402807470338 31.12
1204402807530199 31.12
1204402807590049 31.12
1204402807650086 31.12
1204402807710759 31.12
1204402807770612 31.14
1204402807830468 31.14
1204402807890324 31.12
1204402807950178 31.12
1204402808010035 31.12
1204402808070889 31.12
1204402808130753 31.12
1204402808190598 31.12
1204402808250516 31.12
1204402808310308 31.12
1204402808370164 31.12
1204402808430026 31.12
1204402808450172 31.14
1204402808500850 31.12
1204402808560703 31.14
1204402808620635 31.12
1204402808680412 31.14
1204402808740267 31.14
1204402808800123 31.12
1204402808860979 31.12
1204402808920895 31.12
1204402808980848 31.14
1204402809040544 31.12
1204402809100399 31.12
1204402809160252 31.14
1204402809220175 31.12
1204402809280964 31.12
1204402809340819 31.12
1204402809400673 31.12
1204402809460527 31.12
1204402809520461 31.12
1204402809580236 31.14
1204402809640093 31.12
1204402809700949 31.12
1204402809760802 31.12
1204402809820708 31.12
1204402809880525 31.12
1204402809940368 31.12
1204402900000477 31.12
1204402900060334 31.12
1204402900120268 31.14
1204402900180041 31.14
1204402900240896 31.14
1204402900300754 31.12
1204402900360607 31.12
1204402900420531 31.12
1204402900480317 31.12
1204402900540172 31.12
1204402900600027 31.12
1204402900660882 31.12
1204402900720796 31.12
1204402900780591 31.12
1204402900840446 31.12
1204402900900302 31.12
1204402900960156 31.12
1204402901020011 31.12
1204402901080867 31.12
1204402901140721 31.14
1204402901200575 31.14
1204402901260433 31.12
1204402901320400 31.14
1204402901380145 31.12
1204402901440996 31.16
1204402901460009 31.14
1204402901510827 31.14
1204402901570681 31.14
1204402901630536 31.14
1204402901690390 31.14
1204402901750244 31.14
1204402901810101 31.14
1204402901870956 31.14
1204402901930823 31.14
1204402901990666 31.14
1204402902050519 31.14
1204402902110374 31.14
1204402902170230 31.14
1204402902230090 31.14
1204402902290940 31.14
1204402902350932 31.14
1204402902410727 31.14
1204402902470503 31.14
1204402902530359 31.14
1204402902590214 31.14
1204402902650069 31.14
1204402902710924 31.14
1204402902770779 31.14
1204402902830646 31.14
1204402902890489 31.14
1204402902950344 31.14
1204402903010198 31.14
1204402903070054 31.14
1204402903130909 31.14
1204402903190764 31.14
1204402903250619 31.14
1204402903310473 31.14
1204402903370331 31.16
1204402903430197 31.16
1204402903490040 31.16
1204402903550895 31.18
1204402903610748 31.18
1204402903670608 31.2
1204402903730472 31.18
1204402903790471 31.18
1204402903850167 31.18
1204402903910023 31.18
1204402903970878 31.18
1204402904030737 31.2
1204402904090588 31.18
1204402904150443 31.18
1204402904210300 31.16
1204402904270151 31.18
1204402904330050 31.18
1204402904390863 31.18
1204402904450722 31.2
1204402904470745 31.16
1204402904520734 31.18
1204402904580407 31.2
1204402904640386 31.18
1204402904700112 31.18
1204402904760973 31.2
1204402904820908 31.18
1204402904880686 31.18
1204402904940532 31.18
1204402905000388 31.18
1204402905060243 31.18
1204402905120153 31.18
1204402905180957 31.2
1204402905240826 31.2
1204402905300666 31.2
1204402905360521 31.2
1204402905420445 31.2
1204402905480230 31.2
1204402905540205 31.18
1204402905600941 31.2
1204402905660792 31.18
1204402905720724 31.18
1204402905780502 31.18
1204402905840374 31.2
1204402905900212 31.18
1204402905960067 31.18
1204402906020923 31.18
1204402906080777 31.18
1204402906140633 31.18
1204402906200490 31.2
1204402906260344 31.2
1204402906320252 31.18
1204402906380058 31.2
1204402906440924 31.2
1204402906500761 31.18
1204402906560617 31.18
1204402906620568 31.18
1204402906680331 31.2
1204402906740185 31.2
1204402906800038 31.2
1204402906860891 31.18
1204402906920809 31.18
1204402906980601 31.18
1204402907040469 31.18
1204402907100310 31.18
1204402907160165 31.18
1204402907220113 31.18
1204402907280876 31.18
1204402907340735 31.2
1204402907400600 31.18
1204402907460444 31.2
1204402907480476 31.18
1204402907530289 31.2
1204402907590125 31.18
1204402907650982 31.18
1204402907710836 31.18
1204402907770691 31.18
1204402907830556 31.18
1204402907890405 31.2
1204402907950256 31.18
1204402908010110 31.18
1204402908070965 31.18
1204402908130835 31.18
1204402908190676 31.18
1204402908250530 31.18
1204402908310386 31.18
1204402908370239 31.18
1204402908430111 31.18
1204402908490951 31.18
1204402908550806 31.18
1204402908610665 31.2
1204402908670516 31.18
1204402908730384 31.18
1204402908790225 31.18
1204402908850239 31.18
1204402908910938 31.2
1204402908970790 31.18
1204402909030658 31.18
1204402909090499 31.18
1204402909150353 31.18
1204402909210209 31.18
1204402909270064 31.18
1204402909330936 31.16
1204402909390775 31.18
1204402909450630 31.18
1204402909510484 31.18
1204402909570338 31.18
1204402909630207 31.18
1204402909690049 31.18
1204402909750904 31.18
1204402909810759 31.18
1204402909870614 31.18
1204402909930481 31.18
1204402909990323 31.18
1204403000060434 31.18
1204403000120288 31.18
1204403000180143 31.18
1204403000240007 31.18
1204403000300854 31.18
1204403000360708 31.18
1204403000420563 31.18
1204403000480418 31.18
1204403000500391 31.18
1204403000550251 31.16
1204403000610104 31.18
1204403000670959 31.18
1204403000730888 31.18
1204403000790673 31.2
1204403000850524 31.18
1204403000910379 31.18
1204403000970235 31.18
1204403001030088 31.18
1204403001090944 31.18
1204403001150799 31.18
1204403001210654 31.18
1204403001270508 31.18
1204403001330449 31.18
1204403001390231 31.18
1204403001450073 31.18
1204403001510929 31.18
1204403001570896 31.18
1204403001630711 31.18
1204403001690492 31.18
1204403001750352 31.2
1204403001810203 31.18
1204403001870057 31.18
1204403001930005 31.18
1204403001990768 31.18
1204403002050623 31.18
1204403002110477 31.18
1204403002170332 31.18
1204403002230258 31.18
1204403002290052 31.18
1204403002350898 31.18
1204403002410753 31.18
1204403002470608 31.18
1204403002530571 31.18
1204403002590317 31.18
1204403002650171 31.18
1204403002710028 31.16
1204403002770883 31.18
1204403002830834 31.18
1204403002890606 31.18
1204403002950447 31.18
1204403003010301 31.18
1204403003070161 31.2
1204403003130079 31.18
1204403003190866 31.18
1204403003250723 31.18
1204403003310577 31.18
1204403003370432 31.18
1204403003430366 31.18
1204403003490141 31.18
1204403003510115 31.16
1204403003560973 31.18
1204403003620828 31.18
1204403003680683 31.18
1204403003740550 31.18
1204403003800391 31.18
1204403003860247 31.18
1204403003920101 31.18
1204403003980958 31.18
1204403004040937 31.18
1204403004100666 31.18
1204403004160521 31.18
1204403004220377 31.18
1204403004280231 31.18
1204403004340100 31.18
1204403004400941 31.18
1204403004460797 31.18
1204403004520651 31.18
1204403004580510 31.2
1204403004640486 31.18
1204403004700215 31.18
1204403004760070 31.18
1204403004820926 31.18
1204403004880782 31.18
1204403004940650 31.18
1204403005000490 31.18
1204403005060346 31.18
1204403005120201 31.18
1204403005180056 31.18
1204403005240911 31.18
1204403005300765 31.18
1204403005360621 31.18
1204403005420476 31.18
1204403005480330 31.18
1204403005540199 31.18
1204403005600039 31.18
1204403005660896 31.18
1204403005720749 31.18
1204403005780605 31.18
1204403005840463 31.2
1204403005900319 31.2
1204403005960170 31.18
1204403006020025 31.18
1204403006080880 31.18
1204403006140748 31.18
1204403006200594 31.2
1204403006260445 31.18
1204403006320299 31.18
1204403006380154 31.18
1204403006440009 31.18
1204403006500864 31.18
1204403006520837 31.18
1204403006570696 31.18
1204403006630550 31.18
1204403006690404 31.18
1204403006750259 31.18
1204403006810114 31.18
1204403006870970 31.18
1204403006930900 31.18
1204403006990688 31.18
1204403007050538 31.2
1204403007110390 31.18
1204403007170245 31.18
1204403007230226 31.18
1204403007290955 31.18
1204403007350810 31.18
1204403007410664 31.18
1204403007470518 31.18
1204403007530463 31.18
1204403007590229 31.18
1204403007650083 31.18
1204403007710099 31.18
1204403007770793 31.18
1204403007830662 31.18
1204403007890517 31.18
1204403007950359 31.18
1204403008010216 31.2
1204403008070068 31.18
1204403008130028 31.18
1204403008190778 31.18
1204403008250633 31.18
1204403008310487 31.18
1204403008370343 31.18
1204403008430297 31.18
1204403008490053 31.18
1204403008550908 31.18
1204403008610764 31.18
1204403008670617 31.18
1204403008730557 31.18
1204403008790328 31.18
1204403008850183 31.18
1204403008910037 31.18
1204403008970893 31.18
1204403009030762 31.18
1204403009090763 31.18
1204403009150456 31.18
1204403009210311 31.18
1204403009270171 31.2
1204403009330107 31.18
1204403009390891 31.18
1204403009450732 31.18
1204403009510588 31.18
1204403009530672 31.18
1204403009580416 31.18
1204403009640286 31.18
1204403009700128 31.18
1204403009760982 31.18
1204403009820837 31.18
1204403009880692 31.18
1204403009940566 31.2
1204403100000402 31.18
1204403100060514 31.18
1204403100120372 31.2
1204403100180222 31.18
1204403100240090 31.18
1204403100300933 31.18
1204403100360788 31.18
1204403100420643 31.18
1204403100480497 31.18
1204403100540369 31.2
1204403100600207 31.18
1204403100660062 31.18
1204403100720917 31.18
1204403100780771 31.18
1204403100840641 31.18
1204403100900481 31.18
1204403100960336 31.18
1204403101020190 31.18
1204403101080046 31.18
1204403101140916 31.18
1204403101200756 31.18
1204403101260611 31.18
1204403101320466 31.18
1204403101380320 31.18
1204403101440194 31.2
1204403101500032 31.18
1204403101560886 31.18
1204403101620743 31.16
1204403101680597 31.18
1204403101740464 31.18
1204403101800308 31.16
1204403101860161 31.18
1204403101920015 31.18
1204403101980872 31.18
1204403102040740 31.18
1204403102100581 31.18
1204403102160435 31.18
1204403102220290 31.18
1204403102280144 31.18
1204403102340013 31.18
1204403102400855 31.18
1204403102460711 31.18
1204403102520566 31.18
1204403102540703 31.18
1204403102590397 31.18
1204403102650250 31.18
1204403102710105 31.18
1204403102770961 31.18
1204403102830916 31.18
1204403102890683 31.18
1204403102950527 31.16
1204403103010382 31.16
1204403103070237 31.16
1204403103130171 31.16
1204403103190947 31.16
1204403103250802 31.16
1204403103310657 31.16
1204403103370512 31.16
1204403103430367 31.16
1204403103490222 31.16
1204403103550076 31.16
1204403103610932 31.16
1204403103670787 31.16
1204403103730642 31.16
1204403103790495 31.16
1204403103850351 31.16
1204403103910206 31.16
1204403103970061 31.16
1204403104030916 31.16
1204403104090771 31.16
1204403104150626 31.16
1204403104210481 31.16
1204403104270337 31.16
1204403104330301 31.14
1204403104390059 31.16
1204403104450902 31.16
1204403104510757 31.16
1204403104570610 31.16
1204403104630465 31.16
1204403104690320 31.16
1204403104750175 31.16
1204403104810028 31.14
1204403104870887 31.12
1204403104930828 31.12
1204403104990595 31.12
1204403105050449 31.1
1204403105110303 31.1
1204403105170158 31.1
1204403105230127 31.1
1204403105290868 31.1
1204403105350723 31.1
1204403105410578 31.1
1204403105470434 31.1
1204403105530380 31.1
1204403105550260 31.1