1204302607900282 34.45
1204302607960135 34.43
1204302608020991 34.43
1204302608080846 34.43
1204302608140701 34.43
1204302608200557 34.42
1204302608260412 34.4
1204302608320268 34.38
1204302608340187 34.36
1204302608390099 34.38
1204302608450953 34.38
1204302608510809 34.38
1204302608570678 34.38
1204302608630518 34.38
1204302608690373 34.38
1204302608750228 34.4
1204302608810083 34.38
1204302608870258 34.38
1204302608930793 34.4
1204302608990647 34.38
1204302609050503 34.4
1204302609110356 34.4
1204302609170213 34.4
1204302609230067 34.38
1204302609290922 34.38
1204302609350777 34.38
1204302609410793 34.38
1204302609470501 34.38
1204302609530342 34.38
1204302609590196 34.38
1204302609650051 34.4
1204302609710908 34.38
1204302609770762 34.38
1204302609830616 34.4
1204302609890485 34.38
1204302609950326 34.38
1204302700010436 34.38
1204302700070305 34.38
1204302700130147 34.38
1204302700190001 34.38
1204302700250856 34.36
1204302700310713 34.34
1204302700370578 34.29
1204302700430423 34.25
1204302700490278 34.23
1204302700550134 34.23
1204302700610990 34.23
1204302700670844 34.23
1204302700730860 34.23
1204302700790553 34.23
1204302700850407 34.25
1204302700910277 34.3
1204302700970126 34.36
1204302701030972 34.36
1204302701090825 34.36
1204302701150680 34.36
1204302701210536 34.36
1204302701270526 34.34
1204302701330245 34.25
1204302701350166 34.21
1204302701400076 34.04
1204302701460209 33.84
1204302701520785 33.65
1204302701580643 33.52
1204302701640499 33.45
1204302701700352 33.41
1204302701760203 33.37
1204302701820058 33.37
1204302701880916 33.36
1204302701940774 33.3
1204302702000627 33.21
1204302702060484 33.17
1204302702120338 33.17
1204302702180193 33.17
1204302702240048 33.17
1204302702300903 33.17
1204302702360758 33.17
1204302702420610 33.19
1204302702480465 33.19
1204302702540328 33.17
1204302702600176 33.15
1204302702660034 33.08
1204302702720887 33.02
1204302702780742 33.02
1204302702840597 33.02
1204302702900452 33.02
1204302702960308 33.02
1204302703020161 33.02
1204302703080017 33.02
1204302703140873 33.02
1204302703200728 33
1204302703260581 33.02
1204302703320563 33
1204302703380292 33
1204302703440146 33
1204302703500002 33
1204302703560856 33
1204302703620845 32.98
1204302703680566 33
1204302703740422 33
1204302703800285 32.93
1204302703860127 32.87
1204302703920984 32.82
1204302703980842 32.8
1204302704040697 32.76
1204302704100551 32.8
1204302704160416 32.82
1204302704220259 32.78
1204302704280114 32.8
1204302704340971 32.8
1204302704360897 32.78
1204302704410801 32.85
1204302704470753 32.93
1204302704530508 32.93
1204302704590363 32.93
1204302704650218 32.93
1204302704710071 32.93
1204302704770940 32.93
1204302704830782 32.93
1204302704890638 32.93
1204302704950493 32.93
1204302705010347 32.93
1204302705070320 32.93
1204302705130056 32.93
1204302705190915 32.91
1204302705250768 32.91
1204302705310623 32.91
1204302705370482 32.91
1204302705430494 32.91
1204302705490342 32.91
1204302705550044 32.91
1204302705610899 32.91
1204302705670873 32.91
1204302705730608 32.91
1204302705790464 32.91
1204302705850317 32.91
1204302705910173 32.91
1204302705970035 32.91
1204302706030883 32.91
1204302706090753 32.91
1204302706150593 32.91
1204302706210448 32.91
1204302706270406 32.91
1204302706330168 32.89
1204302706390010 32.89
1204302706450866 32.89
1204302706510722 32.91
1204302706570590 32.91
1204302706630430 32.93
1204302706690285 32.93
1204302706750139 32.93
1204302706810999 32.95
1204302706870025 32.93
1204302706930705 32.93
1204302706990615 32.93
1204302707050415 32.93
1204302707110272 32.78
1204302707170137 32.59
1204302707230980 32.39
1204302707290836 32.26
1204302707350692 32.18
1204302707370804 32.16
1204302707420522 32.15
1204302707480377 32.15
1204302707540310 32.16
1204302707600086 32.15
1204302707660095 32.15
1204302707720795 32.13
1204302707780651 32.13
1204302707840506 32.13
1204302707900362 32.15
1204302707960214 32.13
1204302708020071 32.16
1204302708080926 32.13
1204302708140780 32.13
1204302708200637 32.15
1204302708260544 32.15
1204302708320346 32.15
1204302708380200 32.13
1204302708440054 32.13
1204302708500911 32.15
1204302708560766 32.15
1204302708620622 32.15
1204302708680475 32.13
1204302708740329 32.13
1204302708800186 32.15
1204302708860052 32.13
1204302708920895 32.13
1204302708980752 32.15
1204302709040604 32.13
1204302709100459 32.13
1204302709160314 32.13
1204302709220170 32.15
1204302709280023 32.13
1204302709340879 32.11
1204302709400735 32.09
1204302709460603 32.09
1204302709520445 32.09
1204302709580300 32.07
1204302709640155 32.07
1204302709700009 32.07
1204302709760866 32.07
1204302709820720 32.09
1204302709880576 32.09
1204302709940431 32.07
1204302800000540 32.07
1204302800060409 32.09
1204302800120251 32.07
1204302800180104 32.07
1204302800240961 32.07
1204302800300815 32.09
1204302800360669 32.09
1204302800380597 32.07
1204302800430501 32.07
1204302800490354 32.07
1204302800550209 32.07
1204302800610066 32.07
1204302800670933 32.07
1204302800730775 32.07
1204302800790631 32.07
1204302800850486 32.07
1204302800910340 32.07
1204302800970206 32.07
1204302801030049 32.09
1204302801090905 32.07
1204302801150920 32.07
1204302801210615 32.07
1204302801270484 32.07
1204302801330324 32.09
1204302801390179 32.09
1204302801450034 32.07
1204302801510890 32.07
1204302801570757 32.07
1204302801630601 32.07
1204302801690453 32.07
1204302801750310 32.07
1204302801810165 32.07
1204302801870033 32.07
1204302801930875 32.07
1204302801990728 32.07
1204302802050584 32.07
1204302802110438 32.07
1204302802170308 32.07
1204302802230149 32.09
1204302802290001 32.11
1204302802350858 32.07
1204302802410713 32.07
1204302802470582 32.09
1204302802530423 32.07
1204302802590278 32.07
1204302802650134 32.07
1204302802710989 32.07
1204302802770857 32.07
1204302802830697 32.07
1204302802890552 32.07
1204302802950406 32.05
1204302803010261 32.05
1204302803070124 32.05
1204302803130974 32.07
1204302803190826 32.05
1204302803250682 32.05
1204302803310536 32.05
1204302803370562 32.05
1204302803390316 32.03
1204302803440221 32.05
1204302803500076 32.05
1204302803560933 32.05
1204302803620787 32.05
1204302803680643 32.05
1204302803740496 32.05
1204302803800352 32.05
1204302803860206 32.05
1204302803920061 32.05
1204302803980916 32.05
1204302804040772 32.05
1204302804100626 32.05
1204302804160480 32.05
1204302804220336 32.05
1204302804280190 32.05
1204302804340044 32.05
1204302804400900 32.05
1204302804460755 32.05
1204302804520610 32.05
1204302804580465 32.05
1204302804640321 32.05
1204302804700175 32.05
1204302804760030 32.05
1204302804820886 32.05
1204302804880741 32.05
1204302804940597 32.03
1204302805000450 32.05
1204302805060305 32.05
1204302805120160 32.05
1204302805180015 32.05
1204302805240871 32.05
1204302805300726 32.05
1204302805360579 32.05
1204302805420435 32.05
1204302805480290 32.05
1204302805540226 32.09
1204302805600999 32.13
1204302805660856 32.15
1204302805720712 32.15
1204302805780565 32.16
1204302805840421 32.16
1204302805900276 32.16
1204302805960130 32.15
1204302806020987 32.16
1204302806080841 32.16
1204302806140696 32.16
1204302806200548 32.13
1204302806260404 32.11
1204302806320259 32.11
1204302806380114 32.09
1204302806400043 32.09
1204302806450960 32.09
1204302806510802 32.09
1204302806570670 32.09
1204302806630512 32.09
1204302806690363 32.11
1204302806750222 32.09
1204302806810073 32.11
1204302806870940 32.09
1204302806930785 32.09
1204302806990641 32.09
1204302807050507 32.11
1204302807110348 32.11
1204302807170219 32.09
1204302807230060 32.09
1204302807290917 32.09
1204302807350770 32.09
1204302807410626 32.09
1204302807470493 32.09
1204302807530335 32.09
1204302807590189 32.09
1204302807650059 32.09
1204302807710900 32.09
1204302807770769 32.09
1204302807830624 32.09
1204302807890465 32.09
1204302807950320 32.09
1204302808010174 32.09
1204302808070041 32.11
1204302808130885 32.09
1204302808190739 32.09
1204302808250594 32.09
1204302808310450 32.09
1204302808370317 32.07
1204302808430156 32.05
1204302808490012 32.05
1204302808550870 32.03
1204302808610725 32.03
1204302808670592 32.03
1204302808730434 32.03
1204302808790289 32.03
1204302808850144 32.03
1204302808910999 32.03
1204302808970867 32.03
1204302809030709 32.03
1204302809090563 32.03
1204302809150418 32.03
1204302809210274 32.03
1204302809270141 32.03
1204302809330983 32.03
1204302809390839 32.03
1204302809410762 32.02
1204302809460670 32.03
1204302809520525 32.03
1204302809580379 32.03
1204302809640233 32.03
1204302809700089 32.03
1204302809760945 32.03
1204302809820799 32.03
1204302809880655 32.03
1204302809940510 32.03
1204302900010619 32.03
1204302900070474 32.03
1204302900130329 32.03
1204302900190184 32.03
1204302900250040 32.03
1204302900310895 32.03
1204302900370749 32.03
1204302900430604 32.03
1204302900490460 32.03
1204302900550398 32.03
1204302900610169 32.03
1204302900670024 32.03
1204302900730880 32.03
1204302900790734 32.03
1204302900850589 32.03
1204302900910443 32.03
1204302900970299 32.03
1204302901030153 32.03
1204302901090008 32.03
1204302901150864 32.03
1204302901210720 32.03
1204302901270573 32.03
1204302901330429 32.03
1204302901390284 32.03
1204302901450139 32.03
1204302901510993 32.03
1204302901570848 32.03
1204302901630703 32.03
1204302901690558 32.03
1204302901750415 32.02
1204302901810269 32.03
1204302901870123 32.03
1204302901930991 32.03
1204302901990832 32.03
1204302902050688 32.03
1204302902110540 32.05
1204302902170397 32.03
1204302902230252 32.03
1204302902290107 32.03
1204302902350964 32.03
1204302902410817 32.03
1204302902430744 32.02
1204302902480662 32.03
1204302902540504 32.03
1204302902600358 32.03
1204302902660213 32.03
1204302902720067 32.03
1204302902780937 32.03
1204302902840777 32.03
1204302902900634 32.03
1204302902960648 32.03
1204302903020345 32.02
1204302903080211 32.03
1204302903140053 32.03
1204302903200908 32.03
1204302903260762 32.03
1204302903320619 32.02
1204302903380486 32.03
1204302903440327 32.03
1204302903500182 32.03
1204302903560037 32.03
1204302903620893 32.03
1204302903680762 32.03
1204302903740603 32.03
1204302903800458 32.02
1204302903860312 32.03
1204302903920167 32.03
1204302903980034 32.03
1204302904040877 32.03
1204302904100731 32.03
1204302904160586 32.03
1204302904220441 32.03
1204302904280310 32.03
1204302904340151 32.03
1204302904400007 32.03
1204302904460862 32.03
1204302904520716 32.03
1204302904580585 32.03
1204302904640429 32.02
1204302904700281 32.03
1204302904760135 32.03
1204302904820991 32.03
1204302904880860 32.03
1204302904940701 32.03
1204302905000556 32.03
1204302905060411 32.03
1204302905120266 32.03
1204302905180134 32.03
1204302905240977 32.03
1204302905300831 32.03
1204302905360684 32.03
1204302905420540 32.03
1204302905440465 32.02
1204302905490371 32.03
1204302905550309 32.03
1204302905610082 32.02
1204302905670937 32.03
1204302905730790 32.03
1204302905790647 32.03
1204302905850501 32.03
1204302905910356 32.03
1204302905970213 32.02
1204302906030066 32.03
1204302906090920 32.03
1204302906150776 32.03
1204302906210632 32.02
1204302906270486 32.03
1204302906330340 32.03
1204302906390194 32.03
1204302906450050 32.03
1204302906510905 32.03
1204302906570759 32.05
1204302906630616 32.03
1204302906690470 32.03
1204302906750324 32.03
1204302906810180 32.03
1204302906870037 32.02
1204302906930890 32.03
1204302906990745 32.03
1204302907050599 32.03
1204302907110456 32.02
1204302907170312 32.02
1204302907230167 32.02
1204302907290020 32.03
1204302907350880 32
1204302907410731 32.02
1204302907470586 32.02
1204302907530441 32.02
1204302907590296 32.02
1204302907650165 32.02
1204302907710006 32.02
1204302907770862 32.02
1204302907830716 32.02
1204302907890572 32.02
1204302907950426 32.02
1204302908010281 32.02
1204302908070135 32.02
1204302908130991 32.02
1204302908190845 32.02
1204302908250700 32.02
1204302908310555 32.02
1204302908370410 32.02
1204302908430263 32.03
1204302908450367 32.02
1204302908500095 32.02
1204302908560952 32.02
1204302908620807 32.02
1204302908680675 32.02
1204302908740516 32.02
1204302908800369 32.03
1204302908860225 32.02
1204302908920080 32.02
1204302908980952 32.03
1204302909040790 32.02
1204302909100644 32.03
1204302909160628 32.02
1204302909220352 32.03
1204302909280223 32.02
1204302909340065 32.02
1204302909400921 32.02
1204302909460775 32.02
1204302909520631 32.02
1204302909580499 32.02
1204302909640498 32.02
1204302909700195 32.02
1204302909760048 32.03
1204302909820905 32.02
1204302909880773 32.02
1204302909940615 32.02
1204303000000470 32.02
1204303000060580 32.02
1204303000120433 32.03
1204303000180300 32.03
1204303000240195 32.03
1204303000310000 32.02
1204303000360854 32.02
1204303000420711 32.02
1204303000480578 32.02
1204303000540419 32.02
1204303000600273 32.02
1204303000660129 32.02
1204303000720984 32.02
1204303000780853 32.02
1204303000840708 32.02
1204303000900550 32.02
1204303000960403 32.02
1204303001020258 32.02
1204303001080127 32.02
1204303001140969 32.02
1204303001200824 32.02
1204303001260680 32.02
1204303001320534 32.02
1204303001380402 32.02
1204303001440341 32.03
1204303001460168 32.02
1204303001510074 32.02
1204303001570931 32.02
1204303001630785 32.02
1204303001690639 32.02
1204303001750493 32.02
1204303001810350 32.02
1204303001870203 32.02
1204303001930058 32.02
1204303001990914 32.02
1204303002050769 32.02
1204303002110624 32.02
1204303002170479 32.02
1204303002230334 32.02
1204303002290188 32.02
1204303002350043 32.02
1204303002410899 32.02
1204303002470754 32.02
1204303002530609 32.02
1204303002590463 32.02
1204303002650318 32.02
1204303002710173 32.02
1204303002770028 32.02
1204303002830883 32.02
1204303002890737 32.02
1204303002950592 32.02
1204303003010447 32.02
1204303003070303 32.02
1204303003130157 32.02
1204303003190011 32.02
1204303003250868 32.02
1204303003310722 32.02
1204303003370576 32.02
1204303003430433 32.02
1204303003490287 32.02
1204303003550233 32.02
1204303003610998 32.02
1204303003670852 32.02
1204303003730706 32.02
1204303003790562 32.02
1204303003850417 32.02
1204303003910271 32.02
1204303003970126 32.02
1204303004030982 32.02
1204303004090837 32.02
1204303004150692 32.02
1204303004210546 32.02
1204303004270402 32.02
1204303004330255 32.02
1204303004390112 32.02
1204303004450967 32.02
1204303004470891 32.02
1204303004520797 32.02
1204303004580666 32.02
1204303004640507 32.02
1204303004700361 32.02
1204303004760216 32.02
1204303004820071 32.02
1204303004880941 32.02
1204303004940782 32.02
1204303005000637 32.02
1204303005060491 32.02
1204303005120346 32.02
1204303005180215 32.02
1204303005240057 32.02
1204303005300912 32.02
1204303005360766 32.02
1204303005420622 32.02
1204303005480488 32.02
1204303005540330 32.02
1204303005600184 32.03
1204303005660039 32.02
1204303005720896 32.02
1204303005780765 32.02
1204303005840607 32.02
1204303005900461 32.02
1204303005960316 32.02
1204303006020169 32.02
1204303006080038 32.02
1204303006140881 32.02
1204303006200735 32.02
1204303006260591 32.02
1204303006320449 32
1204303006380312 32.02
1204303006440155 32.02
1204303006500009 32.02
1204303006560864 32.02
1204303006620719 32.02
1204303006680588 32.02
1204303006740427 32.03
1204303006800284 32.02
1204303006860139 32.02
1204303006920996 32.02
1204303006980868 32.02
1204303007040705 32.02
1204303007100559 32.02
1204303007160415 32.02
1204303007220270 32.02
1204303007280138 32.02
1204303007340979 32.02
1204303007400834 32.02
1204303007460859 32
1204303007480802 32.02
1204303007530520 32.02
1204303007590375 32.02
1204303007650230 32.02
1204303007710085 32.02
1204303007770939 32.02
1204303007830808 32.02
1204303007890650 32.02
1204303007950505 32.02
1204303008010358 32.02
1204303008070215 32.02
1204303008130069 32.02
1204303008190925 32.02
1204303008250779 32.02
1204303008310633 32.02
1204303008370490 32.02
1204303008430471 32.02
1204303008490198 32.02
1204303008550151 32.02
1204303008610909 32.02
1204303008670765 32.02
1204303008730619 32.02
1204303008790472 32.02
1204303008850328 32.02
1204303008910182 32.02
1204303008970038 32.02
1204303009030907 32.02
1204303009090762 32.02
1204303009150602 32.02
1204303009210458 32.02
1204303009270313 32.02
1204303009330167 32.02
1204303009390023 32.02
1204303009450878 32.02
1204303009510734 32.02
1204303009570587 32.02
1204303009630456 32.02
1204303009690298 32.02
1204303009750152 32.02
1204303009810007 32.02
1204303009870863 32.02
1204303009930719 32.02
1204303009990572 32.02
1204303100050684 32.02
1204303100110538 32.02
1204303100170392 32.02
1204303100230246 32.02
1204303100290102 32.02
1204303100350958 32.02
1204303100410813 32.02
1204303100470667 32.02
1204303100490594 32.02
1204303100540498 32.02
1204303100600353 32.02
1204303100660207 32.02
1204303100720063 32.02
1204303100780933 32.02
1204303100840772 32.02
1204303100900628 32.02
1204303100960483 32.02
1204303101020337 32.02
1204303101080207 32.02
1204303101140046 32.02
1204303101200903 32.02
1204303101260758 32.02
1204303101320612 32.02
1204303101380481 32.02
1204303101440321 32.02
1204303101500177 32.02
1204303101560031 32.02
1204303101620887 32.02
1204303101680756 32.02
1204303101740598 32.02
1204303101800452 32.02
1204303101860306 32.02
1204303101920161 32.02
1204303101980023 32.02
1204303102040873 32.02
1204303102100727 32.02
1204303102160581 32.02
1204303102220435 32.02
1204303102280305 32.02
1204303102340146 32.02
1204303102400000 32.02
1204303102460856 32.02
1204303102520711 32.02
1204303102580579 32.02
1204303102640421 32.02
1204303102700276 32.02
1204303102760130 32.02
1204303102820986 32.02
1204303102880854 32.02
1204303102940697 32.02
1204303103000554 32
1204303103060405 32.02
1204303103120259 32.02
1204303103180129 32.02
1204303103240970 32.02
1204303103300826 32.02
1204303103360681 32.02
1204303103420535 32.02
1204303103480403 32.02
1204303103500318 32
1204303103550314 32.02
1204303103610075 32.02
1204303103670931 32.02
1204303103730791 32
1204303103790640 32.02
1204303103850499 32
1204303103910350 32.02
1204303103970206 32.02
1204303104030060 32.02
1204303104090915 32.02
1204303104150771 32.02
1204303104210626 32.02
1204303104270480 32.02
1204303104330334 32.02
1204303104390189 32.02
1204303104450045 32.02
1204303104510901 32.02
1204303104570755 32.02
1204303104630609 32.02
1204303104690465 32.02
1204303104750319 32.02
1204303104810173 32.02
1204303104870029 32.02
1204303104930885 32.02
1204303104990739 32.02
1204303105050593 32.02
1204303105110449 32.02
1204303105170304 32.02
1204303105230159 32.02
1204303105290015 32.02
1204303105350869 32.02
1204303105410724 32.02
1204303105470579 32.02
1204303105530435 32.02
1204303105590289 32.02
1204303105650144 32.02
1204303105710002 32
1204303105770855 32.02
1204303105830710 32.02
1204303105890563 32.02
1204303105950418 32.02
1204303106010272 32.02
1204303106070128 32.02
1204303106130988 32
1204303106190842 32
1204303106250692 32.02
1204303106310548 32.02
1204303106370403 32.02
1204303106430257 32.02
1204303106490113 32.02
1204303106510038 32.02
1204303106560943 32.02
1204303106620817 32
1204303106680672 32
1204303106740508 32.02
1204303106800364 32.02
1204303106860219 32.02
1204303106920073 32.02
1204303106980956 32.02
1204303107040783 32.02
1204303107100637 32.02
1204303107160493 32.02
1204303107220355 32.02
1204303107280216 32.02
1204303107340062 32
1204303107400913 32.02
1204303107460773 32
1204303107520622 32.02
1204303107580505 32.02
1204303107640334 32.02
1204303107700187 32.02
1204303107760046 32
1204303107820898 32.02
1204303107880771 32.02
1204303107940608 32.02
1204303108000462 32.02
1204303108060317 32.02
1204303108120171 32.02
1204303108180040 32.02
1204303108240882 32.02
1204303108300737 32.02
1204303108360592 32.02
1204303108420452 32
1204303108480315 32.02
1204303108540157 32.02
1204303108600011 32.02
1204303108660867 31.98
1204303108720721 32.02
1204303108780590 32.02
1204303108840436 32
1204303108900286 32.02
1204303108960141 32.02
1204303109020996 32.02
1204303109080864 32.02
1204303109140707 32.02
1204303109200561 32.02
1204303109260417 32.02
1204303109320275 32
1204303109380137 32.02
1204303109440984 32
1204303109500835 32.02
1204303109520772 32
1204303109570667 32.02
1204303109630525 32
1204303109690376 32.02
1204303109750231 32.02
1204303109810086 32.02
1204303109870945 32
1204303109930797 32.02
1204303109990651 32.02
1204303200050762 32.02
1204303200110616 32.02
1204303200170471 32.02
1204303200230326 32.02
1204303200290181 32.02
1204303200350037 32.02
1204303200410891 32.02
1204303200470746 32.02
1204303200530606 32
1204303200590460 32
1204303200650310 32.02
1204303200710165 32.02
1204303200770021 32.02
1204303200830877 32.02
1204303200890730 32.02
1204303200950585 32.02
1204303201010441 32.02
1204303201070300 32
1204303201130150 32.02
1204303201190010 32
1204303201250860 32.02
1204303201310715 32.02
1204303201370570 32.02
1204303201430425 32.02
1204303201490279 32.02
1204303201550236 32
1204303201610991 32.02
1204303201670846 32.02
1204303201730700 32.02
1204303201790555 32.02
1204303201850410 32.02
1204303201910269 32
1204303201970122 32
1204303202030975 32.02
1204303202090829 32.02
1204303202150684 32.02
1204303202210668 32
1204303202270398 32
1204303202330253 32
1204303202390103 32.02
1204303202450959 32.02
1204303202510819 32
1204303202530852 32
1204303202580662 32
1204303202640497 32.03
1204303202700468 32.02
1204303202760213 32
1204303202820068 32
1204303202880937 32
1204303202940778 32
1204303203000633 32
1204303203060482 32.03
1204303203120339 32.02
1204303203180207 32.02
1204303203240053 32
1204303203300904 32.02
1204303203360759 32.02
1204303203420615 32.02
1204303203480488 32
1204303203540323 32.02
1204303203600178 32.02
1204303203660034 32.02
1204303203720893 32
1204303203780762 32
1204303203840598 32.02
1204303203900453 32.02
1204303203960309 32.02
1204303204020168 32
1204303204080022 32.02
1204303204140873 32.02
1204303204200729 32.02
1204303204260583 32.02
1204303204320442 32
1204303204380310 32
1204303204440151 32
1204303204500003 32.02
1204303204560862 32
1204303204620717 32
1204303204680581 32.02
1204303204740426 32
1204303204800277 32.02
1204303204860136 32
1204303204920989 32.02
1204303204980865 32.02
1204303205040701 32
1204303205100552 32.02
1204303205160407 32.02
1204303205220266 32
1204303205280135 32
1204303205340976 32
1204303205400828 32.02
1204303205460683 32.02
1204303205520536 32.02
1204303205540462 32.02
1204303205590371 32
1204303205650222 32.02
1204303205710078 32.02
1204303205770933 32.02
1204303205830788 32.02
1204303205890647 32
1204303205950501 32
1204303206010354 32.02
1204303206070206 32.02
1204303206130062 32.02
1204303206190921 32
1204303206250774 32.02
1204303206310627 32.02
1204303206370482 32.02
1204303206430337 32.02
1204303206490191 32.02
1204303206550143 32.02
1204303206610902 32.02
1204303206670761 32
1204303206730616 32
1204303206790466 32.02
1204303206850321 32.02
1204303206910179 32
1204303206970031 32.02
1204303207030886 32.02
1204303207090745 32
1204303207150597 32.02
1204303207210454 32
1204303207270309 32
1204303207330160 32.02
1204303207390020 32
1204303207450872 32.02
1204303207510725 32.02
1204303207570580 32.02
1204303207630436 32.02
1204303207690295 32
1204303207750146 32.02
1204303207810004 32
1204303207870855 32.02
1204303207930715 32
1204303207990569 32
1204303208050421 32.02
1204303208110278 32
1204303208170129 32.02
1204303208230989 32
1204303208290844 32
1204303208350695 32.02
1204303208410550 32.02
1204303208470409 32
1204303208530259 32.02
1204303208550338 32.02
1204303208600094 32
1204303208660946 32.02
1204303208720805 32
1204303208780674 32
1204303208840511 32.02
1204303208900366 32.02
1204303208960224 32
1204303209020079 32
1204303209080949 32
1204303209140789 32
1204303209200641 32.02
1204303209260500 32
1204303209320354 32
1204303209380214 32
1204303209440064 32
1204303209500916 32.02
1204303209560773 32
1204303209620628 32
1204303209680493 32.02
1204303209740335 32.02
1204303209800325 32.02
1204303209860044 32.02
1204303209920899 32.02
1204303209980773 32
1204303300040865 32.02
1204303300100720 32.02
1204303300160575 32.02
1204303300220433 32
1204303300280293 32
1204303300340143 32
1204303300400068 32
1204303300460855 32
1204303300520708 32
1204303300580573 32.02
1204303300640419 32
1204303300700273 32
1204303300760128 32
1204303300820983 32
1204303300880847 32
1204303300940693 32
1204303301000565 32
1204303301060402 32
1204303301120258 32
1204303301180137 32
1204303301240968 32
1204303301300822 32
1204303301360678 32
1204303301420529 32.02
1204303301480401 32
1204303301540243 32
1204303301560301 32
1204303301610069 32.02
1204303301670929 32
1204303301730783 32
1204303301790634 32.02
1204303301850490 32.02
1204303301910344 32.02
1204303301970202 32
1204303302030053 32.02
1204303302090910 32.02
1204303302150765 32.02
1204303302210619 32.02
1204303302270473 32.02
1204303302330329 32.02
1204303302390186 32
1204303302450038 32.02
1204303302510897 32
1204303302570752 32
1204303302630603 31.98
1204303302690462 31.96
1204303302750314 31.94
1204303302810169 31.94
1204303302870023 31.94
1204303302930879 31.94
1204303302990733 31.94
1204303303050587 31.94
1204303303110443 31.94
1204303303170298 31.94
1204303303230155 31.96
1204303303290007 31.94
1204303303350863 31.94
1204303303410719 31.94
1204303303470572 31.94
1204303303530428 31.94
1204303303590282 31.94
1204303303650136 31.94
1204303303710993 31.94
1204303303770847 31.94
1204303303830702 31.94
1204303303890557 31.94
1204303303950412 31.94
1204303304010266 31.94
1204303304070122 31.94
1204303304130977 31.94
1204303304190833 31.94
1204303304250686 31.94
1204303304310542 31.94
1204303304370397 31.94
1204303304430252 31.94
1204303304490107 31.94
1204303304550062 31.94
1204303304570893 31.94
1204303304620793 31.94
1204303304680659 31.94
1204303304740501 31.94
1204303304800357 31.92
1204303304860225 31.92
1204303304920066 31.92
1204303304980942 31.94
1204303305040777 31.92
1204303305100631 31.92
1204303305160487 31.94
1204303305220342 31.92
1204303305280205 31.94
1204303305340051 31.94
1204303305400907 31.92
1204303305460762 31.92
1204303305520617 31.92
1204303305580479 31.92
1204303305640326 31.92
1204303305700181 31.92
1204303305760035 31.92
1204303305820891 31.92
1204303305880761 31.92
1204303305940602 31.92
1204303306000456 31.92
1204303306060310 31.92
1204303306120166 31.92
1204303306180033 31.92
1204303306240877 31.92
1204303306300731 31.92
1204303306360587 31.92
1204303306420440 31.92
1204303306480324 31.92
1204303306540150 31.92
1204303306600005 31.92
1204303306660861 31.92
1204303306720716 31.92
1204303306780581 31.92
1204303306840426 31.92
1204303306900279 31.92
1204303306960135 31.92
1204303307020991 31.92
1204303307080859 31.92
1204303307140700 31.92
1204303307200555 31.92
1204303307260410 31.92
1204303307320264 31.92
1204303307380126 31.92
1204303307440976 31.92
1204303307500830 31.92
1204303307560684 31.94
1204303307590947 31.92
1204303307630515 31.92
1204303307690371 31.92
1204303307750225 31.92
1204303307810080 31.92
1204303307870936 31.92
1204303307930791 31.92
1204303307990825 31.92
1204303308050659 31.9
1204303308110354 31.92
1204303308170210 31.92
1204303308230064 31.92
1204303308290920 31.92
1204303308350775 31.92
1204303308410629 31.92
1204303308470484 31.94
1204303308530339 31.92
1204303308590194 31.92
1204303308650048 31.92
1204303308710905 31.92
1204303308770759 31.92
1204303308830616 31.92
1204303308890470 31.92
1204303308950324 31.92
1204303309010178 31.92
1204303309070035 31.92
1204303309130890 31.94
1204303309190758 31.92
1204303309250599 31.92
1204303309310453 31.92
1204303309370310 31.92
1204303309430164 31.92
1204303309490017 31.9
1204303309550975 31.92
1204303309610729 31.92
1204303309670583 31.92
1204303309730438 31.92
1204303309790306 31.92
1204303309850149 31.92
1204303309910003 31.92
1204303309970858 31.92
1204303400030969 31.92
1204303400090823 31.92
1204303400150678 31.92
1204303400210532 31.92
1204303400270388 31.92
1204303400330243 31.92
1204303400390111 31.92
1204303400450953 31.92
1204303400510808 31.92
1204303400570662 31.92
1204303400590777 31.92
1204303400640493 31.92
1204303400700349 31.92
1204303400760204 31.92
1204303400820057 31.92
1204303400880922 31.92
1204303400940768 31.92
1204303401000623 31.92
1204303401060478 31.92
1204303401120333 31.92
1204303401180199 31.92
1204303401240042 31.92
1204303401300897 31.92
1204303401360754 31.92
1204303401420605 31.9
1204303401480473 31.92
1204303401540316 31.92
1204303401600172 31.92
1204303401660027 31.92
1204303401720884 31.92
1204303401780743 31.92
1204303401840592 31.92
1204303401900448 31.92
1204303401960302 31.92
1204303402020157 31.92
1204303402080019 31.92
1204303402140868 31.92
1204303402200723 31.92
1204303402260577 31.92
1204303402320432 31.92
1204303402380300 31.92
1204303402440140 31.92
1204303402500997 31.92
1204303402560852 31.92
1204303402620707 31.92
1204303402680574 31.92
1204303402740417 31.92
1204303402800271 31.92
1204303402860125 31.92
1204303402920981 31.92
1204303402980857 31.92
1204303403040691 31.92
1204303403100546 31.92
1204303403160401 31.92
1204303403220255 31.92
1204303403280126 31.94
1204303403340966 31.92
1204303403400822 31.92
1204303403460675 31.92
1204303403520531 31.92
1204303403580400 31.92
1204303403600308 31.9
1204303403650217 31.92
1204303403710071 31.92
1204303403770926 31.92
1204303403830776 31.89
1204303403890637 31.92
1204303403950490 31.92
1204303404010347 31.92
1204303404070200 31.92
1204303404130055 31.92
1204303404190911 31.92
1204303404250766 31.92
1204303404310622 31.92
1204303404370476 31.92
1204303404430331 31.92
1204303404490185 31.92
1204303404550149 31.92
1204303404610895 31.92
1204303404670750 31.92
1204303404730606 31.92
1204303404790459 31.92
1204303404850314 31.92
1204303404910170 31.92
1204303404970024 31.92
1204303405030881 31.92
1204303405090735 31.92
1204303405150590 31.92
1204303405210444 31.92
1204303405270300 31.94
1204303405330154 31.92
1204303405390010 31.92
1204303405450865 31.92
1204303405510720 31.92
1204303405570574 31.92
1204303405630429 31.94
1204303405690285 31.92
1204303405750139 31.92
1204303405810994 31.92
1204303405870850 31.92
1204303405930704 31.92
1204303405990560 31.92
1204303406050414 31.92
1204303406110268 31.92
1204303406170123 31.92
1204303406230993 31.92
1204303406290834 31.92
1204303406350824 31.92
1204303406410543 31.92
1204303406470397 31.9
1204303406530253 31.92
1204303406590109 31.92
1204303406610034 31.9
1204303406660939 31.92
1204303406720795 31.92
1204303406780659 31.92
1204303406840503 31.92
1204303406900359 31.92
1204303406960214 31.92
1204303407020069 31.92
1204303407080930 31.92
1204303407140779 31.92
1204303407200634 31.92
1204303407260485 31.9
1204303407320343 31.92
1204303407380212 31.92
1204303407440052 31.9
1204303407500910 31.92
1204303407560764 31.92
1204303407620618 31.92
1204303407680487 31.92
1204303407740328 31.94
1204303407800183 31.92
1204303407860038 31.92
1204303407920892 31.94
1204303407990985 31.92
1204303408040602 31.92
1204303408100457 31.92
1204303408160312 31.92
1204303408220164 31.9
1204303408280034 31.92
1204303408340878 31.92
1204303408400733 31.92
1204303408460588 31.92
1204303408520442 31.92
1204303408580310 31.92
1204303408640151 31.92
1204303408700005 31.9
1204303408760863 31.92
1204303408820718 31.92
1204303408880601 31.94
1204303408940427 31.92
1204303409000281 31.92
1204303409060137 31.92
1204303409120992 31.92
1204303409180861 31.92
1204303409240702 31.92
1204303409300557 31.92
1204303409360410 31.92
1204303409420265 31.92
1204303409480128 31.9
1204303409540977 31.92
1204303409600832 31.92
1204303409620762 31.92
1204303409670661 31.92
1204303409730517 31.92
1204303409790371 31.92
1204303409850226 31.92
1204303409910083 31.92
1204303409970937 31.92
1204303500030046 31.92
1204303500090903 31.92
1204303500150756 31.92
1204303500210612 31.92
1204303500270467 31.92
1204303500330321 31.92
1204303500390176 31.92
1204303500450030 31.92
1204303500510887 31.92
1204303500570741 31.92
1204303500630597 31.92
1204303500690451 31.92
1204303500750306 31.92
1204303500810161 31.92
1204303500870016 31.92
1204303500930872 31.92
1204303500990723 31.9
1204303501050581 31.92
1204303501110436 31.92
1204303501170291 31.92
1204303501230146 31.92
1204303501290001 31.92
1204303501350856 31.92
1204303501410711 31.92
1204303501470563 31.9
1204303501530418 31.9
1204303501590273 31.9
1204303501650128 31.9
1204303501710986 31.92
1204303501770841 31.92
1204303501830696 31.92
1204303501890551 31.92
1204303501950405 31.92
1204303502010261 31.92
1204303502070116 31.92
1204303502130968 31.9
1204303502190825 31.92
1204303502250681 31.92
1204303502310534 31.92
1204303502370390 31.92
1204303502430245 31.92
1204303502490098 31.92
1204303502550061 31.9
1204303502610808 31.9
1204303502630736 31.9
1204303502680644 31.9
1204303502740493 31.9
1204303502800350 31.92
1204303502860205 31.92
1204303502920060 31.92
1204303502980936 31.9
1204303503040768 31.9
1204303503100626 31.92
1204303503160479 31.92
1204303503220332 31.9
1204303503280199 31.92
1204303503340043 31.9
1204303503400898 31.9
1204303503460753 31.9
1204303503520609 31.92
1204303503580469 31.92
1204303503640317 31.9
1204303503700172 31.9
1204303503760026 31.9
1204303503820883 31.9
1204303503880746 31.92
1204303503940595 31.92
1204303504000448 31.9
1204303504060304 31.92
1204303504120158 31.92
1204303504180027 31.92
1204303504240868 31.9
1204303504300722 31.9
1204303504360577 31.9
1204303504420434 31.92
1204303504480291 31.9
1204303504540143 31.92
1204303504600998 31.92
1204303504660854 31.92
1204303504720707 31.9
1204303504780570 31.92
1204303504840416 31.9
1204303504900271 31.9
1204303504960125 31.9
1204303505020981 31.9
1204303505080841 31.9
1204303505140694 31.92
1204303505200545 31.9
1204303505260400 31.9
1204303505320255 31.9
1204303505380115 31.9
1204303505440967 31.9
1204303505500820 31.9
1204303505560675 31.9
1204303505620531 31.9
1204303505640460 31.9
1204303505690361 31.9
1204303505750216 31.9
1204303505810070 31.9
1204303505870927 31.9
1204303505930780 31.9
1204303505990636 31.9
1204303506050491 31.9
1204303506110346 31.9
1204303506170201 31.9
1204303506230054 31.9
1204303506290911 31.9
1204303506350766 31.9
1204303506410621 31.9
1204303506470476 31.9
1204303506530329 31.9
1204303506590185 31.9
1204303506650040 31.9
1204303506710895 31.9
1204303506770750 31.9
1204303506830605 31.9
1204303506890461 31.9
1204303506950314 31.9
1204303507010169 31.9
1204303507070024 31.9
1204303507130881 31.9
1204303507190737 31.9
1204303507250589 31.9
1204303507310446 31.92
1204303507370300 31.9
1204303507430155 31.9
1204303507490006 31.89
1204303507550980 31.9
1204303507610720 31.9
1204303507670575 31.9