1204203003190139 32.63
1204203003250995 32.63
1204203003310850 32.63
1204203003370705 32.63
1204203003430559 32.63
1204203003490414 32.63
1204203003550269 32.63
1204203003610124 32.63
1204203003670978 32.63
1204203003730834 32.63
1204203003790689 32.63
1204203003850544 32.63
1204203003910399 32.63
1204203003970252 32.63
1204203004030108 32.63
1204203004090964 32.63
1204203004150819 32.63
1204203004210675 32.63
1204203004270528 32.63
1204203004330383 32.63
1204203004390238 32.63
1204203004450088 32.61
1204203004510948 32.63
1204203004570803 32.63
1204203004630658 32.63
1204203004690513 32.63
1204203004750369 32.63
1204203004810221 32.63
1204203004870077 32.63
1204203004930933 32.63
1204203004990788 32.63
1204203005050643 32.63
1204203005110498 32.63
1204203005170351 32.63
1204203005230207 32.63
1204203005290062 32.63
1204203005350915 32.61
1204203005410773 32.63
1204203005430765 32.61
1204203005480603 32.63
1204203005540458 32.63
1204203005600313 32.63
1204203005660165 32.61
1204203005720071 32.61
1204203005780874 32.61
1204203005840729 32.61
1204203005900585 32.61
1204203005960442 32.63
1204203006020350 32.63
1204203006080152 32.63
1204203006140008 32.63
1204203006200862 32.63
1204203006260718 32.63
1204203006320631 32.63
1204203006380428 32.63
1204203006440279 32.61
1204203006500150 32.63
1204203006560992 32.63
1204203006620896 32.61
1204203006680703 32.63
1204203006740556 32.63
1204203006800411 32.63
1204203006860262 32.61
1204203006920272 32.61
1204203006980974 32.61
1204203007040831 32.63
1204203007100682 32.61
1204203007160537 32.61
1204203007220445 32.61
1204203007280248 32.61
1204203007340103 32.61
1204203007400957 32.61
1204203007460812 32.61
1204203007520724 32.61
1204203007580521 32.61
1204203007640376 32.61
1204203007700231 32.61
1204203007760228 32.61
1204203007820995 32.61
1204203007880798 32.61
1204203007940653 32.61
1204203008000506 32.61
1204203008060361 32.61
1204203008120273 32.61
1204203008180070 32.61
1204203008240926 32.61
1204203008300782 32.61
1204203008360717 32.61
1204203008420549 32.57
1204203008440385 32.57
1204203008490323 32.54
1204203008550181 32.52
1204203008610034 32.5
1204203008670890 32.5
1204203008730745 32.48
1204203008790601 32.48
1204203008850456 32.48
1204203008910311 32.48
1204203008970164 32.48
1204203009030019 32.48
1204203009090875 32.48
1204203009150731 32.48
1204203009210584 32.5
1204203009270437 32.57
1204203009330295 32.65
1204203009390149 32.76
1204203009450003 32.82
1204203009510859 32.82
1204203009570712 32.82
1204203009630568 32.82
1204203009690423 32.82
1204203009750278 32.82
1204203009810132 32.82
1204203009870988 32.82
1204203009930843 32.82
1204203009990698 32.82
1204203100050809 32.82
1204203100110662 32.82
1204203100170518 32.82
1204203100230373 32.82
1204203100290228 32.82
1204203100350081 32.82
1204203100410937 32.82
1204203100470793 32.82
1204203100530648 32.82
1204203100590503 32.82
1204203100650356 32.82
1204203100710209 32.83
1204203100770065 32.83
1204203100830921 32.83
1204203100890776 32.83
1204203100950629 32.83
1204203101010484 32.83
1204203101070340 32.83
1204203101130195 32.83
1204203101190050 32.83
1204203101250906 32.82
1204203101310761 32.82
1204203101370617 32.82
1204203101430474 32.8
1204203101450350 32.82
1204203101500317 32.8
1204203101560159 32.8
1204203101620067 32.8
1204203101680870 32.8
1204203101740723 32.8
1204203101800579 32.8
1204203101860434 32.8
1204203101920467 32.8
1204203101980143 32.8
1204203102040999 32.8
1204203102100854 32.8
1204203102160705 32.83
1204203102220615 32.83
1204203102280416 32.85
1204203102340271 32.85
1204203102400126 32.85
1204203102460982 32.85
1204203102520892 32.85
1204203102580691 32.85
1204203102640546 32.85
1204203102700399 32.83
1204203102760258 32.8
1204203102820168 32.76
1204203102880968 32.76
1204203102940823 32.76
1204203103000676 32.74
1204203103060531 32.74
1204203103120441 32.74
1204203103180242 32.76
1204203103240095 32.78
1204203103300949 32.83
1204203103360805 32.89
1204203103420712 32.93
1204203103480518 32.98
1204203103540372 33.04
1204203103600225 33.11
1204203103660080 33.19
1204203103720995 33.24
1204203103780793 33.28
1204203103840647 33.34
1204203103900500 33.36
1204203103960355 33.36
1204203104020262 33.36
1204203104080064 33.36
1204203104140920 33.36
1204203104200776 33.36
1204203104260629 33.36
1204203104320539 33.36
1204203104380339 33.36
1204203104440194 33.36
1204203104460072 33.34
1204203104510024 33.36
1204203104570880 33.36
1204203104630735 33.36
1204203104690590 33.36
1204203104750445 33.36
1204203104810301 33.36
1204203104870154 33.36
1204203104930010 33.36
1204203104990865 33.36
1204203105050721 33.36
1204203105110574 33.36
1204203105170429 33.36
1204203105230284 33.36
1204203105290139 33.36
1204203105350996 33.36
1204203105410849 33.36
1204203105470704 33.36
1204203105530561 33.34
1204203105590418 33.32
1204203105650271 33.3
1204203105710127 33.28
1204203105770981 33.28
1204203105830836 33.28
1204203105890691 33.28
1204203105950705 33.28
1204203106010400 33.28
1204203106070257 33.26
1204203106130112 33.26
1204203106190967 33.28
1204203106250820 33.28
1204203106310675 33.28
1204203106370530 33.28
1204203106430386 33.28
1204203106490241 33.28
1204203106550180 33.28
1204203106610950 33.28
1204203106670805 33.28
1204203106730660 33.28
1204203106790515 33.28
1204203106850369 33.28
1204203106910224 33.28
1204203106970079 33.28
1204203107030937 33.26
1204203107090792 33.26
1204203107150658 33.24
1204203107210497 33.21
1204203107270352 33.21
1204203107330208 33.21
1204203107390063 33.19
1204203107450917 33.19
1204203107470797 33.17
1204203107520805 33.19
1204203107580604 33.19
1204203107640457 33.19
1204203107700312 33.19
1204203107760168 33.19
1204203107820083 33.19
1204203107880879 33.19
1204203107940732 33.19
1204203108000588 33.19
1204203108060443 33.19
1204203108120353 33.19
1204203108180153 33.19
1204203108240006 33.19
1204203108300862 33.19
1204203108360718 33.19
1204203108420626 33.19
1204203108480429 33.19
1204203108540282 33.19
1204203108600137 33.19
1204203108660993 33.19
1204203108720904 33.17
1204203108780705 33.17
1204203108840558 33.17
1204203108900413 33.17
1204203108960268 33.17
1204203109020182 33.17
1204203109080980 33.17
1204203109140833 33.17
1204203109200688 33.17
1204203109260541 33.19
1204203109320459 33.17
1204203109380254 33.17
1204203109440105 33.19
1204203109500975 33.19
1204203109560819 33.17
1204203109620725 33.19
1204203109680525 33.19
1204203109740382 33.17
1204203109800238 33.17
1204203109860091 33.19
1204203109920133 33.19
1204203109980802 33.17
1204203200040912 33.19
1204203200100767 33.19
1204203200160622 33.19
1204203200220536 33.17
1204203200280332 33.19
1204203200340188 33.17
1204203200400043 33.17
1204203200460899 33.17
1204203200480785 33.17
1204203200530729 33.17
1204203200590584 33.17
1204203200650439 33.17
1204203200710292 33.19
1204203200770148 33.17
1204203200830001 33.19
1204203200890859 33.17
1204203200950714 33.17
1204203201010568 33.19
1204203201070425 33.17
1204203201130279 33.17
1204203201190131 33.19
1204203201250987 33.19
1204203201310844 33.17
1204203201370699 33.17
1204203201430551 33.19
1204203201490408 33.17
1204203201550263 33.17
1204203201610118 33.17
1204203201670974 33.17
1204203201730828 33.17
1204203201790683 33.17
1204203201850538 33.17
1204203201910393 33.17
1204203201970245 33.19
1204203202030103 33.17
1204203202090958 33.17
1204203202150814 33.17
1204203202210667 33.17
1204203202270522 33.17
1204203202330377 33.17
1204203202390232 33.17
1204203202450087 33.17
1204203202510943 33.17
1204203202570797 33.17
1204203202630652 33.17
1204203202690507 33.17
1204203202750362 33.17
1204203202810216 33.15
1204203202870073 33.17
1204203202930925 33.15
1204203202990780 33.13
1204203203050638 33.04
1204203203110488 32.87
1204203203170343 32.69
1204203203230197 32.57
1204203203290056 32.48
1204203203350910 32.46
1204203203410767 32.44
1204203203470620 32.44
1204203203490504 32.46
1204203203540452 32.44
1204203203600306 32.46
1204203203660159 32.46
1204203203720073 32.44
1204203203780870 32.46
1204203203840727 32.44
1204203203900583 32.44
1204203203960434 32.46
1204203204020344 32.46
1204203204080145 32.46
1204203204140136 32.46
1204203204200857 32.44
1204203204260711 32.46
1204203204320621 32.44
1204203204380419 32.46
1204203204440276 32.44
1204203204500145 32.44
1204203204560986 32.42
1204203204620892 32.33
1204203204680694 32.26
1204203204740612 32.24
1204203204800406 32.2
1204203204860260 32.18
1204203204920275 32.2
1204203204980971 32.2
1204203205040827 32.2
1204203205100682 32.2
1204203205160535 32.2
1204203205220449 32.2
1204203205280243 32.22
1204203205340110 32.22
1204203205400955 32.22
1204203205460812 32.24
1204203205520725 32.24
1204203205580520 32.24
1204203205640374 32.26
1204203205700228 32.26
1204203205760084 32.24
1204203205820993 32.26
1204203205880794 32.26
1204203205940655 32.26
1204203206000502 32.26
1204203206060357 32.26
1204203206120278 32.26
1204203206180068 32.26
1204203206240926 32.28
1204203206300777 32.26
1204203206360632 32.26
1204203206420540 32.26
1204203206480342 32.26
1204203206500373 32.26
1204203206550172 32.26
1204203206610027 32.26
1204203206670886 32.28
1204203206730739 32.26
1204203206790596 32.28
1204203206850451 32.28
1204203206910304 32.28
1204203206970155 32.29
1204203207030011 32.29
1204203207090865 32.33
1204203207150723 32.41
1204203207210577 32.5
1204203207270435 32.56
1204203207330284 32.57
1204203207390143 32.56
1204203207450996 32.57
1204203207510851 32.57
1204203207570706 32.57
1204203207630561 32.57
1204203207690415 32.57
1204203207750270 32.57
1204203207810125 32.57
1204203207870981 32.59
1204203207930835 32.57
1204203207990690 32.57
1204203208050545 32.57
1204203208110401 32.57
1204203208170254 32.57
1204203208230109 32.57
1204203208290965 32.57
1204203208350820 32.57
1204203208410676 32.57
1204203208470529 32.57
1204203208530384 32.57
1204203208590239 32.59
1204203208650094 32.59
1204203208710951 32.59
1204203208770804 32.59
1204203208830659 32.59
1204203208890514 32.59
1204203208950369 32.59
1204203209010224 32.59
1204203209070078 32.59
1204203209130934 32.59
1204203209190789 32.57
1204203209250644 32.59
1204203209310498 32.59
1204203209370353 32.59
1204203209430208 32.59
1204203209490064 32.59
1204203209510962 32.59
1204203209560894 32.57
1204203209620800 32.59
1204203209680605 32.59
1204203209740462 32.63
1204203209800317 32.65
1204203209860172 32.65
1204203209920213 32.65
1204203209980884 32.65
1204203300040993 32.65
1204203300100848 32.65
1204203300160703 32.65
1204203300220613 32.65
1204203300280410 32.67
1204203300340267 32.65
1204203300400122 32.65
1204203300460978 32.65
1204203300520882 32.63
1204203300580685 32.61
1204203300640538 32.57
1204203300700395 32.5
1204203300760252 32.48
1204203300820154 32.46
1204203300880961 32.46
1204203300940815 32.46
1204203301000670 32.46
1204203301060525 32.46
1204203301120431 32.46
1204203301180235 32.48
1204203301240089 32.46
1204203301300945 32.46
1204203301360800 32.46
1204203301420706 32.46
1204203301480511 32.48
1204203301540365 32.46
1204203301600220 32.46
1204203301660075 32.46
1204203301720988 32.46
1204203301780784 32.46
1204203301840640 32.46
1204203301900495 32.46
1204203301960348 32.46
1204203302020258 32.46
1204203302080058 32.46
1204203302140915 32.46
1204203302200770 32.46
1204203302260623 32.46
1204203302320539 32.46
1204203302380333 32.46
1204203302440189 32.46
1204203302500057 32.46
1204203302530266 32.46
1204203302570875 32.5
1204203302630728 32.57
1204203302690583 32.61
1204203302750441 32.65
1204203302810296 32.72
1204203302870151 32.76
1204203302930174 32.76
1204203302990862 32.76
1204203303050715 32.8
1204203303110568 32.85
1204203303170422 32.87
1204203303230279 32.91
1204203303290135 32.95
1204203303350991 33.02
1204203303410844 33.11
1204203303470701 33.17
1204203303530555 33.17
1204203303590410 33.17
1204203303650263 33.19
1204203303710118 33.19
1204203303770975 33.19
1204203303830828 33.19
1204203303890685 33.17
1204203303950539 33.17
1204203304010394 33.19
1204203304070247 33.19
1204203304130177 33.17
1204203304190958 33.19
1204203304250814 33.19
1204203304310669 33.19
1204203304370522 33.19
1204203304430377 33.19
1204203304490232 33.21
1204203304550088 33.21
1204203304610946 33.22
1204203304670799 33.22
1204203304730703 33.21
1204203304790507 33.21
1204203304850362 33.21
1204203304910217 33.21
1204203304970071 33.21
1204203305030929 33.22
1204203305090782 33.21
1204203305150637 33.21
1204203305210492 33.21
1204203305270346 33.21
1204203305330215 33.21
1204203305390056 33.21
1204203305450912 33.21
1204203305510768 33.19
1204203305540982 33.21
1204203305580597 33.19
1204203305640453 33.21
1204203305700306 33.21
1204203305760161 33.21
1204203305820079 33.21
1204203305880875 33.22
1204203305940729 33.22
1204203306000584 33.22
1204203306060437 33.21
1204203306120384 33.22
1204203306180149 33.22
1204203306240002 33.22
1204203306300858 33.22
1204203306360714 33.22
1204203306420651 33.22
1204203306480424 33.22
1204203306540275 33.21
1204203306600130 33.21
1204203306660987 33.13
1204203306720902 33.02
1204203306780699 32.95
1204203306840549 32.93
1204203306900406 32.91
1204203306960261 32.91
1204203307020177 32.91
1204203307080970 32.91
1204203307140826 32.91
1204203307200681 32.91
1204203307260536 32.91
1204203307320458 32.91
1204203307380243 32.93
1204203307440104 33.08
1204203307500970 33.15
1204203307560815 33.26
1204203307620717 33.39
1204203307680520 33.5
1204203307740377 33.56
1204203307800230 33.58
1204203307860084 33.62
1204203307930146 33.62
1204203307980795 33.63
1204203308040650 33.63
1204203308100503 33.67
1204203308160358 33.71
1204203308220266 33.71
1204203308280067 33.71
1204203308340923 33.71
1204203308400778 33.71
1204203308460633 33.71
1204203308520557 33.71
1204203308540388 33.69
1204203308590318 33.69
1204203308650173 33.69
1204203308710028 33.67
1204203308770885 33.65
1204203308830740 33.63
1204203308890595 33.62
1204203308950450 33.6
1204203309010305 33.6
1204203309070159 33.6
1204203309130014 33.62
1204203309190870 33.62
1204203309250725 33.6
1204203309310580 33.62
1204203309370434 33.6
1204203309430289 33.6
1204203309490144 33.62
1204203309550000 33.6
1204203309610854 33.62
1204203309670709 33.62
1204203309730565 33.63
1204203309790418 33.65
1204203309850271 33.69
1204203309910128 33.69
1204203309970982 33.69
1204203400030091 33.69
1204203400090947 33.71
1204203400150803 33.71
1204203400210658 33.71
1204203400270511 33.69
1204203400330367 33.71
1204203400390222 33.69
1204203400450077 33.69
1204203400510931 33.71
1204203400570786 33.69
1204203400630642 33.71
1204203400690497 33.69
1204203400750352 33.69
1204203400810207 33.71
1204203400870061 33.71
1204203400930917 33.71
1204203400990772 33.69
1204203401050627 33.69
1204203401110482 33.69
1204203401170335 33.69
1204203401230191 33.71
1204203401290046 33.69
1204203401350902 33.69
1204203401410756 33.71
1204203401470611 33.71
1204203401530466 33.71
1204203401550352 33.69
1204203401600296 33.69
1204203401660151 33.71
1204203401720071 33.71
1204203401780862 33.69
1204203401840718 33.71
1204203401900571 33.71
1204203401960426 33.71
1204203402020340 33.69
1204203402080136 33.69
1204203402140993 33.71
1204203402200846 33.71
1204203402260701 33.71
1204203402320591 33.69
1204203402380411 33.69
1204203402440265 33.69
1204203402500133 33.69
1204203402560976 33.69
1204203402620905 33.69
1204203402680686 33.69
1204203402740541 33.69
1204203402800396 33.69
1204203402860250 33.69
1204203402920236 33.69
1204203402980961 33.69
1204203403040816 33.67
1204203403100669 33.67
1204203403160525 33.67
1204203403220477 33.67
1204203403280235 33.67
1204203403340090 33.67
1204203403400944 33.67
1204203403460800 33.67
1204203403520713 33.67
1204203403580510 33.67
1204203403640363 33.67
1204203403700218 33.67
1204203403760074 33.67
1204203403820989 33.67
1204203403880785 33.67
1204203403940639 33.67
1204203404000494 33.67
1204203404060348 33.67
1204203404120233 33.67
1204203404180059 33.69
1204203404240915 33.69
1204203404300770 33.69
1204203404360623 33.71
1204203404420549 33.71
1204203404480334 33.69
1204203404540189 33.71
1204203404560075 33.73
1204203404610019 33.71
1204203404670875 33.69
1204203404730730 33.69
1204203404790583 33.69
1204203404850439 33.69
1204203404910296 33.63
1204203404970153 33.56
1204203405030008 33.54
1204203405090862 33.54
1204203405150716 33.52
1204203405210571 33.52
1204203405270426 33.52
1204203405330283 33.54
1204203405390137 33.54
1204203405450993 33.54
1204203405510846 33.52
1204203405570703 33.54
1204203405630556 33.52
1204203405690411 33.6
1204203405750262 33.69
1204203405810120 33.78
1204203405870976 33.84
1204203405930831 33.84
1204203405990686 33.84
1204203406050540 33.84
1204203406110394 33.84
1204203406170252 33.86
1204203406230105 33.84
1204203406290961 33.84
1204203406350816 33.84
1204203406410669 33.84
1204203406470524 33.84
1204203406530382 33.8
1204203406590235 33.78
1204203406650088 33.76
1204203406710944 33.75
1204203406770799 33.75
1204203406830655 33.75
1204203406890510 33.75
1204203406950363 33.75
1204203407010218 33.75
1204203407070074 33.75
1204203407130930 33.75
1204203407190785 33.75
1204203407250638 33.75
1204203407310493 33.73
1204203407370349 33.75
1204203407430204 33.75
1204203407490059 33.75
1204203407550914 33.75
1204203407570799 33.75
1204203407620819 33.73
1204203407680600 33.75
1204203407740455 33.75
1204203407800308 33.75
1204203407860163 33.75
1204203407930233 33.75
1204203407980875 33.73
1204203408040730 33.73
1204203408100583 33.73
1204203408160438 33.73
1204203408220346 33.73
1204203408280148 33.73
1204203408340004 33.75
1204203408400858 33.73
1204203408460713 33.73
1204203408520647 33.75
1204203408580424 33.75
1204203408640279 33.75
1204203408700134 33.73
1204203408760988 33.73
1204203408820931 33.73
1204203408880699 33.73
1204203408940552 33.73
1204203409000409 33.75
1204203409060263 33.73
1204203409120188 33.75
1204203409180974 33.75
1204203409240829 33.73
1204203409300682 33.73
1204203409360538 33.75
1204203409420469 33.75
1204203409480246 33.75
1204203409540102 33.75
1204203409600958 33.73
1204203409660813 33.75
1204203409720750 33.75
1204203409780521 33.73
1204203409840377 33.75
1204203409900232 33.75
1204203409960087 33.75
1204203500020261 33.75
1204203500080052 33.75
1204203500140908 33.75
1204203500200763 33.73
1204203500260619 33.73
1204203500320579 33.73
1204203500380327 33.75
1204203500440182 33.73
1204203500500051 33.73
1204203500560894 33.75
1204203500580778 33.76
1204203500630724 33.73
1204203500690579 33.73
1204203500750434 33.73
1204203500810287 33.73
1204203500870143 33.73
1204203500930999 33.75
1204203500990854 33.75
1204203501050708 33.75
1204203501110573 33.73
1204203501170418 33.75
1204203501230272 33.73
1204203501290129 33.73
1204203501350983 33.73
1204203501410838 33.73
1204203501470693 33.73
1204203501530548 33.75
1204203501590404 33.75
1204203501650257 33.73
1204203501710112 33.75
1204203501770969 33.75
1204203501830822 33.73
1204203501890677 33.75
1204203501950532 33.75
1204203502010387 33.75
1204203502070242 33.73
1204203502130098 33.75
1204203502190952 33.75
1204203502250807 33.73
1204203502310662 33.75
1204203502370517 33.75
1204203502430373 33.75
1204203502490226 33.75
1204203502550082 33.73
1204203502610938 33.73
1204203502670791 33.73
1204203502730646 33.73
1204203502790500 33.71
1204203502850355 33.65
1204203502910212 33.6
1204203502970065 33.52
1204203503030920 33.49
1204203503090775 33.47
1204203503150629 33.47
1204203503210483 33.47
1204203503270339 33.47
1204203503330195 33.47
1204203503390048 33.47
1204203503450904 33.47
1204203503510759 33.47
1204203503570614 33.47
1204203503590492 33.49
1204203503640444 33.47
1204203503700300 33.47
1204203503760154 33.47
1204203503820080 33.49
1204203503880864 33.49
1204203503940719 33.49
1204203504000575 33.49
1204203504060430 33.47
1204203504120364 33.49
1204203504180139 33.47
1204203504240995 33.49
1204203504300850 33.49
1204203504360704 33.47
1204203504420632 33.47
1204203504480414 33.47
1204203504540269 33.47
1204203504600122 33.47
1204203504660978 33.47
1204203504720914 33.47
1204203504780689 33.47
1204203504840542 33.47
1204203504900397 33.49
1204203504960253 33.49
1204203505020200 33.47
1204203505080964 33.49
1204203505140819 33.49
1204203505200673 33.47
1204203505260528 33.49
1204203505320447 33.49
1204203505380238 33.49
1204203505440094 33.49
1204203505500961 33.47
1204203505560803 33.49
1204203505620734 33.49
1204203505680513 33.47
1204203505740369 33.49
1204203505800222 33.47
1204203505860077 33.47
1204203505930137 33.47
1204203505980788 33.47
1204203506040642 33.49
1204203506100497 33.47
1204203506160352 33.47
1204203506220290 33.49
1204203506280062 33.49
1204203506340919 33.52
1204203506400774 33.6
1204203506460627 33.65
1204203506520588 33.71
1204203506580339 33.78
1204203506600223 33.84
1204203506650171 33.86
1204203506710027 33.88
1204203506770881 33.89
1204203506830734 33.89
1204203506890589 33.89
1204203506950444 33.91
1204203507010299 33.91
1204203507070154 33.91
1204203507130009 33.91
1204203507190865 33.91
1204203507250719 33.91
1204203507310574 33.89
1204203507370429 33.89
1204203507430284 33.91
1204203507490139 33.91
1204203507550994 33.91
1204203507610849 33.91
1204203507670704 33.89
1204203507730560 33.91
1204203507790414 33.89
1204203507850268 33.91
1204203507910123 33.91
1204203507970979 33.91
1204203508030834 33.89
1204203508090689 33.91
1204203508150543 33.91
1204203508210398 33.91
1204203508270253 33.91
1204203508330109 33.91
1204203508390963 33.91
1204203508450818 33.93
1204203508510673 33.91
1204203508570527 33.91
1204203508630382 33.91
1204203508690237 33.91
1204203508750093 33.91
1204203508810949 33.91
1204203508870802 33.89
1204203508930657 33.89
1204203508990512 33.91
1204203509050367 33.91
1204203509110222 33.89
1204203509170076 33.89
1204203509230932 33.89
1204203509290787 33.91
1204203509350642 33.91
1204203509410497 33.89
1204203509470352 33.89
1204203509530206 33.89
1204203509590060 33.91
1204203509610947 33.91
1204203509660893 33.89
1204203509730852 33.91
1204203509780604 33.91
1204203509840457 33.91
1204203509900312 33.89
1204203509960167 33.91
1204203600020346 33.89
1204203600080131 33.91
1204203600140987 33.93
1204203600200842 33.93
1204203600260698 33.93
1204203600330651 33.93
1204203600380406 33.93
1204203600440262 33.93
1204203600500131 33.93
1204203600560971 33.93
1204203600620895 33.93
1204203600680682 33.93
1204203600740537 33.93
1204203600800393 33.91
1204203600860245 33.91
1204203600930308 33.93
1204203600980957 33.91
1204203601040812 33.91
1204203601100667 33.91
1204203601160522 33.93
1204203601220469 33.93
1204203601280230 33.93
1204203601340086 33.93
1204203601400941 33.93
1204203601460797 33.93
1204203601520736 33.93
1204203601580505 33.93
1204203601640359 33.95
1204203601700214 33.95
1204203601760069 33.95
1204203601820003 33.95
1204203601880778 33.95
1204203601940634 33.95
1204203602000489 33.95
1204203602060342 33.95
1204203602120291 33.95
1204203602180055 33.91
1204203602240913 33.8
1204203602300764 33.67
1204203602360620 33.63
1204203602420563 33.62
1204203602480330 33.6
1204203602540185 33.6
1204203602600040 33.6
1204203602630250 33.6
1204203602670871 33.62
1204203602730726 33.6
1204203602790581 33.6
1204203602850435 33.6
1204203602910290 33.6
1204203602970145 33.6
1204203603030000 33.6
1204203603090856 33.62
1204203603150710 33.62
1204203603210565 33.62
1204203603270420 33.6
1204203603330275 33.62
1204203603390131 33.62
1204203603450985 33.62
1204203603510840 33.62
1204203603570695 33.6
1204203603630550 33.62
1204203603690403 33.6
1204203603750259 33.6
1204203603810114 33.62
1204203603870971 33.62
1204203603930826 33.6
1204203603990679 33.6
1204203604050534 33.62
1204203604110389 33.6
1204203604170245 33.62
1204203604230098 33.6
1204203604300133 33.6
1204203604350810 33.6
1204203604410665 33.6
1204203604470520 33.6
1204203604530373 33.6
1204203604590228 33.6
1204203604650083 33.6
1204203604710939 33.6
1204203604770794 33.6
1204203604830648 33.6
1204203604900603 33.6
1204203604950358 33.6
1204203605010213 33.6
1204203605070068 33.58
1204203605130923 33.52
1204203605190778 33.52
1204203605250633 33.5
1204203605310488 33.5
1204203605370343 33.5
1204203605430195 33.49
1204203605490078 33.5
1204203605550909 33.5
1204203605610764 33.5
1204203605640835 33.5
1204203605680593 33.5
1204203605740449 33.5
1204203605800304 33.58
1204203605860155 33.65
1204203605920013 33.75
1204203605980869 33.78
1204203606040724 33.78
1204203606100581 33.8
1204203606160434 33.8
1204203606230467 33.78
1204203606280145 33.8
1204203606340000 33.8
1204203606400853 33.78
1204203606460709 33.8
1204203606530696 33.8
1204203606580418 33.78
1204203606640271 33.71
1204203606700126 33.67
1204203606760980 33.67
1204203606830933 33.67
1204203606880690 33.67