1204205208110035 33.82
1204205208170891 33.82
1204205208190779 33.82
1204205208240723 33.82
1204205208300576 33.82
1204205208360431 33.82
1204205208420288 33.8
1204205208480143 33.8
1204205208540008 33.8
1204205208600853 33.8
1204205208660709 33.8
1204205208720564 33.8
1204205208780419 33.8
1204205208840272 33.8
1204205208900127 33.8
1204205208960983 33.8
1204205209020838 33.8
1204205209080693 33.8
1204205209140549 33.8
1204205209200403 33.8
1204205209260256 33.8
1204205209320110 33.78
1204205209380966 33.78
1204205209440827 33.8
1204205209500678 33.8
1204205209560533 33.8
1204205209620387 33.8
1204205209680243 33.8
1204205209740096 33.8
1204205209800953 33.8
1204205209860808 33.8
1204205209920661 33.8
1204205209980518 33.8
1204205300040625 33.78
1204205300100482 33.8
1204205300160335 33.78
1204205300220190 33.78
1204205300280045 33.76
1204205300340904 33.76
1204205300400755 33.73
1204205300460609 33.69
1204205300520477 33.65
1204205300580320 33.63
1204205300640175 33.6
1204205300700032 33.56
1204205300760886 33.56
1204205300820741 33.54
1204205300880596 33.54
1204205300940460 33.54
1204205301000306 33.54
1204205301060160 33.52
1204205301120016 33.54
1204205301180873 33.54
1204205301200758 33.54
1204205301250702 33.54
1204205301310558 33.54
1204205301370411 33.52
1204205301430265 33.52
1204205301490117 33.47
1204205301550973 33.39
1204205301610832 33.34
1204205301670688 33.3
1204205301730543 33.26
1204205301790398 33.24
1204205301850253 33.24
1204205301910105 33.22
1204205301970962 33.22
1204205302030815 33.21
1204205302090801 33.19
1204205302150525 33.19
1204205302210381 33.17
1204205302270236 33.17
1204205302330089 33.15
1204205302390943 33.15
1204205302450799 33.13
1204205302510654 33.13
1204205302570509 33.13
1204205302630364 33.13
1204205302690260 33.13
1204205302750072 33.11
1204205302810928 33.13
1204205302870783 33.11
1204205302930639 33.11
1204205302990494 33.11
1204205303050349 33.11
1204205303110202 33.13
1204205303170057 33.13
1204205303230914 33.13
1204205303290782 33.13
1204205303350624 33.13
1204205303410477 33.15
1204205303470332 33.15
1204205303530190 33.17
1204205303590045 33.17
1204205303650897 33.15
1204205303710755 33.17
1204205303770610 33.17
1204205303830463 33.15
1204205303890332 33.17
1204205303950172 33.15
1204205304010029 33.17
1204205304070885 33.17
1204205304130738 33.15
1204205304190591 33.15
1204205304210483 33.17
1204205304260425 33.17
1204205304320277 33.15
1204205304380133 33.17
1204205304440989 33.17
1204205304500845 33.17
1204205304560860 33.17
1204205304620552 33.15
1204205304680409 33.17
1204205304740265 33.19
1204205304800117 33.21
1204205304860975 33.22
1204205304920829 33.22
1204205304980686 33.24
1204205305040549 33.24
1204205305100395 33.24
1204205305160250 33.24
1204205305220105 33.24
1204205305280961 33.24
1204205305340817 33.24
1204205305400671 33.24
1204205305460525 33.26
1204205305520394 33.24
1204205305580235 33.24
1204205305640099 33.24
1204205305700947 33.24
1204205305760801 33.24
1204205305820655 33.24
1204205305880510 33.26
1204205305940540 33.24
1204205306000220 33.24
1204205306060074 33.22
1204205306120930 33.24
1204205306180785 33.24
1204205306240640 33.24
1204205306300495 33.24
1204205306360350 33.24
1204205306420204 33.24
1204205306480059 33.24
1204205306540925 33.24
1204205306600770 33.24
1204205306660624 33.24
1204205306720480 33.24
1204205306780334 33.24
1204205306840194 33.24
1204205306900044 33.24
1204205306960899 33.26
1204205307020754 33.32
1204205307080766 33.36
1204205307140459 33.36
1204205307200314 33.36
1204205307220209 33.34
1204205307270146 33.36
1204205307330001 33.36
1204205307390856 33.36
1204205307450711 33.36
1204205307510732 33.34
1204205307570422 33.34
1204205307630275 33.36
1204205307690132 33.34
1204205307750989 33.34
1204205307810842 33.3
1204205307870697 33.3
1204205307930551 33.28
1204205307990409 33.26
1204205308050265 33.26
1204205308110119 33.26
1204205308170974 33.24
1204205308230828 33.24
1204205308290685 33.24
1204205308350538 33.24
1204205308410394 33.24
1204205308470249 33.24
1204205308530102 33.26
1204205308590960 33.24
1204205308650813 33.26
1204205308710669 33.24
1204205308770625 33.26
1204205308830378 33.24
1204205308890232 33.24
1204205308950102 33.26
1204205309010944 33.24
1204205309070798 33.24
1204205309130653 33.24
1204205309190505 33.22
1204205309250364 33.24
1204205309310215 33.22
1204205309370073 33.24
1204205309430926 33.22
1204205309490780 33.22
1204205309550636 33.22
1204205309610493 33.24
1204205309670343 33.21
1204205309730201 33.22
1204205309790054 33.22
1204205309850911 33.22
1204205309910768 33.24
1204205309970621 33.22
1204205400030732 33.22
1204205400090586 33.22
1204205400150442 33.22
1204205400210298 33.24
1204205400230185 33.24
1204205400280143 33.22
1204205400340988 33.21
1204205400400835 33.21
1204205400460690 33.19
1204205400520559 33.19
1204205400580401 33.17
1204205400640256 33.17
1204205400700111 33.17
1204205400760966 33.17
1204205400820822 33.17
1204205400880690 33.17
1204205400940541 33.17
1204205401000386 33.17
1204205401060240 33.17
1204205401120094 33.15
1204205401180949 33.15
1204205401240808 33.15
1204205401300659 33.15
1204205401360517 33.17
1204205401420372 33.17
1204205401480240 33.17
1204205401540085 33.15
1204205401600934 33.15
1204205401660791 33.17
1204205401720644 33.15
1204205401780499 33.15
1204205401840361 33.15
1204205401900208 33.15
1204205401960063 33.15
1204205402020918 33.15
1204205402080786 33.15
1204205402140637 33.15
1204205402200483 33.15
1204205402260339 33.15
1204205402320192 33.15
1204205402380048 33.15
1204205402440914 33.15
1204205402500757 33.15
1204205402560612 33.15
1204205402620470 33.17
1204205402680322 33.15
1204205402740185 33.15
1204205402800031 33.15
1204205402860888 33.15
1204205402920742 33.15
1204205402980597 33.15
1204205403040458 33.15
1204205403100307 33.11
1204205403160162 33.13
1204205403220019 33.13
1204205403240026 33.11
1204205403290848 33.11
1204205403350703 33.11
1204205403410558 33.13
1204205403470413 33.13
1204205403530268 33.13
1204205403590123 33.13
1204205403650977 33.13
1204205403710832 33.13
1204205403770688 33.13
1204205403830543 33.13
1204205403890398 33.13
1204205403950252 33.13
1204205404010107 33.13
1204205404070961 33.11
1204205404130818 33.13
1204205404190671 33.13
1204205404250687 33.11
1204205404310382 33.13
1204205404370237 33.13
1204205404430092 33.11
1204205404490947 33.11
1204205404550802 33.13
1204205404610661 33.08
1204205404670513 33.02
1204205404730371 32.98
1204205404790226 32.98
1204205404850080 32.98
1204205404910938 32.96
1204205404970793 32.96
1204205405030646 32.96
1204205405090502 32.96
1204205405150357 32.96
1204205405210212 32.96
1204205405270067 32.96
1204205405330921 32.96
1204205405390777 32.96
1204205405450632 32.96
1204205405510487 32.96
1204205405570338 32.95
1204205405630194 32.98
1204205405690051 32.96
1204205405750907 32.96
1204205405810762 32.96
1204205405870609 32.93
1204205405930465 32.91
1204205405990318 32.87
1204205406050174 32.85
1204205406110030 32.82
1204205406170885 32.82
1204205406230739 32.82
1204205406250852 32.82
1204205406300571 32.82
1204205406360426 32.82
1204205406420281 32.82
1204205406480135 32.82
1204205406540001 32.82
1204205406600846 32.82
1204205406660701 32.82
1204205406720556 32.82
1204205406780410 32.82
1204205406840273 32.82
1204205406900120 32.82
1204205406960979 32.8
1204205407020831 32.8
1204205407080686 32.82
1204205407140539 32.82
1204205407200395 32.82
1204205407260250 32.82
1204205407320105 32.82
1204205407380960 32.82
1204205407440825 32.82
1204205407500672 32.8
1204205407560524 32.82
1204205407620380 32.82
1204205407680233 32.82
1204205407740090 32.82
1204205407800944 32.82
1204205407860800 32.82
1204205407920655 32.82
1204205407980510 32.82
1204205408040375 32.82
1204205408100218 32.82
1204205408160076 32.8
1204205408220930 32.82
1204205408280783 32.82
1204205408340648 32.82
1204205408400494 32.82
1204205408460349 32.82
1204205408520220 32.8
1204205408580061 32.8
1204205408640923 32.82
1204205408700769 32.82
1204205408760624 32.82
1204205408820479 32.82
1204205408880332 32.82
1204205408940197 32.82
1204205409000043 32.82
1204205409060899 32.82
1204205409120756 32.8
1204205409180607 32.82
1204205409240472 32.82
1204205409260370 32.85
1204205409310294 32.82
1204205409370147 32.82
1204205409430002 32.82
1204205409490861 32.8
1204205409550714 32.82
1204205409610569 32.82
1204205409670430 32.82
1204205409730279 32.8
1204205409790133 32.82
1204205409850989 32.82
1204205409910844 32.82
1204205409970699 32.82
1204205500030808 32.82
1204205500090665 32.8
1204205500150520 32.8
1204205500210373 32.82
1204205500270227 32.82
1204205500330084 32.8
1204205500390940 32.8
1204205500450793 32.82
1204205500510648 32.82
1204205500570502 32.82
1204205500630359 32.8
1204205500690214 32.8
1204205500750070 32.8
1204205500810922 32.82
1204205500870778 32.82
1204205500930633 32.82
1204205500990488 32.82
1204205501050343 32.82
1204205501110198 32.82
1204205501170051 32.82
1204205501230907 32.82
1204205501290763 32.82
1204205501350620 32.8
1204205501410471 32.82
1204205501470328 32.8
1204205501530181 32.82
1204205501590038 32.8
1204205501650895 32.8
1204205501710748 32.8
1204205501770603 32.8
1204205501830456 32.82
1204205501890313 32.8
1204205501950169 32.8
1204205502010024 32.8
1204205502070879 32.8
1204205502130733 32.8
1204205502190588 32.8
1204205502250444 32.8
1204205502270513 32.8
1204205502320273 32.8
1204205502380128 32.8
1204205502440986 32.8
1204205502500840 32.8
1204205502560694 32.8
1204205502620548 32.8
1204205502680404 32.8
1204205502740269 32.8
1204205502800114 32.8
1204205502860968 32.8
1204205502920823 32.8
1204205502980679 32.8
1204205503040542 32.8
1204205503100387 32.8
1204205503160242 32.8
1204205503220097 32.8
1204205503280954 32.8
1204205503340817 32.8
1204205503400662 32.8
1204205503460517 32.8
1204205503520386 32.8
1204205503580228 32.8
1204205503640094 32.8
1204205503700939 32.8
1204205503760792 32.8
1204205503820647 32.8
1204205503880503 32.8
1204205503940367 32.8
1204205504000213 32.8
1204205504060066 32.8
1204205504120922 32.8
1204205504180776 32.78
1204205504240639 32.8
1204205504300488 32.8
1204205504360341 32.8
1204205504420197 32.8
1204205504480052 32.8
1204205504540918 32.8
1204205504600762 32.8
1204205504660732 32.8
1204205504720470 32.78
1204205504780327 32.8
1204205504840190 32.8
1204205504900035 32.8
1204205504960891 32.8
1204205505020747 32.8
1204205505080601 32.8
1204205505140464 32.8
1204205505200312 32.8
1204205505260204 32.8
1204205505280058 32.8
1204205505330998 32.8
1204205505390853 32.8
1204205505450708 32.8
1204205505510561 32.8
1204205505570416 32.8
1204205505630272 32.8
1204205505690126 32.8
1204205505750983 32.8
1204205505810836 32.8
1204205505870691 32.8
1204205505930546 32.8
1204205505990401 32.8
1204205506050256 32.8
1204205506110110 32.8
1204205506170966 32.8
1204205506230821 32.8
1204205506290676 32.8
1204205506350532 32.8
1204205506410385 32.8
1204205506470240 32.8
1204205506530095 32.8
1204205506590952 32.8
1204205506650806 32.8
1204205506710660 32.8
1204205506770516 32.8
1204205506830371 32.8
1204205506890224 32.8
1204205506950080 32.8
1204205507010936 32.8
1204205507070791 32.8
1204205507130646 32.8
1204205507190499 32.8
1204205507250354 32.8
1204205507310209 32.8
1204205507370063 32.78
1204205507430921 32.8
1204205507490776 32.8
1204205507550629 32.8
1204205507610484 32.8
1204205507670340 32.8
1204205507730193 32.78
1204205507790048 32.8
1204205507850904 32.8
1204205507910759 32.8
1204205507970615 32.8
1204205508030468 32.8
1204205508090323 32.8
1204205508150179 32.8
1204205508210034 32.8
1204205508270890 32.8
1204205508290780 32.8
1204205508340728 32.8
1204205508400575 32.8
1204205508460430 32.8
1204205508520297 32.8
1204205508580139 32.8
1204205508640001 32.8
1204205508700850 32.8
1204205508760705 32.8
1204205508820559 32.8
1204205508880414 32.8
1204205508940283 32.8
1204205509000124 32.8
1204205509060979 32.8
1204205509120834 32.8
1204205509180689 32.8
1204205509240554 32.8
1204205509300399 32.8
1204205509360254 32.8
1204205509420105 32.78
1204205509480964 32.8
1204205509540827 32.8
1204205509600674 32.8
1204205509660527 32.8
1204205509720383 32.8
1204205509780238 32.8
1204205509840101 32.8
1204205509900949 32.8
1204205509960802 32.8
1204205600020915 32.8
1204205600080768 32.8
1204205600140631 32.8
1204205600200479 32.8
1204205600260332 32.8
1204205600320187 32.8
1204205600380042 32.8
1204205600440906 32.8
1204205600500754 32.8
1204205600560607 32.8
1204205600620462 32.8
1204205600680317 32.8
1204205600740179 32.8
1204205600800028 32.8
1204205600860882 32.8
1204205600920737 32.8
1204205600980593 32.8
1204205601040454 32.8
1204205601100303 32.8
1204205601160156 32.8
1204205601220011 32.8
1204205601280868 32.8
1204205601300757 32.78
1204205601350698 32.8
1204205601410552 32.8
1204205601470407 32.8
1204205601530262 32.8
1204205601590117 32.8
1204205601650974 32.8
1204205601710827 32.8
1204205601770683 32.8
1204205601830537 32.8
1204205601890392 32.8
1204205601950248 32.8
1204205602010103 32.8
1204205602070957 32.8
1204205602130812 32.8
1204205602190667 32.8
1204205602250623 32.78
1204205602310378 32.8
1204205602370231 32.8
1204205602430086 32.8
1204205602490942 32.8
1204205602550796 32.8
1204205602610651 32.8
1204205602670506 32.8
1204205602730362 32.8
1204205602790217 32.8
1204205602850201 32.8
1204205602910926 32.8
1204205602970782 32.8
1204205603030637 32.8
1204205603090492 32.8
1204205603150345 32.8
1204205603210200 32.8
1204205603270056 32.8
1204205603330912 32.8
1204205603390767 32.8
1204205603450749 32.8
1204205603510475 32.8
1204205603570330 32.8
1204205603630185 32.8
1204205603690041 32.8
1204205603750895 32.8
1204205603810749 32.78
1204205603870606 32.8
1204205603930461 32.8
1204205603990314 32.8
1204205604050183 32.8
1204205604110025 32.8
1204205604170881 32.8
1204205604230736 32.8
1204205604290590 32.8
1204205604310641 32.8
1204205604360421 32.8
1204205604420276 32.8
1204205604480131 32.8
1204205604540993 32.8
1204205604600841 32.8
1204205604660696 32.8
1204205604720549 32.8
1204205604780405 32.8
1204205604840270 32.8
1204205604900115 32.8
1204205604960971 32.8
1204205605020825 32.8
1204205605080680 32.8
1204205605140547 32.8
1204205605200390 32.8
1204205605260244 32.8
1204205605320099 32.8
1204205605380955 32.8
1204205605440818 32.8
1204205605500665 32.8
1204205605560519 32.8
1204205605620374 32.8
1204205605680229 32.8
1204205605740092 32.8
1204205605800940 32.8
1204205605860794 32.8
1204205605920649 32.8
1204205605980504 32.8
1204205606040367 32.82
1204205606100215 32.8
1204205606160068 32.8
1204205606220924 32.8
1204205606280780 32.8
1204205606340643 32.8
1204205606400488 32.8
1204205606460343 32.8
1204205606520212 32.8
1204205606580053 32.8
1204205606640917 32.8
1204205606700763 32.8
1204205606760618 32.8
1204205606820474 32.8
1204205606880329 32.8
1204205606940196 32.8
1204205607000037 32.8
1204205607060894 32.8
1204205607120749 32.8
1204205607180604 32.8
1204205607240467 32.8
1204205607300312 32.8
1204205607320206 32.8
1204205607370144 32.8
1204205607440000 32.8
1204205607490853 32.8
1204205607550708 32.8
1204205607610563 32.8
1204205607670419 32.8
1204205607730274 32.8
1204205607790127 32.8
1204205607850983 32.8
1204205607910839 32.8
1204205607970693 32.8
1204205608030548 32.8
1204205608090404 32.8
1204205608150257 32.8
1204205608210112 32.8
1204205608270968 32.8
1204205608330823 32.8
1204205608390679 32.8
1204205608450532 32.8
1204205608510387 32.8
1204205608570242 32.8
1204205608630097 32.8
1204205608690952 32.8
1204205608750805 32.78
1204205608810662 32.8
1204205608870518 32.8
1204205608930373 32.8
1204205608990226 32.8
1204205609050081 32.8
1204205609110938 32.8
1204205609170793 32.8
1204205609230648 32.8
1204205609290501 32.8
1204205609350356 32.8
1204205609410212 32.8
1204205609470066 32.8
1204205609530922 32.8
1204205609590778 32.8
1204205609650631 32.8
1204205609710486 32.8
1204205609770341 32.8
1204205609830195 32.78
1204205609890050 32.8
1204205609950906 32.8
1204205700010016 32.8
1204205700070872 32.8
1204205700130727 32.8
1204205700190580 32.8
1204205700250435 32.8
1204205700310291 32.8
1204205700330184 32.8
1204205700380120 32.8
1204205700440990 32.8
1204205700500832 32.8
1204205700560687 32.8
1204205700620542 32.8
1204205700680395 32.8
1204205700740258 32.8
1204205700800105 32.8
1204205700860962 32.8
1204205700920817 32.8
1204205700980672 32.8
1204205701040539 32.8
1204205701100380 32.8
1204205701160236 32.8
1204205701220091 32.8
1204205701280947 32.8
1204205701340812 32.8
1204205701400655 32.8
1204205701460511 32.8
1204205701520379 32.8
1204205701580220 32.8
1204205701640089 32.8
1204205701700931 32.8
1204205701760785 32.8
1204205701820640 32.8
1204205701880495 32.8
1204205701940364 32.8
1204205702000206 32.8
1204205702060059 32.8
1204205702120915 32.8
1204205702180770 32.8
1204205702240639 32.8
1204205702300480 32.8
1204205702360336 32.8
1204205702420189 32.8
1204205702480044 32.8
1204205702540908 32.8
1204205702600755 32.8
1204205702660609 32.8
1204205702720462 32.78
1204205702780319 32.8
1204205702840188 32.8
1204205702900029 32.8
1204205702960886 32.8
1204205703020741 32.8
1204205703080594 32.8
1204205703140461 32.8
1204205703200305 32.8
1204205703260158 32.8
1204205703320013 32.8
1204205703340026 32.8
1204205703390846 32.8
1204205703450699 32.8
1204205703510554 32.8
1204205703570409 32.8
1204205703630264 32.8
1204205703690120 32.8
1204205703750976 32.8
1204205703810829 32.8
1204205703870684 32.8
1204205703930539 32.8
1204205703990395 32.8
1204205704050248 32.8
1204205704110105 32.8
1204205704170959 32.8
1204205704230814 32.8
1204205704290669 32.8
1204205704350524 32.8
1204205704410380 32.8
1204205704470233 32.8
1204205704530088 32.8
1204205704590944 32.8
1204205704650798 32.8
1204205704710653 32.8
1204205704770508 32.8
1204205704830364 32.8
1204205704890219 32.8
1204205704950072 32.8
1204205705010929 32.8
1204205705070783 32.8
1204205705130639 32.8
1204205705190494 32.8
1204205705250347 32.8
1204205705310202 32.8
1204205705370057 32.8
1204205705430913 32.8
1204205705490769 32.8
1204205705550622 32.8
1204205705610477 32.8
1204205705670332 32.8
1204205705730188 32.8
1204205705790042 32.8
1204205705850897 32.8
1204205705910752 32.8
1204205705970607 32.8
1204205706030463 32.8
1204205706090318 32.8
1204205706150171 32.8
1204205706210026 32.8
1204205706270882 32.8
1204205706330737 32.8
1204205706350848 32.78
1204205706400567 32.8
1204205706460422 32.8
1204205706520291 32.8
1204205706580133 32.8
1204205706640994 32.8
1204205706700842 32.8
1204205706760697 32.8
1204205706820552 32.8
1204205706880408 32.8
1204205706940275 32.8
1204205707000116 32.8
1204205707060973 32.8
1204205707120828 32.8
1204205707180683 32.8
1204205707240544 32.8
1204205707300391 32.8
1204205707360247 32.8
1204205707420102 32.8
1204205707480956 32.8
1204205707540817 32.8
1204205707600667 32.8
1204205707660522 32.8
1204205707720377 32.8
1204205707780230 32.8
1204205707840095 32.8
1204205707900942 32.8
1204205707960797 32.8
1204205708020652 32.8
1204205708080506 32.8
1204205708140370 32.8
1204205708200215 32.8
1204205708260071 32.8
1204205708320927 32.8
1204205708380780 32.8
1204205708440645 32.8
1204205708500491 32.8
1204205708560346 32.8
1204205708620201 32.8
1204205708680054 32.8
1204205708740918 32.8
1204205708800766 32.8
1204205708860621 32.8
1204205708920476 32.8
1204205708980329 32.8
1204205709040189 32.8
1204205709100040 32.8
1204205709160896 32.8
1204205709220749 32.8
1204205709280605 32.8
1204205709340466 32.8
1204205709360362 32.82
1204205709410290 32.8
1204205709470145 32.8
1204205709530000 32.8
1204205709590857 32.8
1204205709650710 32.8
1204205709710565 32.8
1204205709770420 32.8
1204205709830275 32.8
1204205709890130 32.8
1204205709950985 32.78
1204205800010095 32.8
1204205800070951 32.8
1204205800130807 32.8
1204205800190662 32.8
1204205800250515 32.8
1204205800310370 32.8
1204205800370223 32.78
1204205800430080 32.8
1204205800490937 32.8
1204205800550790 32.8
1204205800610646 32.8
1204205800670499 32.78
1204205800730356 32.8
1204205800790209 32.8
1204205800850065 32.8
1204205800910921 32.8
1204205800970776 32.8
1204205801030627 32.78
1204205801090484 32.8
1204205801150338 32.78
1204205801210195 32.8
1204205801270048 32.78
1204205801330906 32.8
1204205801390760 32.8
1204205801450615 32.8
1204205801510470 32.8
1204205801570325 32.8
1204205801630179 32.8
1204205801690032 32.78
1204205801750890 32.8
1204205801810745 32.8
1204205801870598 32.8
1204205801930455 32.8
1204205801990309 32.8
1204205802050164 32.8
1204205802110019 32.8
1204205802170875 32.8
1204205802230729 32.8
1204205802290584 32.8
1204205802350439 32.8
1204205802370333 32.78
1204205802420269 32.8
1204205802480124 32.8
1204205802540988 32.8
1204205802600835 32.8
1204205802660689 32.8
1204205802720544 32.8
1204205802780399 32.8
1204205802840259 32.8
1204205802900108 32.78
1204205802960962 32.78
1204205803020817 32.78
1204205803080674 32.8
1204205803140537 32.8
1204205803200383 32.8
1204205803260238 32.8
1204205803320093 32.8
1204205803380947 32.78
1204205803440812 32.8
1204205803500658 32.78
1204205803560513 32.8
1204205803620366 32.78
1204205803680222 32.78
1204205803740081 32.78
1204205803800933 32.8
1204205803860788 32.8
1204205803920643 32.8
1204205803980499 32.8
1204205804040358 32.78
1204205804100207 32.8
1204205804160062 32.8
1204205804220082 32.8
1204205804280774 32.8
1204205804340639 32.8
1204205804400482 32.8
1204205804460337 32.8
1204205804520206 32.8
1204205804580048 32.8
1204205804640910 32.8
1204205804700758 32.8
1204205804760613 32.8
1204205804820565 32.8
1204205804880323 32.8
1204205804940189 32.8
1204205805000031 32.8
1204205805060886 32.78
1204205805120741 32.78
1204205805180598 32.8
1204205805240463 32.8
1204205805300305 32.78
1204205805360162 32.8
1204205805380062 32.8
1204205805430993 32.8
1204205805490848 32.8
1204205805550703 32.8
1204205805610556 32.8
1204205805670412 32.8
1204205805730267 32.8
1204205805790120 32.78
1204205805850978 32.8
1204205805910833 32.8
1204205805970688 32.8
1204205806030541 32.8
1204205806090396 32.8
1204205806150252 32.8
1204205806210107 32.8
1204205806270963 32.8
1204205806330817 32.8
1204205806390671 32.8
1204205806450527 32.8
1204205806510382 32.8
1204205806570235 32.78
1204205806630089 32.78
1204205806690947 32.8
1204205806750802 32.8
1204205806810658 32.8
1204205806870510 32.8
1204205806930365 32.8
1204205806990219 32.78
1204205807050076 32.8
1204205807110932 32.8
1204205807170783 32.78
1204205807230641 32.8
1204205807290496 32.8
1204205807350351 32.8
1204205807410206 32.8
1204205807470060 32.8
1204205807530916 32.8
1204205807590771 32.8
1204205807650627 32.8
1204205807710480 32.8
1204205807770333 32.78
1204205807830191 32.8
1204205807890045 32.8
1204205807950902 32.8
1204205808010753 32.78
1204205808070610 32.8
1204205808130463 32.78
1204205808190318 32.78
1204205808250173 32.78
1204205808310028 32.78
1204205808370885 32.8
1204205808390778 32.78
1204205808440722 32.78
1204205808500571 32.8
1204205808560424 32.78
1204205808620277 32.78
1204205808680135 32.8
1204205808740001 32.8
1204205808800846 32.8
1204205808860702 32.8
1204205808920554 32.8
1204205808980410 32.8
1204205809040273 32.78
1204205809100118 32.78
1204205809160972 32.78
1204205809220829 32.8
1204205809280685 32.8
1204205809340546 32.8
1204205809400395 32.8
1204205809460246 32.78
1204205809520117 32.8
1204205809580959 32.8
1204205809640826 32.8
1204205809700670 32.8
1204205809760525 32.8
1204205809820378 32.8
1204205809880234 32.8
1204205809940102 32.8
1204205900000199 32.8
1204205900060054 32.8
1204205900120909 32.8
1204205900180762 32.78
1204205900240623 32.8
1204205900300474 32.8
1204205900360330 32.8
1204205900420182 32.8
1204205900480038 32.8
1204205900540898 32.8
1204205900600749 32.8
1204205900660604 32.8
1204205900720459 32.8
1204205900780312 32.8
1204205900840180 32.8
1204205900900023 32.8
1204205900960877 32.78
1204205901020731 32.78
1204205901080588 32.8
1204205901140449 32.8
1204205901200298 32.8
1204205901260152 32.8
1204205901320007 32.8
1204205901380864 32.8
1204205901400757 32.78
1204205901450693 32.8
1204205901510548 32.8
1204205901570404 32.8
1204205901630257 32.8
1204205901690112 32.8
1204205901750969 32.8
1204205901810824 32.8
1204205901870679 32.8
1204205901930534 32.8
1204205901990389 32.8
1204205902050242 32.8
1204205902110097 32.8
1204205902170954 32.8
1204205902230809 32.8
1204205902290664 32.8
1204205902350517 32.8
1204205902410515 32.78
1204205902470228 32.8
1204205902530083 32.8
1204205902590939 32.8
1204205902650792 32.8
1204205902710647 32.8
1204205902770502 32.8
1204205902830358 32.8
1204205902890211 32.8
1204205902950067 32.8
1204205903010013 32.8
1204205903070778 32.8
1204205903130633 32.8
1204205903190486 32.8
1204205903250341 32.8
1204205903310194 32.78
1204205903370052 32.8
1204205903430906 32.78
1204205903490763 32.8
1204205903550616 32.8
1204205903610495 32.8
1204205903670327 32.8
1204205903730182 32.8
1204205903790033 32.78
1204205903850892 32.8
1204205903910747 32.8
1204205903970602 32.8
1204205904030453 32.78
1204205904090310 32.8
1204205904150165 32.8
1204205904210034 32.8
1204205904270877 32.8
1204205904330732 32.8
1204205904390585 32.8
1204205904410666 32.8
1204205904460417 32.8
1204205904520286 32.8
1204205904580125 32.8
1204205904640993 32.8
1204205904700835 32.78
1204205904760692 32.8
1204205904820547 32.8
1204205904880402 32.8
1204205904940269 32.8
1204205905000110 32.8
1204205905060967 32.8
1204205905120822 32.8
1204205905180675 32.78
1204205905240538 32.8
1204205905300385 32.8
1204205905360241 32.8
1204205905420094 32.78
1204205905480951 32.78
1204205905540817 32.8
1204205905600660 32.8
1204205905660514 32.78
1204205905720369 32.78
1204205905780224 32.8
1204205905840083 32.8
1204205905900935 32.8
1204205905960791 32.8
1204205906020646 32.8
1204205906080499 32.8
1204205906140366 32.8
1204205906200209 32.8
1204205906260063 32.78
1204205906320919 32.78
1204205906380776 32.8
1204205906440635 32.8
1204205906500483 32.78
1204205906560339 32.8
1204205906620192 32.78
1204205906680050 32.8
1204205906740912 32.8
1204205906800759 32.8
1204205906860614 32.8
1204205906920467 32.78
1204205906980325 32.8
1204205907040186 32.8
1204205907100033 32.8
1204205907160889 32.8
1204205907220744 32.8
1204205907280598 32.78
1204205907340459 32.78
1204205907400308 32.8
1204205907420206 32.8
1204205907470140 32.8
1204205907530994 32.8
1204205907590848 32.78
1204205907650703 32.78
1204205907710560 32.8
1204205907770413 32.8
1204205907830267 32.78
1204205907890124 32.8
1204205907950978 32.78
1204205908010834 32.78
1204205908070687 32.78
1204205908130544 32.8
1204205908190397 32.78
1204205908250254 32.8
1204205908310109 32.8
1204205908370963 32.8
1204205908430818 32.8
1204205908490673 32.8
1204205908550527 32.78
1204205908610384 32.8
1204205908670237 32.78
1204205908730092 32.8
1204205908790947 32.78
1204205908850804 32.8
1204205908910657 32.8
1204205908970512 32.8
1204205909030368 32.8
1204205909090223 32.8
1204205909150078 32.8
1204205909210934 32.8
1204205909270785 32.78
1204205909330642 32.8
1204205909390497 32.8
1204205909450351 32.78
1204205909510208 32.8
1204205909570061 32.8
1204205909630917 32.8
1204205909690773 32.8
1204205909750626 32.78
1204205909810483 32.8
1204205909870335 32.78
1204205909930192 32.8
1204205909990045 32.78
1204300000050156 32.78
1204300000110009 32.78
1204300000170867 32.8
1204300000230722 32.8
1204300000290577 32.8
1204300000350433 32.8
1204300000410288 32.8
1204300000430181 32.78
1204300000480117 32.8
1204300000540981 32.78
1204300000600948 32.8
1204300000660684 32.8
1204300000720537 32.8
1204300000780390 32.78
1204300000840253 32.8
1204300000900100 32.78
1204300000960958 32.8
1204300001020810 32.78
1204300001080667 32.8
1204300001140528 32.8
1204300001200391 32.8
1204300001260232 32.8
1204300001320087 32.8
1204300001380941 32.8
1204300001440804 32.8
1204300001500651 32.8
1204300001560505 32.78
1204300001620362 32.8
1204300001680213 32.78
1204300001740076 32.78
1204300001800938 32.78
1204300001860782 32.8
1204300001920635 32.78
1204300001980489 32.78
1204300002040352 32.8
1204300002100199 32.78
1204300002160056 32.8
1204300002220910 32.8
1204300002280766 32.8
1204300002340630 32.8
1204300002400488 32.78
1204300002460331 32.8
1204300002520198 32.8
1204300002580038 32.78
1204300002640900 32.78
1204300002700751 32.8
1204300002760604 32.78
1204300002820461 32.8
1204300002880314 32.78
1204300002940183 32.8
1204300003000036 32.78
1204300003060881 32.8
1204300003120734 32.78
1204300003180589 32.8
1204300003240448 32.8
1204300003300299 32.8
1204300003360153 32.78
1204300003420010 32.8
1204300003440017 32.78
1204300003490838 32.78
1204300003550694 32.78
1204300003610551 32.8
1204300003670403 32.78
1204300003730257 32.78
1204300003790115 32.8
1204300003850971 32.8
1204300003910826 32.8
1204300003970681 32.8
1204300004030535 32.8
1204300004090388 32.78
1204300004150243 32.78
1204300004210098 32.78
1204300004270952 32.78
1204300004330810 32.8
1204300004390665 32.8
1204300004450520 32.8
1204300004510375 32.8
1204300004570230 32.8
1204300004630081 32.78
1204300004690939 32.8
1204300004750795 32.8
1204300004810650 32.8
1204300004870503 32.8
1204300004930356 32.78
1204300004990213 32.8
1204300005050069 32.8
1204300005110925 32.8
1204300005170780 32.8
1204300005230633 32.78
1204300005290486 32.78
1204300005350344 32.8
1204300005410197 32.78
1204300005470050 32.78
1204300005530908 32.8
1204300005590762 32.78
1204300005650619 32.8
1204300005710474 32.8
1204300005770330 32.8
1204300005830180 32.78
1204300005890037 32.8
1204300005950892 32.78
1204300006010747 32.78
1204300006070602 32.8
1204300006130458 32.8
1204300006190313 32.8
1204300006250168 32.8
1204300006310021 32.8
1204300006370878 32.8
1204300006430731 32.78
1204300006450863 32.78
1204300006500564 32.8
1204300006560418 32.8
1204300006620271 32.78
1204300006680128 32.8
1204300006740992 32.8
1204300006800836 32.78
1204300006860691 32.78
1204300006920548 32.8
1204300006980401 32.78
1204300007040268 32.8
1204300007100111 32.8
1204300007160966 32.78
1204300007220821 32.78
1204300007280676 32.78
1204300007340543 32.8
1204300007400388 32.8
1204300007460240 32.78
1204300007520110 32.8
1204300007580953 32.8
1204300007640810 32.8
1204300007700664 32.8
1204300007760517 32.8
1204300007820370 32.78
1204300007880227 32.8
1204300007940096 32.8
1204300008000938 32.8
1204300008060792 32.8
1204300008120647 32.8
1204300008180502 32.8
1204300008240365 32.8
1204300008300210 32.78
1204300008360064 32.78
1204300008420920 32.78
1204300008480775 32.78
1204300008540640 32.8
1204300008600485 32.78
1204300008660341 32.8
1204300008720194 32.78
1204300008780051 32.8
1204300008840909 32.78
1204300008900760 32.8
1204300008960614 32.78
1204300009020471 32.8
1204300009080326 32.8
1204300009140185 32.8
1204300009200036 32.8
1204300009260889 32.78
1204300009320744 32.78
1204300009380601 32.8
1204300009440464 32.8
1204300009460356 32.8
1204300009510284 32.78
1204300009570139 32.78
1204300009630995 32.78
1204300009690852 32.8
1204300009750706 32.8
1204300009810559 32.78
1204300009870416 32.8
1204300009930269 32.78
1204300009990138 32.8
1204300100050234 32.78
1204300100110089 32.78
1204300100170947 32.8
1204300100230803 32.8
1204300100290656 32.78
1204300100350511 32.8
1204300100410367 32.8
1204300100470222 32.8
1204300100530075 32.78
1204300100590945 32.8
1204300100650785 32.78
1204300100710642 32.8
1204300100770496 32.78
1204300100830349 32.78
1204300100890206 32.8
1204300100950061 32.8
1204300101010917 32.8
1204300101070770 32.78
1204300101130625 32.78
1204300101190478 32.78
1204300101250336 32.8
1204300101310191 32.8
1204300101370046 32.8
1204300101430898 32.78
1204300101490753 32.78
1204300101550608 32.78
1204300101610463 32.78
1204300101670320 32.8
1204300101730176 32.8
1204300101790027 32.78
1204300101850883 32.78
1204300101910740 32.8
1204300101970596 32.8
1204300102030449 32.78
1204300102090302 32.78
1204300102150160 32.8
1204300102210015 32.8
1204300102270871 32.8
1204300102330726 32.8
1204300102390579 32.8
1204300102450432 32.78
1204300102470330 32.78
1204300102520276 32.78
1204300102580120 32.8
1204300102640984 32.8
1204300102700829 32.78
1204300102760684 32.8
1204300102820540 32.8
1204300102880393 32.78
1204300102940258 32.8
1204300103000105 32.8
1204300103060958 32.78
1204300103120813 32.78
1204300103180668 32.78
1204300103240529 32.78
1204300103300378 32.78
1204300103360235 32.8
1204300103420086 32.78
1204300103480945 32.8
1204300103540804 32.8
1204300103600653 32.78
1204300103660510 32.8
1204300103720363 32.78
1204300103780220 32.8
1204300103840082 32.8
1204300103900929 32.8
1204300103960783 32.78
1204300104020640 32.8
1204300104080493 32.8
1204300104140354 32.78
1204300104200202 32.78
1204300104260057 32.78
1204300104320915 32.8
1204300104380766 32.78
1204300104440631 32.8
1204300104500479 32.8
1204300104560334 32.8
1204300104620189 32.8
1204300104680042 32.8
1204300104740900 32.8
1204300104800752 32.78
1204300104860606 32.78
1204300104920460 32.78
1204300104980318 32.8
1204300105040182 32.8
1204300105100026 32.78
1204300105160884 32.8
1204300105220735 32.78
1204300105280593 32.8
1204300105340452 32.78
1204300105400303 32.8
1204300105460154 32.78
1204300105480057 32.78
1204300105530987 32.78
1204300105590842 32.78
1204300105650697 32.78
1204300105710552 32.8
1204300105770408 32.8
1204300105830263 32.8
1204300105890116 32.78
1204300105950972 32.78
1204300106010827 32.78
1204300106070680 32.78
1204300106130537 32.8
1204300106190393 32.8
1204300106250246 32.78
1204300106310101 32.78
1204300106370956 32.78
1204300106430812 32.8
1204300106490667 32.8
1204300106550521 32.78
1204300106610376 32.78
1204300106670229 32.78
1204300106730084 32.78
1204300106790941 32.78
1204300106850798 32.8
1204300106910651 32.8
1204300106970505 32.78
1204300107030360 32.78
1204300107090215 32.78
1204300107150070 32.78
1204300107210924 32.78
1204300107270780 32.78
1204300107330637 32.8
1204300107390492 32.8
1204300107450345 32.78
1204300107510200 32.8
1204300107570054 32.78
1204300107630910 32.78
1204300107690767 32.8
1204300107750622 32.8
1204300107810474 32.78
1204300107870329 32.78
1204300107930186 32.8
1204300107990039 32.78
1204300108050895 32.78
1204300108110750 32.8
1204300108170604 32.78
1204300108230461 32.8
1204300108290314 32.78
1204300108350167 32.78
1204300108410023 32.78
1204300108470879 32.78
1204300108490784 32.8
1204300108540718 32.78
1204300108600567 32.8
1204300108660419 32.78
1204300108720276 32.8
1204300108780129 32.78
1204300108840987 32.8
1204300108900842 32.8
1204300108960694 32.78
1204300109020551 32.8
1204300109080406 32.8
1204300109140261 32.78
1204300109200115 32.8
1204300109260969 32.78
1204300109320824 32.78
1204300109380680 32.78
1204300109440543 32.8
1204300109500390 32.8
1204300109560245 32.8
1204300109620098 32.78
1204300109680957 32.8
1204300109740818 32.8
1204300109800663 32.78
1204300109860518 32.78
1204300109920375 32.8
1204300109980229 32.78
1204300200040349 32.78
1204300200100194 32.8
1204300200160047 32.78
1204300200220904 32.78
1204300200280759 32.78
1204300200340616 32.78
1204300200400467 32.78
1204300200460323 32.78
1204300200520193 32.8
1204300200580033 32.78
1204300200640893 32.78
1204300200700742 32.78
1204300200760598 32.78
1204300200820453 32.78
1204300200880308 32.78
1204300200940171 32.8
1204300201000017 32.78
1204300201060873 32.78
1204300201120728 32.78
1204300201180583 32.8
1204300201240444 32.8
1204300201300294 32.8
1204300201360147 32.78
1204300201420002 32.78
1204300201480859 32.8
1204300201500756 32.76
1204300201550689 32.78
1204300201610542 32.78
1204300201670399 32.8
1204300201730254 32.8
1204300201790109 32.8
1204300201850962 32.78
1204300201910817 32.78
1204300201970672 32.78
1204300202030528 32.78
1204300202090383 32.78
1204300202150238 32.78
1204300202210091 32.78
1204300202270947 32.78
1204300202330802 32.78
1204300202390659 32.8
1204300202450511 32.78
1204300202510370 32.8
1204300202570223 32.8
1204300202630076 32.78
1204300202690934 32.8
1204300202750786 32.78
1204300202810641 32.78
1204300202870496 32.78
1204300202930353 32.8
1204300202990207 32.78
1204300203050060 32.78
1204300203110916 32.78
1204300203170771 32.78
1204300203230626 32.78
1204300203290482 32.78
1204300203350335 32.78
1204300203410190 32.78
1204300203470045 32.78
1204300203530902 32.78
1204300203590757 32.8
1204300203650612 32.8
1204300203710465 32.78
1204300203770440 32.78
1204300203830176 32.78
1204300203890031 32.8
1204300203950885 32.78
1204300204010740 32.78
1204300204070596 32.78
1204300204130451 32.78
1204300204190304 32.78
1204300204250161 32.8
1204300204310014 32.78
1204300204370933 32.78
1204300204430725 32.78
1204300204490581 32.78
1204300204510486 32.8
1204300204560410 32.78
1204300204620265 32.78
1204300204680121 32.78
1204300204740981 32.78
1204300204800830 32.78
1204300204860685 32.78
1204300204920540 32.78
1204300204980397 32.8
1204300205040261 32.8
1204300205100106 32.8
1204300205160960 32.78
1204300205220815 32.78
1204300205280670 32.78
1204300205340529 32.78
1204300205400381 32.78
1204300205460234 32.78
1204300205520103 32.78
1204300205580945 32.78
1204300205640807 32.8
1204300205700654 32.78
1204300205760509 32.78
1204300205820364 32.78
1204300205880220 32.78
1204300205940090 32.78
1204300206000929 32.78
1204300206060787 32.8
1204300206120641 32.8
1204300206180495 32.8
1204300206240358 32.78
1204300206300203 32.78
1204300206360060 32.8
1204300206420915 32.78
1204300206480770 32.78
1204300206540633 32.8
1204300206600478 32.78
1204300206660333 32.78
1204300206720188 32.78
1204300206780045 32.8
1204300206840907 32.78
1204300206900753 32.78
1204300206960608 32.78
1204300207020463 32.78
1204300207080319 32.78
1204300207140179 32.78
1204300207200029 32.78
1204300207260883 32.78
1204300207320738 32.78
1204300207380593 32.78
1204300207440452 32.8
1204300207500303 32.8
1204300207520351 32.76
1204300207570133 32.78
1204300207630988 32.78
1204300207690843 32.78
1204300207750698 32.78
1204300207810553 32.78
1204300207870409 32.78
1204300207930264 32.78
1204300207990117 32.78
1204300208050975 32.8
1204300208110829 32.78
1204300208170684 32.78
1204300208230539 32.78
1204300208290392 32.78
1204300208350247 32.78
1204300208410102 32.78
1204300208470959 32.78
1204300208530814 32.8
1204300208590667 32.78
1204300208650522 32.78
1204300208710377 32.78
1204300208770233 32.78
1204300208830088 32.8
1204300208890944 32.8
1204300208950797 32.78
1204300209010652 32.78
1204300209070507 32.78
1204300209130363 32.78
1204300209190216 32.78
1204300209250073 32.8
1204300209310929 32.8
1204300209370782 32.78
1204300209430637 32.78
1204300209490492 32.78
1204300209550346 32.78
1204300209610201 32.78
1204300209670056 32.78
1204300209730912 32.78
1204300209790765 32.78
1204300209850621 32.78
1204300209910476 32.78
1204300209970333 32.8
1204300300030442 32.78
1204300300090295 32.78
1204300300150151 32.78
1204300300210006 32.78
1204300300270862 32.78
1204300300330717 32.78
1204300300390572 32.78
1204300300450425 32.78
1204300300510283 32.8
1204300300530208 32.78
1204300300580111 32.78
1204300300640975 32.8
1204300300700824 32.8
1204300300760677 32.78
1204300300820532 32.78
1204300300880387 32.8
1204300300940250 32.78
1204300301000096 32.78
1204300301060952 32.78
1204300301120807 32.78
1204300301180661 32.78
1204300301240522 32.78
1204300301300371 32.78
1204300301360226 32.78
1204300301420080 32.78
1204300301480938 32.8
1204300301540795 32.78
1204300301600646 32.78
1204300301660501 32.78
1204300301720354 32.78
1204300301780210 32.78
1204300301840071 32.8
1204300301900921 32.78
1204300301960775 32.78
1204300302020632 32.8
1204300302080487 32.8
1204300302140346 32.8
1204300302200196 32.8
1204300302260049 32.78
1204300302320905 32.78
1204300302380760 32.78
1204300302440629 32.78
1204300302500469 32.78
1204300302560451 32.78
1204300302620179 32.78
1204300302680034 32.78
1204300302740898 32.78
1204300302800744 32.78
1204300302860601 32.8
1204300302920454 32.78
1204300302980309 32.78
1204300303040168 32.78
1204300303100019 32.78
1204300303160915 32.78
1204300303220728 32.78
1204300303280584 32.78
1204300303340445 32.78
1204300303400294 32.78
1204300303460149 32.8
1204300303520018 32.8
1204300303540019 32.78
1204300303590835 32.78
1204300303650690 32.78
1204300303710544 32.78
1204300303770399 32.78
1204300303830254 32.78
1204300303890111 32.8
1204300303950965 32.78
1204300304010820 32.78
1204300304070674 32.78
1204300304130529 32.78
1204300304190384 32.78
1204300304250239 32.78
1204300304310092 32.78
1204300304370949 32.78
1204300304430804 32.78
1204300304490659 32.78
1204300304550514 32.78
1204300304610367 32.78
1204300304670223 32.78
1204300304730079 32.78
1204300304790934 32.78
1204300304850788 32.78
1204300304910643 32.78
1204300304970498 32.78
1204300305030354 32.78
1204300305090209 32.78
1204300305150062 32.78
1204300305210918 32.78
1204300305270773 32.78
1204300305330628 32.78
1204300305390482 32.78
1204300305450337 32.78
1204300305510192 32.78
1204300305570047 32.78
1204300305630903 32.78
1204300305690759 32.78
1204300305750612 32.78
1204300305810468 32.78
1204300305870324 32.8
1204300305930177 32.78
1204300305990031 32.78
1204300306050887 32.78
1204300306110742 32.78
1204300306170597 32.78
1204300306230454 32.8
1204300306290308 32.8
1204300306350161 32.78
1204300306410016 32.78
1204300306470872 32.78
1204300306530727 32.78
1204300306550861 32.78
1204300306600557 32.78
1204300306660412 32.78
1204300306720267 32.78
1204300306780123 32.78
1204300306840985 32.78
1204300306900832 32.78
1204300306960687 32.78
1204300307020543 32.78
1204300307080396 32.78
1204300307140261 32.78
1204300307200106 32.78
1204300307260963 32.78
1204300307320816 32.78
1204300307380671 32.78
1204300307440530 32.78
1204300307500381 32.78
1204300307560250 32.78
1204300307620092 32.78
1204300307680946 32.78
1204300307740807 32.78
1204300307800657 32.78
1204300307860511 32.78
1204300307920368 32.8
1204300307980220 32.78
1204300308040081 32.78
1204300308100931 32.78
1204300308160786 32.78
1204300308220642 32.78
1204300308280495 32.78
1204300308340356 32.78
1204300308400205 32.78
1204300308460061 32.78
1204300308520929 32.78
1204300308580770 32.78
1204300308640629 32.78
1204300308700481 32.78
1204300308760334 32.78
1204300308820189 32.78
1204300308880044 32.78
1204300308940914 32.78
1204300309000756 32.78
1204300309060609 32.78
1204300309120464 32.78
1204300309180320 32.78
1204300309240181 32.78
1204300309300030 32.78
1204300309360885 32.78
1204300309420740 32.78
1204300309480595 32.78
1204300309540458 32.78
1204300309560531 32.78
1204300309610279 32.78
1204300309670135 32.78
1204300309730991 32.78
1204300309790846 32.78
1204300309850700 32.78
1204300309910555 32.78
1204300309970410 32.78
1204300400030520 32.78
1204300400090378 32.8
1204300400150229 32.78
1204300400210084 32.78
1204300400270940 32.78
1204300400330795 32.78
1204300400390650 32.78
1204300400450506 32.78
1204300400510359 32.78
1204300400570214 32.78
1204300400630069 32.78
1204300400690927 32.8
1204300400750781 32.78
1204300400810634 32.78
1204300400870490 32.78
1204300400930344 32.78
1204300400990198 32.78
1204300401050053 32.78
1204300401110909 32.78
1204300401170764 32.78
1204300401230619 32.78
1204300401290473 32.78
1204300401350328 32.78
1204300401410183 32.78
1204300401470039 32.78
1204300401530893 32.78
1204300401590748 32.78
1204300401650603 32.78
1204300401710458 32.78
1204300401770316 32.76
1204300401830167 32.78
1204300401890022 32.78
1204300401950986 32.78
1204300402010733 32.78
1204300402070589 32.78
1204300402130444 32.78
1204300402190297 32.78
1204300402250152 32.78
1204300402310007 32.78
1204300402370863 32.78