1204304008720430 34.12
1204304008780286 34.12
1204304008840140 34.12
1204304008900997 34.16
1204304008960849 34.12
1204304009020704 34.12
1204304009080567 34.12
1204304009140414 34.12
1204304009200271 34.14
1204304009260124 34.12
1204304009320980 34.12
1204304009390843 34.12
1204304009440691 34.12
1204304009500546 34.12
1204304009560400 34.12
1204304009620255 34.12
1204304009690215 34.12
1204304009740965 34.12
1204304009800819 34.12
1204304009830830 34.14
1204304009870651 34.12
1204304009940519 34.12
1204304009990359 34.12
1204304100050471 34.12
1204304100110325 34.12
1204304100170181 34.12
1204304100230036 34.14
1204304100300973 34.12
1204304100350746 34.12
1204304100410600 34.12
1204304100470455 34.12
1204304100530309 34.12
1204304100590166 34.12
1204304100650021 34.12
1204304100710876 34.12
1204304100770730 34.12
1204304100840745 34.12
1204304100900453 34.12
1204304100960455 34.12
1204304101010151 34.12
1204304101070005 34.12
1204304101130861 34.12
1204304101190716 34.12
1204304101250570 34.12
1204304101310425 34.12
1204304101370280 34.12
1204304101430134 34.12
1204304101490991 34.1
1204304101560979 34.12
1204304101610699 34.12
1204304101670553 34.12
1204304101730409 34.12
1204304101800265 34.12
1204304101850119 34.12
1204304101920975 34.12
1204304101980830 34.12
1204304102040684 34.12
1204304102100612 34.12
1204304102160394 34.12
1204304102220248 34.12
1204304102280104 34.12
1204304102340959 34.12
1204304102400814 34.12
1204304102460668 34.12
1204304102520523 34.12
1204304102580378 34.12
1204304102640233 34.12
1204304102700089 34.1
1204304102760943 34.01
1204304102820799 33.93
1204304102840795 33.91
1204304102890654 33.91
1204304102950486 33.88
1204304103010341 33.86
1204304103070195 33.86
1204304103130048 33.84
1204304103190923 33.84
1204304103250760 33.86
1204304103310617 33.86
1204304103370470 33.86
1204304103430325 33.86
1204304103490206 33.88
1204304103550034 33.86
1204304103610891 33.86
1204304103670745 33.86
1204304103730597 33.84
1204304103790475 33.84
1204304103850475 33.8
1204304103910163 33.75
1204304103970015 33.67
1204304104030873 33.62
1204304104090744 33.58
1204304104150586 33.56
1204304104210439 33.56
1204304104270294 33.56
1204304104330151 33.56
1204304104390026 33.54
1204304104450859 33.54
1204304104510714 33.54
1204304104570570 33.56
1204304104630424 33.54
1204304104690299 33.56
1204304104750134 33.56
1204304104810989 33.54
1204304104870844 33.54
1204304104930699 33.56
1204304104990658 33.56
1204304105050409 33.56
1204304105110264 33.56
1204304105170118 33.54
1204304105230974 33.56
1204304105290847 33.54
1204304105350683 33.54
1204304105410538 33.56
1204304105470393 33.54
1204304105530249 33.54
1204304105590121 33.54
1204304105650958 33.54
1204304105710814 33.54
1204304105770668 33.54
1204304105830524 33.54
1204304105850617 33.54
1204304105900353 33.54
1204304105960208 33.54
1204304106020061 33.52
1204304106080918 33.52
1204304106140771 33.5
1204304106200626 33.49
1204304106260480 33.47
1204304106320336 33.43
1204304106380193 33.45
1204304106440049 33.45
1204304106500902 33.41
1204304106560894 33.43
1204304106620610 33.43
1204304106680466 33.43
1204304106740321 33.43
1204304106800178 33.45
1204304106860032 33.43
1204304106920885 33.43
1204304106980755 33.43
1204304107040598 33.45
1204304107100448 33.47
1204304107160304 33.49
1204304107220161 33.5
1204304107280014 33.52
1204304107340872 33.52
1204304107400726 33.52
1204304107460581 33.52
1204304107520435 33.52
1204304107580290 33.52
1204304107640144 33.52
1204304107710000 33.52
1204304107760857 33.54
1204304107820710 33.52
1204304107880565 33.52
1204304107940419 33.52
1204304108000274 33.52
1204304108060129 33.52
1204304108120144 33.52
1204304108180840 33.52
1204304108240694 33.52
1204304108300549 33.52
1204304108360404 33.52
1204304108420259 33.52
1204304108480114 33.52
1204304108540970 33.52
1204304108600982 33.52
1204304108660679 33.5
1204304108720534 33.5
1204304108780388 33.52
1204304108840244 33.52
1204304108860187 33.52
1204304108910075 33.52
1204304108970931 33.52
1204304109030786 33.52
1204304109090654 33.52
1204304109150495 33.52
1204304109210349 33.52
1204304109270205 33.52
1204304109330058 33.52
1204304109390939 33.52
1204304109450771 33.52
1204304109510625 33.52
1204304109570479 33.52
1204304109630335 33.52
1204304109690203 33.52
1204304109750043 33.52
1204304109810902 33.56
1204304109870755 33.52
1204304109930608 33.52
1204304109990575 33.52
1204304200050575 33.52
1204304200110430 33.52
1204304200170284 33.52
1204304200230139 33.52
1204304200290140 33.52
1204304200350850 33.52
1204304200410703 33.52
1204304200470558 33.52
1204304200530413 33.52
1204304200590296 33.52
1204304200650123 33.52
1204304200710978 33.52
1204304200770832 33.52
1204304200830688 33.52
1204304200890633 33.52
1204304200950399 33.52
1204304201010253 33.52
1204304201070107 33.52
1204304201130963 33.52
1204304201190839 33.52
1204304201250687 33.52
1204304201310528 33.52
1204304201370384 33.54
1204304201430238 33.52
1204304201490093 33.52
1204304201550947 33.52
1204304201610803 33.52
1204304201670657 33.52
1204304201730515 33.54
1204304201790392 33.54
1204304201850224 33.54
1204304201870162 33.52
1204304201920053 33.52
1204304201980911 33.54
1204304202040764 33.54
1204304202100620 33.54
1204304202160475 33.54
1204304202220329 33.54
1204304202280183 33.54
1204304202340038 33.54
1204304202400895 33.54
1204304202460750 33.54
1204304202520601 33.52
1204304202580459 33.54
1204304202640312 33.52
1204304202700168 33.54
1204304202760024 33.54
1204304202820879 33.54
1204304202880889 33.54
1204304202940588 33.54
1204304203000444 33.54
1204304203060298 33.56
1204304203120153 33.54
1204304203180008 33.54
1204304203240864 33.54
1204304203300720 33.54
1204304203360573 33.54
1204304203420428 33.54
1204304203480337 33.54
1204304203540138 33.54
1204304203600994 33.54
1204304203660849 33.54
1204304203720704 33.56
1204304203780558 33.54
1204304203840412 33.54
1204304203900267 33.54
1204304203960123 33.54
1204304204020977 33.54
1204304204080847 33.56
1204304204140688 33.56
1204304204200543 33.54
1204304204260397 33.54
1204304204320253 33.54
1204304204380121 33.56
1204304204440963 33.54
1204304204500817 33.54
1204304204560817 33.54
1204304204620527 33.54
1204304204680395 33.54
1204304204740237 33.56
1204304204800091 33.54
1204304204860948 33.54
1204304204880126 33.54
1204304204930779 33.54
1204304204990775 33.54
1204304205050487 33.54
1204304205110343 33.54
1204304205170197 33.54
1204304205230051 33.54
1204304205290930 33.54
1204304205350762 33.54
1204304205410617 33.54
1204304205470471 33.54
1204304205530328 33.54
1204304205590202 33.54
1204304205650037 33.54
1204304205710893 33.54
1204304205770747 33.54
1204304205830601 33.56
1204304205890481 33.54
1204304205950312 33.54
1204304206010167 33.54
1204304206070021 33.56
1204304206130876 33.54
1204304206190754 33.54
1204304206250586 33.54
1204304206310441 33.54
1204304206370458 33.54
1204304206430151 33.54
1204304206490029 33.56
1204304206550862 33.54
1204304206610717 33.54
1204304206670572 33.54
1204304206730425 33.54
1204304206790300 33.54
1204304206850135 33.56
1204304206910992 33.54
1204304206970847 33.54
1204304207030700 33.54
1204304207090580 33.56
1204304207150411 33.56
1204304207210265 33.54
1204304207270121 33.54
1204304207330990 33.54
1204304207390854 33.54
1204304207450684 33.56
1204304207510540 33.56
1204304207570395 33.54
1204304207630250 33.56
1204304207690124 33.54
1204304207750960 33.54
1204304207810815 33.56
1204304207870669 33.56
1204304207890945 33.54
1204304207940500 33.54
1204304208000355 33.54
1204304208060211 33.54
1204304208120066 33.56
1204304208180921 33.56
1204304208240775 33.54
1204304208300630 33.54
1204304208360484 33.54
1204304208420340 33.54
1204304208480196 33.54
1204304208540049 33.54
1204304208600907 33.56
1204304208660759 33.56
1204304208720615 33.54
1204304208780469 33.54
1204304208840324 33.54
1204304208900179 33.56
1204304208960034 33.56
1204304209020890 33.54
1204304209080744 33.56
1204304209140600 33.56
1204304209200455 33.54
1204304209260310 33.54
1204304209320164 33.54
1204304209380019 33.54
1204304209440875 33.54
1204304209500730 33.56
1204304209560730 33.56
1204304209620440 33.56
1204304209680294 33.54
1204304209740148 33.56
1204304209800004 33.54
1204304209860860 33.54
1204304209920714 33.56
1204304209980569 33.54
1204304300040679 33.54
1204304300100534 33.56
1204304300160388 33.54
1204304300220245 33.54
1204304300280098 33.54
1204304300340954 33.54
1204304300400808 33.54
1204304300460663 33.54
1204304300520518 33.54
1204304300580373 33.54
1204304300640229 33.54
1204304300700082 33.54
1204304300760939 33.54
1204304300820793 33.54
1204304300880648 33.54
1204304300900590 33.52
1204304300950479 33.54
1204304301010333 33.54
1204304301070221 33.54
1204304301130042 33.54
1204304301190946 33.54
1204304301250753 33.56
1204304301310608 33.54
1204304301370463 33.54
1204304301430318 33.54
1204304301490191 33.56
1204304301550027 33.54
1204304301610884 33.54
1204304301670751 33.54
1204304301730593 33.54
1204304301790467 33.54
1204304301850303 33.54
1204304301910158 33.54
1204304301970011 33.54
1204304302030868 33.54
1204304302090750 33.54
1204304302150578 33.54
1204304302210433 33.54
1204304302270301 33.54
1204304302330143 33.54
1204304302390017 33.54
1204304302450853 33.54
1204304302510707 33.54
1204304302570562 33.54
1204304302630417 33.54
1204304302690291 33.54
1204304302750126 33.54
1204304302810982 33.54
1204304302870850 33.54
1204304302930691 33.54
1204304302990673 33.54
1204304303050401 33.54
1204304303110257 33.54
1204304303170112 33.54
1204304303230968 33.54
1204304303290836 33.54
1204304303350677 33.54
1204304303410531 33.54
1204304303470386 33.54
1204304303530240 33.54
1204304303590107 33.52
1204304303650949 33.52
1204304303710806 33.54
1204304303770662 33.54
1204304303830516 33.54
1204304303890386 33.52
1204304303910306 33.52
1204304303960201 33.54
1204304304020054 33.52
1204304304080913 33.54
1204304304140766 33.54
1204304304200622 33.54
1204304304260476 33.54
1204304304320331 33.54
1204304304380186 33.54
1204304304440040 33.52
1204304304500897 33.54
1204304304560751 33.54
1204304304620606 33.54
1204304304680460 33.54
1204304304740317 33.54
1204304304800170 33.54
1204304304860022 33.52
1204304304920881 33.54
1204304304980736 33.54
1204304305040590 33.54
1204304305100445 33.54
1204304305160300 33.54
1204304305220157 33.54
1204304305280009 33.54
1204304305340866 33.54
1204304305400718 33.52
1204304305460573 33.52
1204304305520428 33.52
1204304305580282 33.52
1204304305640138 33.5
1204304305700991 33.49
1204304305760847 33.49
1204304305820702 33.49
1204304305880555 33.49
1204304305940411 33.49
1204304306000266 33.49
1204304306060119 33.49
1204304306120977 33.49
1204304306180830 33.49
1204304306240687 33.49
1204304306300540 33.49
1204304306360395 33.49
1204304306420249 33.49
1204304306480105 33.49
1204304306540961 33.49
1204304306600815 33.49
1204304306660670 33.49
1204304306720524 33.49
1204304306780380 33.49
1204304306840235 33.49
1204304306900089 33.49
1204304306920034 33.49
1204304306970921 33.49
1204304307030776 33.49
1204304307090651 33.49
1204304307150484 33.47
1204304307210341 33.47
1204304307270196 33.47
1204304307330051 33.47
1204304307390923 33.47
1204304307450760 33.47
1204304307510616 33.47
1204304307570475 33.45
1204304307630326 33.47
1204304307690201 33.47
1204304307750035 33.47
1204304307810894 33.45
1204304307870750 33.45
1204304307930604 33.45
1204304307990575 33.45
1204304308050314 33.45
1204304308110167 33.45
1204304308170022 33.45
1204304308230878 33.45
1204304308290784 33.45
1204304308350589 33.45
1204304308410443 33.45
1204304308470297 33.45
1204304308530152 33.45
1204304308590030 33.45
1204304308650864 33.45
1204304308710718 33.45
1204304308770573 33.45
1204304308830427 33.45
1204304308890300 33.45
1204304308950135 33.43
1204304309010989 33.39
1204304309070844 33.39
1204304309130699 33.37
1204304309190579 33.37
1204304309250411 33.36
1204304309310266 33.36
1204304309370121 33.36
1204304309430975 33.36
1204304309490850 33.36
1204304309550687 33.34
1204304309610543 33.34
1204304309670554 33.36
1204304309730250 33.36
1204304309790123 33.36
1204304309850961 33.36
1204304309910814 33.36
1204304309930754 33.34
1204304309980645 33.36
1204304400040756 33.36
1204304400100611 33.36
1204304400160466 33.36
1204304400220320 33.36
1204304400280174 33.36
1204304400340030 33.36
1204304400400884 33.37
1204304400460740 33.36
1204304400520597 33.34
1204304400580450 33.36
1204304400640306 33.36
1204304400700160 33.36
1204304400760016 33.34
1204304400820873 33.34
1204304400880725 33.36
1204304400940582 33.34
1204304401000438 33.34
1204304401060293 33.32
1204304401120148 33.32
1204304401180003 33.32
1204304401240856 33.3
1204304401300714 33.32
1204304401360568 33.32
1204304401420424 33.32
1204304401480279 33.32
1204304401540132 33.32
1204304401600988 33.32
1204304401660843 33.32
1204304401720699 33.32
1204304401780552 33.32
1204304401840484 33.3
1204304401900262 33.32
1204304401960117 33.32
1204304402020973 33.32
1204304402080827 33.3
1204304402140682 33.32
1204304402200537 33.32
1204304402260391 33.32
1204304402320247 33.32
1204304402380102 33.32
1204304402440956 33.3
1204304402500811 33.3
1204304402560817 33.32
1204304402620522 33.32
1204304402680376 33.32
1204304402740231 33.32
1204304402800085 33.3
1204304402860942 33.32
1204304402920796 33.32
1204304402940742 33.3
1204304402990768 33.3
1204304403050483 33.32
1204304403110336 33.3
1204304403170190 33.3
1204304403230045 33.3
1204304403290938 33.32
1204304403350754 33.3
1204304403410612 33.32
1204304403470468 33.32
1204304403530319 33.3
1204304403590200 33.32
1204304403650380 33.32
1204304403710884 33.3
1204304403770742 33.32
1204304403830596 33.32
1204304403890476 33.32
1204304403950304 33.3
1204304404010162 33.32
1204304404070014 33.3
1204304404130872 33.32
1204304404190744 33.3
1204304404250654 33.3
1204304404310435 33.32
1204304404370290 33.32
1204304404430145 33.3
1204304404490032 33.3
1204304404550854 33.3
1204304404610712 33.32
1204304404670563 33.34
1204304404730420 33.32
1204304404790298 33.32
1204304404850135 33.32
1204304404910985 33.3
1204304404970840 33.32
1204304405030693 33.34
1204304405090573 33.32
1204304405150404 33.3
1204304405210260 33.32
1204304405270113 33.3
1204304405330970 33.32
1204304405390862 33.3
1204304405450693 33.34
1204304405510535 33.32
1204304405570388 33.3
1204304405630244 33.32
1204304405690124 33.3
1204304405750954 33.3
1204304405810807 33.3
1204304405870665 33.32
1204304405930518 33.3
1204304405950461 33.3
1204304406000350 33.32
1204304406060205 33.32
1204304406120060 33.32
1204304406180915 33.32
1204304406240771 33.32
1204304406300626 33.32
1204304406360481 33.32
1204304406420332 33.3
1204304406480187 33.3
1204304406540042 33.3
1204304406600899 33.28
1204304406660755 33.26
1204304406720610 33.24
1204304406780463 33.22
1204304406840315 33.21
1204304406900169 33.15
1204304406960026 33.13
1204304407020881 33.11
1204304407080737 33.11
1204304407140590 33.11
1204304407200446 33.11
1204304407260299 33.11
1204304407320156 33.11
1204304407380010 33.11
1204304407440866 33.11
1204304407500720 33.13
1204304407560724 33.11
1204304407620430 33.11
1204304407680444 33.11
1204304407740140 33.11
1204304407800996 33.11
1204304407860850 33.13
1204304407920704 33.13
1204304407980560 33.13
1204304408040415 33.11
1204304408100269 33.13
1204304408160123 33.13
1204304408220980 33.11
1204304408280834 33.11
1204304408340689 33.11
1204304408400545 33.11
1204304408460400 33.11
1204304408520258 33.08
1204304408580110 33.04
1204304408640967 33.04
1204304408700821 33.02
1204304408760675 33.02
1204304408820530 33.02
1204304408880385 33.02
1204304408940240 33.02
1204304408960180 33.02
1204304409010084 33.02
1204304409070926 33.02
1204304409130781 33
1204304409190660 33.02
1204304409250492 33.08
1204304409310344 33.21
1204304409370200 33.28
1204304409430055 33.34
1204304409490932 33.34
1204304409550763 33.36
1204304409610619 33.36
1204304409670476 33.34
1204304409730330 33.34
1204304409790200 33.34
1204304409850041 33.34
1204304409910895 33.34
1204304409970751 33.28
1204304500030863 33.28
1204304500090736 33.24
1204304500150572 33.24
1204304500210426 33.22
1204304500270283 33.24
1204304500330136 33.22
1204304500390012 33.24
1204304500450847 33.22
1204304500510701 33.22
1204304500570556 33.22
1204304500630410 33.22
1204304500690282 33.24
1204304500750120 33.22
1204304500810977 33.22
1204304500870831 33.22
1204304500930687 33.22
1204304500990697 33.22
1204304501050396 33.22
1204304501110250 33.22
1204304501170105 33.22
1204304501230963 33.24
1204304501290850 33.22
1204304501350671 33.22
1204304501410526 33.22
1204304501470381 33.22
1204304501530236 33.22
1204304501590122 33.24
1204304501650946 33.22
1204304501710801 33.22
1204304501770655 33.22
1204304501830509 33.22
1204304501890394 33.22
1204304501950219 33.22
1204304501970162 33.22
1204304502020051 33.22
1204304502080906 33.22
1204304502140761 33.22
1204304502200617 33.24
1204304502260470 33.22
1204304502320326 33.22
1204304502380181 33.24
1204304502440049 33.22
1204304502500889 33.22
1204304502560746 33.22
1204304502620601 33.22
1204304502680455 33.22
1204304502740310 33.22
1204304502800164 33.22
1204304502860020 33.22
1204304502920874 33.22
1204304502980731 33.22
1204304503040598 33.22
1204304503100440 33.22
1204304503160294 33.22
1204304503220148 33.22
1204304503280004 33.22
1204304503340859 33.22
1204304503400716 33.24
1204304503460568 33.22
1204304503520424 33.22
1204304503580280 33.22
1204304503640134 33.22
1204304503700989 33.22
1204304503760843 33.22
1204304503820699 33.22
1204304503880554 33.22
1204304503940409 33.22
1204304504000264 33.22
1204304504060119 33.22
1204304504120975 33.22
1204304504180829 33.22
1204304504240684 33.22
1204304504300536 33.21
1204304504360392 33.22
1204304504420248 33.22
1204304504480272 33.22
1204304504540959 33.22
1204304504600813 33.22
1204304504660669 33.22
1204304504720685 33.22
1204304504780376 33.22
1204304504840232 33.22
1204304504900086 33.22
1204304504960944 33.22
1204304504980886 33.22
1204304505030774 33.22
1204304505090649 33.22
1204304505090985 33.22
1204304505150483 33.22
1204304505210337 33.21
1204304505270191 33.21
1204304505330048 33.22
1204304505390942 33.22
1204304505450758 33.22
1204304505510611 33.21
1204304505570469 33.22
1204304505630324 33.24
1204304505690226 33.22
1204304505750133 33.22
1204304505810887 33.22
1204304505870743 33.22
1204304505930597 33.22
1204304505990591 33.22
1204304506050306 33.22
1204304506110162 33.22
1204304506170017 33.22
1204304506230873 33.22
1204304506290778 33.22
1204304506350582 33.22
1204304506410435 33.21
1204304506470291 33.22
1204304506530146 33.22
1204304506590028 33.21
1204304506650855 33.21
1204304506710712 33.22
1204304506770567 33.22
1204304506830422 33.22
1204304506890290 33.22
1204304506950130 33.21
1204304507010987 33.22
1204304507070839 33.21
1204304507130694 33.21
1204304507190586 33.21
1204304507250406 33.22
1204304507310260 33.22
1204304507370116 33.22
1204304507430971 33.22
1204304507490845 33.21
1204304507550682 33.22
1204304507610536 33.22
1204304507670390 33.22
1204304507730243 33.21
1204304507790123 33.21
1204304507850954 33.21
1204304507910809 33.21
1204304507970666 33.22
1204304507990798 33.21
1204304508040494 33.21
1204304508100351 33.22
1204304508160205 33.21
1204304508220062 33.22
1204304508280915 33.21
1204304508340769 33.21
1204304508400624 33.21
1204304508460480 33.22
1204304508520333 33.21
1204304508580188 33.21
1204304508640043 33.21
1204304508700899 33.21
1204304508760754 33.21
1204304508820608 33.21
1204304508880462 33.21
1204304508940318 33.21
1204304509000173 33.21
1204304509060027 33.21
1204304509120884 33.21
1204304509180738 33.21
1204304509240593 33.21
1204304509300448 33.21
1204304509360303 33.21
1204304509420158 33.21
1204304509480013 33.21
1204304509540867 33.21
1204304509600724 33.21
1204304509660577 33.21
1204304509720433 33.21
1204304509780288 33.21
1204304509840141 33.21
1204304509900998 33.21
1204304509960852 33.21
1204304600020962 33.21
1204304600080818 33.21
1204304600140673 33.21
1204304600200527 33.21
1204304600260382 33.21
1204304600320237 33.21
1204304600380092 33.21
1204304600440948 33.21
1204304600500801 33.21
1204304600560656 33.21
1204304600620512 33.21
1204304600680367 33.21
1204304600740222 33.21
1204304600800078 33.21
1204304600860932 33.21
1204304600920787 33.21
1204304600980642 33.21
1204304601000782 33.19
1204304601050471 33.21
1204304601110327 33.21
1204304601170182 33.21
1204304601230038 33.21
1204304601290915 33.21
1204304601350746 33.21
1204304601410602 33.21
1204304601470457 33.21
1204304601530312 33.21
1204304601590244 33.21
1204304601650021 33.21
1204304601710877 33.21
1204304601770732 33.21
1204304601830587 33.21
1204304601890491 33.21
1204304601950296 33.21
1204304602010151 33.19
1204304602070006 33.21
1204304602130862 33.21
1204304602190743 33.21
1204304602250571 33.21
1204304602310426 33.21
1204304602370281 33.21
1204304602430136 33.21
1204304602490057 33.21
1204304602550846 33.21
1204304602610702 33.21
1204304602670557 33.21
1204304602730410 33.21
1204304602790312 33.21
1204304602850120 33.21
1204304602910977 33.21
1204304602970830 33.21
1204304603030687 33.22
1204304603090568 33.21
1204304603150394 33.21
1204304603210249 33.21
1204304603270105 33.21
1204304603330961 33.21
1204304603390859 33.21
1204304603450669 33.21
1204304603510524 33.19
1204304603570380 33.19
1204304603630235 33.21
1204304603690120 33.19
1204304603750945 33.21
1204304603810800 33.19
1204304603870655 33.19
1204304603930508 33.21
1204304603990507 33.19
1204304604010305 33.19
1204304604060195 33.21
1204304604120050 33.19
1204304604180906 33.19
1204304604240761 33.19
1204304604300615 33.19
1204304604360469 33.21
1204304604420325 33.19
1204304604480180 33.21
1204304604540033 33.19
1204304604600889 33.19
1204304604660745 33.19
1204304604720600 33.19
1204304604780455 33.19
1204304604840309 33.21
1204304604900164 33.19
1204304604960019 33.21
1204304605020874 33.19
1204304605080729 33.21
1204304605140583 33.19
1204304605200438 33.19
1204304605260294 33.21
1204304605320149 33.19
1204304605380004 33.19
1204304605440860 33.21
1204304605500713 33.19
1204304605560568 33.19
1204304605620590 33.19
1204304605680279 33.19
1204304605740133 33.21
1204304605800989 33.19
1204304605860844 33.19
1204304605920698 33.19
1204304605980553 33.19
1204304606040408 33.19
1204304606100263 33.19
1204304606160118 33.19
1204304606220026 33.19
1204304606280828 33.19
1204304606340684 33.21
1204304606400539 33.21
1204304606460392 33.19
1204304606520247 33.19
1204304606580102 33.21
1204304606640958 33.19
1204304606700813 33.21
1204304606760668 33.19
1204304606820535 33.19
1204304606880377 33.19
1204304606940232 33.19
1204304607000087 33.19
1204304607020215 33.19
1204304607070918 33.19
1204304607130773 33.21
1204304607190684 33.19
1204304607250483 33.21
1204304607310338 33.21
1204304607370194 33.19
1204304607430047 33.21
1204304607490926 33.19
1204304607550758 33.19
1204304607610613 33.19
1204304607670468 33.19
1204304607730321 33.21
1204304607790211 33.21
1204304607850032 33.19
1204304607910888 33.21
1204304607970743 33.19
1204304608030596 33.21
1204304608090497 33.21
1204304608150307 33.19
1204304608210162 33.19
1204304608270017 33.19
1204304608330871 33.19
1204304608390762 33.21
1204304608450582 33.19
1204304608510437 33.21
1204304608570292 33.19
1204304608630145 33.19
1204304608690049 33.21
1204304608750856 33.19
1204304608810712 33.21
1204304608870567 33.19
1204304608930421 33.19
1204304608990454 33.21
1204304609050131 33.19
1204304609110987 33.19
1204304609170840 33.19
1204304609230697 33.17
1204304609290570 33.15
1204304609350405 33.13
1204304609410265 33.08
1204304609470118 33.04
1204304609530974 33.02
1204304609590907 33.02
1204304609650682 33.02
1204304609710537 33.02
1204304609770392 33.02
1204304609830246 33.02
1204304609890151 33
1204304609950958 33.02
1204304700010068 33.02
1204304700030008 33
1204304700080898 33.02
1204304700140754 33
1204304700200607 33
1204304700260463 33.02
1204304700320318 33
1204304700380173 33.02
1204304700440027 33
1204304700500884 33.02
1204304700560739 33.02
1204304700620592 33
1204304700680448 33.02
1204304700740303 33.02
1204304700800158 33
1204304700860011 33
1204304700920868 33.02
1204304700980722 33
1204304701040577 33
1204304701100432 33.02
1204304701160287 33
1204304701220140 33
1204304701280998 33.02
1204304701340851 33
1204304701400706 33
1204304701460562 33.02
1204304701520417 33
1204304701580272 33
1204304701640126 33
1204304701700982 33.02
1204304701760837 33
1204304701820690 33
1204304701880546 33
1204304701940402 33
1204304702000382 33
1204304702060111 33.02
1204304702120967 33.02
1204304702180822 33
1204304702240675 33
1204304702300531 33
1204304702360386 33.02
1204304702420241 33
1204304702480097 33
1204304702540952 33
1204304702600807 32.98
1204304702660662 32.98
1204304702720518 32.98
1204304702780371 33
1204304702840227 32.98
1204304702900082 32.98
1204304702960939 32.98
1204304703020791 32.98
1204304703040734 32.98
1204304703090656 33
1204304703150478 32.98
1204304703210474 32.98
1204304703270188 32.98
1204304703330040 33
1204304703390949 32.98
1204304703450750 33
1204304703510605 33
1204304703570462 32.98
1204304703630316 32.98
1204304703690214 33
1204304703750027 32.98
1204304703810942 32.98
1204304703870738 32.98
1204304703930592 32.98
1204304703990623 32.98
1204304704050300 33
1204304704110156 32.98
1204304704170009 33
1204304704230868 32.98
1204304704290781 32.98
1204304704350577 32.98
1204304704410442 33
1204304704470286 32.98
1204304704530142 32.98
1204304704590038 32.98
1204304704650852 32.98
1204304704710707 32.98
1204304704770560 33
1204304704830414 33
1204304704890318 32.98
1204304704950126 32.98
1204304705010996 32.98
1204304705070835 32.98
1204304705130691 32.98
1204304705190595 32.98
1204304705250401 32.98
1204304705310255 32.98
1204304705370108 33
1204304705430964 33
1204304705490866 32.98
1204304705550675 32.98
1204304705610542 33
1204304705670385 32.98
1204304705730238 33
1204304705790152 32.98
1204304705850949 33
1204304705910804 33
1204304705970661 32.98
1204304706030514 33
1204304706050456 32.98
1204304706100346 32.98
1204304706160200 32.98
1204304706220055 32.98
1204304706280909 33
1204304706340766 32.98
1204304706400621 32.98
1204304706460475 32.98
1204304706520331 32.98
1204304706580183 33
1204304706640039 32.98
1204304706700896 32.98
1204304706760751 32.98
1204304706820603 33
1204304706880460 32.98
1204304706940315 32.98
1204304707000169 32.98
1204304707060025 32.98
1204304707120881 32.98
1204304707180734 33
1204304707240589 33
1204304707300444 32.98
1204304707360299 32.98
1204304707420154 32.98
1204304707480009 32.98
1204304707540865 32.98
1204304707600718 32.98
1204304707660575 32.98
1204304707720430 32.98
1204304707780284 32.98
1204304707840139 32.98
1204304707900995 32.98
1204304707960849 32.98
1204304708020704 32.98
1204304708080560 32.98
1204304708140413 32.98
1204304708200268 32.98
1204304708260123 32.98
1204304708320979 32.98
1204304708380835 32.98
1204304708440688 32.98
1204304708500544 32.98
1204304708560399 32.98
1204304708620252 32.98
1204304708680107 32.98
1204304708740964 32.98
1204304708800818 32.98
1204304708860673 32.98
1204304708920528 32.98
1204304708980390 32.98
1204304709040238 32.98
1204304709060183 32.98
1204304709110066 33
1204304709170922 33
1204304709230779 32.98
1204304709290679 32.98
1204304709350488 32.98
1204304709410342 33
1204304709470199 32.98
1204304709530052 32.98
1204304709590993 32.98
1204304709650764 32.98
1204304709710615 33
1204304709770470 33
1204304709830328 32.98
1204304709890220 32.98
1204304709950038 32.98
1204304800010147 32.98
1204304800070002 32.98
1204304800130859 32.98
1204304800190766 32.98
1204304800250568 32.98
1204304800310423 32.98
1204304800370276 33
1204304800430131 32.98
1204304800490045 32.96
1204304800550842 32.98
1204304800610698 32.98
1204304800670552 32.98
1204304800730408 32.98
1204304800790323 32.98
1204304800850117 32.98
1204304800910973 32.98
1204304800970828 32.98
1204304801030682 32.98
1204304801090576 32.98
1204304801150393 32.98
1204304801210246 32.98
1204304801270103 32.96
1204304801330957 32.98
1204304801390885 32.98
1204304801450666 32.98
1204304801510524 32.96
1204304801570376 32.98
1204304801630233 32.98
1204304801690133 32.98
1204304801750942 32.98
1204304801810797 32.98
1204304801870650 32.98
1204304801930506 32.98
1204304801990360 32.98
1204304802050216 32.98
1204304802070157 32.98
1204304802120047 32.98
1204304802180903 32.98
1204304802240756 32.98
1204304802300611 32.98
1204304802360466 32.98
1204304802420321 32.98
1204304802480176 32.98
1204304802540032 32.98
1204304802600061 32.98
1204304802660742 32.98
1204304802720597 32.98
1204304802780452 32.98
1204304802840305 32.98
1204304802900160 32.98
1204304802960015 32.98
1204304803020872 32.98
1204304803080725 32.98
1204304803140580 32.98
1204304803200450 32.98
1204304803260291 32.98
1204304803320144 32.98
1204304803380000 32.98
1204304803440856 32.98
1204304803500711 32.98
1204304803560567 32.96
1204304803620420 32.98
1204304803680277 32.96
1204304803740132 32.96
1204304803800999 32.98
1204304803860839 32.98
1204304803920695 32.98
1204304803980552 32.96
1204304804040406 32.98
1204304804100260 32.96
1204304804160117 32.96
1204304804220970 32.98
1204304804280826 32.96
1204304804340679 32.98
1204304804400550 32.96
1204304804460390 32.98
1204304804520247 32.96
1204304804580100 32.96
1204304804640956 32.96
1204304804700809 32.98
1204304804760667 32.96
1204304804820518 32.98
1204304804880375 32.96
1204304804940230 32.96
1204304805000086 32.96
1204304805060941 32.96
1204304805080885 32.96
1204304805130773 32.96
1204304805190708 32.96
1204304805250479 32.98
1204304805310337 32.96
1204304805370189 32.98
1204304805430044 32.98
1204304805490959 32.96
1204304805550754 32.98
1204304805610611 32.96
1204304805670467 32.96
1204304805730322 32.96
1204304805790251 32.98
1204304805850030 32.96
1204304805910887 32.96
1204304805970736 32.95
1204304806030596 32.96
1204304806090515 32.96
1204304806150305 32.96
1204304806210160 32.96
1204304806270014 32.96
1204304806330870 32.96
1204304806390771 32.96
1204304806450581 32.96
1204304806510435 32.96
1204304806570290 32.96
1204304806630146 32.96
1204304806690089 32.96
1204304806750856 32.96
1204304806810711 32.96
1204304806870564 32.96
1204304806930419 32.96
1204304806990456 32.98
1204304807050130 32.96
1204304807110983 32.98
1204304807170838 32.98
1204304807230696 32.96
1204304807290621 32.96
1204304807350403 32.98
1204304807410258 32.96
1204304807470114 32.96
1204304807530969 32.98
1204304807590908 32.98
1204304807650680 32.96
1204304807710533 32.96
1204304807770389 32.96
1204304807830243 32.98
1204304807890145 32.96
1204304807950955 32.96
1204304808010810 32.96
1204304808070663 32.96
1204304808090791 32.95
1204304808140491 32.95
1204304808200350 32.96
1204304808260204 32.96
1204304808320059 32.96
1204304808380913 32.98
1204304808440770 32.96
1204304808500625 32.96
1204304808560478 32.96
1204304808620334 32.96
1204304808680189 32.96
1204304808740044 32.96
1204304808800900 32.96
1204304808860753 32.96
1204304808920608 32.96
1204304808980464 32.96
1204304809040319 32.96
1204304809100172 32.96
1204304809160027 32.96
1204304809220884 32.96
1204304809280739 32.96
1204304809340590 32.95
1204304809400443 32.95
1204304809460303 32.96
1204304809520159 32.96
1204304809580008 32.95
1204304809640868 32.96
1204304809700724 32.96
1204304809760577 32.96
1204304809820433 32.96
1204304809880287 32.96
1204304809940143 32.96
1204304900010249 32.95
1204304900070108 32.96
1204304900130964 32.96
1204304900190820 32.96
1204304900250675 32.96
1204304900310529 32.96
1204304900370384 32.96
1204304900430237 32.96
1204304900490093 32.96
1204304900550949 32.96
1204304900610805 32.96
1204304900670654 32.95
1204304900730513 32.96
1204304900790369 32.96
1204304900850222 32.96
1204304900910077 32.96
1204304900970933 32.96
1204304901030788 32.96
1204304901090643 32.96
1204304901110675 32.98
1204304901160469 32.95
1204304901220328 32.96
1204304901280183 32.96
1204304901340037 32.96
1204304901400960 32.96
1204304901460749 32.96
1204304901520604 32.96
1204304901580459 32.96
1204304901640312 32.96
1204304901700224 32.96
1204304901760022 32.96
1204304901820875 32.95
1204304901880729 32.95
1204304901940585 32.95
1204304902000457 32.96
1204304902060293 32.95
1204304902120152 32.96
1204304902180007 32.96
1204304902240859 32.95
1204304902300803 32.96
1204304902360569 32.95
1204304902420428 32.96
1204304902480282 32.96
1204304902540136 32.96
1204304902600202 32.96
1204304902660844 32.95
1204304902720703 32.96
1204304902780553 32.95
1204304902840408 32.95
1204304902900369 32.95
1204304902960122 32.96
1204304903020977 32.96
1204304903080832 32.96
1204304903140687 32.96
1204304903200664 32.96
1204304903260396 32.96
1204304903320251 32.96
1204304903380106 32.96
1204304903440961 32.96
1204304903500885 32.96
1204304903560672 32.96
1204304903620522 32.95
1204304903680376 32.95
1204304903740231 32.95
1204304903800166 32.95
1204304903860942 32.95
1204304903920798 32.95
1204304903980651 32.95
1204304904040507 32.95
1204304904100437 32.95
1204304904120305 32.95
1204304904170192 32.95
1204304904230047 32.95
1204304904290903 32.95
1204304904350758 32.95
1204304904410613 32.95
1204304904470472 32.96
1204304904530321 32.95
1204304904590178 32.95
1204304904650032 32.95
1204304904710888 32.95
1204304904770743 32.95
1204304904830596 32.95
1204304904890453 32.95
1204304904950305 32.95
1204304905010161 32.95
1204304905070017 32.95
1204304905130871 32.95
1204304905190911 32.95
1204304905250581 32.95
1204304905310436 32.95
1204304905370292 32.95
1204304905430145 32.95
1204304905490001 32.95
1204304905550857 32.95
1204304905610710 32.95
1204304905670565 32.95
1204304905730421 32.95
1204304905790366 32.95
1204304905850130 32.95
1204304905910987 32.95
1204304905970841 32.95
1204304906030695 32.95
1204304906090550 32.95
1204304906150406 32.95
1204304906210261 32.95
1204304906270114 32.95
1204304906330972 32.95
1204304906390859 32.95
1204304906450682 32.95
1204304906510535 32.95
1204304906570390 32.95
1204304906630245 32.95
1204304906690099 32.95
1204304906750956 32.95
1204304906810809 32.95
1204304906870665 32.95
1204304906930520 32.95
1204304906990389 32.95
1204304907050229 32.95
1204304907110084 32.95
1204304907130028 32.95
1204304907180917 32.95
1204304907240772 32.95
1204304907300687 32.95
1204304907360481 32.95
1204304907420334 32.95
1204304907480190 32.95
1204304907540045 32.95
1204304907600003 32.95
1204304907660755 32.95
1204304907720614 32.96
1204304907780467 32.98
1204304907840319 33
1204304907900235 33.02
1204304907960030 33.02
1204304908020884 33.02
1204304908080739 33.02
1204304908140594 33.02
1204304908200543 33.02
1204304908260304 33.02
1204304908320159 33.02
1204304908380013 33.02
1204304908440869 33.02
1204304908500830 33
1204304908560579 33.02
1204304908620434 33.02
1204304908680289 33.02
1204304908740144 33.02
1204304908800071 33.02
1204304908860853 33.02
1204304908920709 33.02
1204304908980564 33.02
1204304909040419 33.02
1204304909100383 33.02
1204304909160128 33
1204304909220984 33.02
1204304909280839 33.02
1204304909340693 33.02
1204304909400640 33.02
1204304909460404 33.02
1204304909520259 33
1204304909580114 33.02
1204304909640968 33.02
1204304909700890 33.02
1204304909760679 33.02
1204304909820533 33.02
1204304909880388 33.02
1204304909940243 33.02
1204305000000334 33.02
1204305000060207 33.02
1204305000120063 33.02
1204305000140006 33.02
1204305000190894 33.02
1204305000250749 33.02
1204305000310603 33.02
1204305000370459 33.02
1204305000430313 33.02
1204305000490168 33.02
1204305000550024 33.02
1204305000610878 33.02
1204305000670732 33.02
1204305000730589 33.02
1204305000790442 33.02
1204305000850297 33.02
1204305000910152 33.02
1204305000970006 33.02
1204305001030862 33.02
1204305001090719 33.02
1204305001150573 33
1204305001210426 33.02
1204305001270282 33.02
1204305001330137 33.02
1204305001390993 33.02
1204305001450848 33.02
1204305001510701 33.02
1204305001570558 33.02
1204305001630412 33.02
1204305001690267 33.02
1204305001750122 33.02
1204305001810977 33.02
1204305001870832 33.02
1204305001930687 33.02
1204305001990543 33.02
1204305002050396 33.02
1204305002110252 33.02
1204305002170107 33.02
1204305002230962 33.02
1204305002290817 33.02
1204305002350671 33.02
1204305002410526 33.02
1204305002470381 33.02
1204305002530236 33.02
1204305002590092 33.02
1204305002650946 33.02
1204305002710801 33.02
1204305002770656 33.02
1204305002830511 33.02
1204305002890366 33.02
1204305002950221 33.02
1204305003010075 33.02
1204305003070932 33.02