1204403603030729 33.8
1204403603090584 33.8
1204403603150451 33.8
1204403603210292 33.8
1204403603270146 33.78
1204403603330001 33.78
1204403603390871 33.78
1204403603450710 33.76
1204403603510566 33.78
1204403603570421 33.78
1204403603630276 33.78
1204403603690131 33.78
1204403603710101 33.78
1204403603760962 33.78
1204403603820817 33.78
1204403603880672 33.78
1204403603940539 33.78
1204403604000381 33.76
1204403604060236 33.78
1204403604120091 33.76
1204403604180947 33.78
1204403604240816 33.76
1204403604300655 33.78
1204403604360510 33.78
1204403604420366 33.76
1204403604480221 33.78
1204403604540088 33.78
1204403604600930 33.78
1204403604660786 33.78
1204403604720641 33.78
1204403604780496 33.76
1204403604840363 33.78
1204403604900204 33.78
1204403604960060 33.76
1204403605020916 33.78
1204403605080769 33.76
1204403605140638 33.78
1204403605200480 33.75
1204403605260333 33.71
1204403605320188 33.71
1204403605380043 33.69
1204403605440913 33.71
1204403605500753 33.71
1204403605560609 33.69
1204403605620461 33.69
1204403605680317 33.71
1204403605740186 33.69
1204403605800027 33.69
1204403605860883 33.71
1204403605920738 33.71
1204403605980592 33.71
1204403606040461 33.71
1204403606100302 33.69
1204403606160157 33.69
1204403606220012 33.69
1204403606280868 33.69
1204403606340735 33.71
1204403606400576 33.71
1204403606460432 33.71
1204403606520287 33.69
1204403606580142 33.69
1204403606640009 33.71
1204403606700851 33.69
1204403606720827 33.69
1204403606770683 33.69
1204403606830536 33.69
1204403606890405 33.67
1204403606950247 33.65
1204403607010104 33.6
1204403607070959 33.49
1204403607130812 33.37
1204403607190673 33.32
1204403607250526 33.28
1204403607310381 33.28
1204403607370234 33.28
1204403607430090 33.28
1204403607490948 33.24
1204403607550801 33.22
1204403607610656 33.22
1204403607670511 33.22
1204403607730364 33.22
1204403607790220 33.22
1204403607850075 33.22
1204403607910931 33.22
1204403607970785 33.22
1204403608030638 33.21
1204403608090493 33.09
1204403608150350 33.06
1204403608210205 33
1204403608270060 32.98
1204403608330917 32.98
1204403608390786 32.98
1204403608450629 32.96
1204403608510475 32.93
1204403608570330 32.93
1204403608630186 32.93
1204403608690041 32.93
1204403608750895 32.93
1204403608810752 32.91
1204403608870605 32.89
1204403608930460 32.87
1204403608990318 32.78
1204403609050173 32.72
1204403609110026 32.7
1204403609170880 32.69
1204403609230735 32.69
1204403609290590 32.69
1204403609350445 32.69
1204403609410301 32.7
1204403609470156 32.7
1204403609530009 32.69
1204403609590865 32.69
1204403609650721 32.69
1204403609710573 32.69
1204403609730555 32.69
1204403609780405 32.69
1204403609840276 32.7
1204403609900115 32.69
1204403609960970 32.61
1204403700020083 32.56
1204403700080937 32.54
1204403700140807 32.54
1204403700200650 32.56
1204403700260503 32.56
1204403700320358 32.56
1204403700380213 32.56
1204403700440082 32.56
1204403700500925 32.56
1204403700560778 32.56
1204403700620633 32.56
1204403700680489 32.56
1204403700740342 32.56
1204403700800195 32.54
1204403700860052 32.56
1204403700920909 32.52
1204403700980762 32.5
1204403701040629 32.5
1204403701100470 32.5
1204403701160326 32.5
1204403701220181 32.5
1204403701280038 32.48
1204403701340892 32.48
1204403701400745 32.5
1204403701460601 32.5
1204403701520458 32.48
1204403701580309 32.5
1204403701640178 32.5
1204403701700020 32.5
1204403701760876 32.5
1204403701820731 32.5
1204403701880588 32.48
1204403701940441 32.48
1204403702000296 32.48
1204403702060152 32.48
1204403702120007 32.48
1204403702180863 32.48
1204403702240728 32.5
1204403702300569 32.5
1204403702360424 32.5
1204403702420282 32.48
1204403702480135 32.48
1204403702540991 32.48
1204403702600846 32.48
1204403702660702 32.48
1204403702720557 32.48
1204403702740692 32.48
1204403702790386 32.48
1204403702850242 32.48
1204403702910097 32.48
1204403702970953 32.48
1204403703030808 32.48
1204403703090661 32.48
1204403703150516 32.48
1204403703210371 32.48
1204403703270227 32.48
1204403703330082 32.48
1204403703390950 32.48
1204403703450791 32.48
1204403703510646 32.48
1204403703570502 32.48
1204403703630357 32.48
1204403703690212 32.48
1204403703750065 32.48
1204403703810921 32.48
1204403703870776 32.48
1204403703930798 32.48
1204403703990485 32.48
1204403704050340 32.48
1204403704110196 32.48
1204403704170051 32.48
1204403704230907 32.48
1204403704290760 32.48
1204403704350616 32.48
1204403704410471 32.48
1204403704470326 32.48
1204403704540439 32.46
1204403704590032 32.46
1204403704650888 32.46
1204403704710744 32.46
1204403704770599 32.46
1204403704830454 32.46
1204403704890321 32.46
1204403704950163 32.46
1204403705010020 32.48
1204403705070876 32.48
1204403705130741 32.46
1204403705190584 32.48
1204403705250438 32.46
1204403705310292 32.46
1204403705370148 32.46
1204403705430005 32.48
1204403705490857 32.46
1204403705550713 32.46
1204403705610568 32.46
1204403705670421 32.46
1204403705730290 32.46
1204403705750260 32.46
1204403705800108 32.46
1204403705860966 32.48
1204403705920819 32.46
1204403705980673 32.46
1204403706040542 32.46
1204403706100383 32.46
1204403706160236 32.46
1204403706220091 32.46
1204403706280948 32.46
1204403706340817 32.46
1204403706400658 32.46
1204403706460513 32.46
1204403706520368 32.48
1204403706580222 32.46
1204403706640092 32.48
1204403706700933 32.46
1204403706760789 32.46
1204403706820642 32.46
1204403706880497 32.46
1204403706940364 32.46
1204403707000208 32.46
1204403707060063 32.48
1204403707120917 32.46
1204403707180772 32.46
1204403707240641 32.48
1204403707300482 32.46
1204403707360335 32.46
1204403707420191 32.46
1204403707480047 32.46
1204403707540914 32.42
1204403707600755 32.35
1204403707660612 32.31
1204403707720467 32.31
1204403707780323 32.31
1204403707840188 32.29
1204403707900029 32.29
1204403707960885 32.29
1204403708020738 32.29
1204403708080597 32.31
1204403708140550 32.31
1204403708200303 32.29
1204403708260159 32.29
1204403708320012 32.29
1204403708380873 32.31
1204403708440738 32.29
1204403708500578 32.29
1204403708560433 32.29
1204403708620288 32.29
1204403708680143 32.29
1204403708740012 32.29
1204403708760975 32.29
1204403708810833 32.31
1204403708870684 32.29
1204403708930543 32.31
1204403708990398 32.31
1204403709050248 32.29
1204403709110103 32.29
1204403709170960 32.29
1204403709230815 32.29
1204403709290668 32.29
1204403709350524 32.29
1204403709420708 32.31
1204403709470233 32.29
1204403709530088 32.29
1204403709590947 32.31
1204403709650802 32.31
1204403709710657 32.31
1204403709770507 32.29
1204403709830362 32.29
1204403709890235 32.31
1204403709950076 32.31
1204403800010183 32.29
1204403800070038 32.29
1204403800130892 32.29
1204403800190751 32.31
1204403800250607 32.31
1204403800310462 32.31
1204403800370312 32.29
1204403800430168 32.29
1204403800490025 32.31
1204403800550882 32.31
1204403800610733 32.29
1204403800670586 32.29
1204403800730441 32.29
1204403800790300 32.31
1204403800850152 32.29
1204403800910011 32.31
1204403800970861 32.29
1204403801030716 32.29
1204403801090576 32.31
1204403801150427 32.29
1204403801210282 32.29
1204403801270135 32.29
1204403801330991 32.29
1204403801390864 32.31
1204403801450706 32.31
1204403801510561 32.31
1204403801570412 32.29
1204403801630270 32.31
1204403801690122 32.29
1204403801750980 32.31
1204403801770951 32.29
1204403801820808 32.29
1204403801880663 32.29
1204403801940530 32.29
1204403802000371 32.29
1204403802060227 32.29
1204403802120091 32.31
1204403802180938 32.29
1204403802240806 32.29
1204403802300650 32.24
1204403802360506 32.24
1204403802420358 32.22
1204403802480214 32.24
1204403802540083 32.24
1204403802600925 32.24
1204403802660781 32.24
1204403802720648 32.24
1204403802780489 32.24
1204403802840358 32.24
1204403802900200 32.24
1204403802960053 32.24
1204403803020909 32.24
1204403803080765 32.24
1204403803140634 32.24
1204403803200475 32.24
1204403803260328 32.24
1204403803320197 32.24
1204403803380039 32.24
1204403803440909 32.24
1204403803500750 32.24
1204403803560605 32.24
1204403803620458 32.24
1204403803680313 32.24
1204403803740182 32.24
1204403803800023 32.24
1204403803860878 32.22
1204403803920733 32.22
1204403803980586 32.22
1204403804040457 32.2
1204403804100299 32.2
1204403804160154 32.2
1204403804220009 32.2
1204403804280863 32.2
1204403804340732 32.2
1204403804400574 32.2
1204403804460429 32.2
1204403804520284 32.2
1204403804580137 32.2
1204403804640108 32.2
1204403804700849 32.2
1204403804760700 32.18
1204403804780680 32.18
1204403804830534 32.2
1204403804890403 32.2
1204403804950243 32.18
1204403805010094 32.11
1204403805070952 32.07
1204403805130805 32.05
1204403805190662 32.03
1204403805250515 32.05
1204403805310370 32.03
1204403805370226 32.07
1204403805430079 32.05
1204403805490935 32.05
1204403805550789 32.05
1204403805610644 32.05
1204403805670499 32.05
1204403805730354 32.05
1204403805790207 32.05
1204403805850063 32.05
1204403805910919 32.05
1204403805970775 32.05
1204403806030630 32.05
1204403806090483 32.05
1204403806150338 32.05
1204403806210193 32.05
1204403806270049 32.05
1204403806330903 32.05
1204403806390774 32.03
1204403806450614 32.05
1204403806510469 32.05
1204403806570322 32.05
1204403806630177 32.05
1204403806690032 32.05
1204403806750891 32.03
1204403806810746 32.03
1204403806870599 32.03
1204403806930456 32.02
1204403806990312 32.02
1204403807050167 32.02
1204403807110020 32.03
1204403807170878 32.02
1204403807230731 32.02
1204403807290586 32.02
1204403807350442 32.02
1204403807410297 32.02
1204403807470151 32.02
1204403807530005 32.02
1204403807590860 32.03
1204403807650717 32.02
1204403807710570 32.02
1204403807770425 32.02
1204403807790405 32
1204403807840270 32.02
1204403807900112 32.02
1204403807960966 32.02
1204403808020821 32.02
1204403808080675 32.02
1204403808140632 32.02
1204403808200387 32.02
1204403808260240 32.02
1204403808320096 32.02
1204403808380952 32.02
1204403808440821 32.02
1204403808500661 32.02
1204403808560516 32.02
1204403808620370 32.02
1204403808680226 32.02
1204403808740094 32.02
1204403808800940 32
1204403808860795 32
1204403808920645 32.02
1204403808980500 32.02
1204403809040373 32
1204403809100209 32.02
1204403809160068 32
1204403809220920 32.02
1204403809280775 32.02
1204403809340643 32.02
1204403809400486 32.02
1204403809460340 32.02
1204403809520199 32
1204403809580049 32.02
1204403809640920 32.02
1204403809700760 32.02
1204403809760614 32.02
1204403809820470 32.02
1204403809880328 32
1204403809940193 32.02
1204403900000290 32.02
1204403900060143 32.02
1204403900120999 32.02
1204403900180855 32.02
1204403900240723 32.02
1204403900300564 32.02
1204403900360420 32.02
1204403900420275 32.02
1204403900480133 32
1204403900540999 32.02
1204403900600843 32
1204403900660694 32.02
1204403900720549 32.02
1204403900780408 32
1204403900800385 32.02
1204403900850234 32.02
1204403900910102 32.02
1204403900970945 32.02
1204403901030799 32.02
1204403901090655 32.02
1204403901150509 32.02
1204403901210368 32
1204403901270223 32
1204403901330078 32
1204403901390947 32
1204403901450785 31.98
1204403901510653 31.92
1204403901570491 31.89
1204403901630347 31.87
1204403901690203 31.87
1204403901750056 31.87
1204403901810912 31.87
1204403901870767 31.87
1204403901930622 31.87
1204403901990476 31.87
1204403902050331 31.87
1204403902110187 31.9
1204403902170039 32.05
1204403902230897 32.26
1204403902290752 32.42
1204403902350608 32.48
1204403902410462 32.46
1204403902470316 32.46
1204403902530170 32.46
1204403902590026 32.46
1204403902650882 32.46
1204403902710736 32.46
1204403902770590 32.46
1204403902830448 32.44
1204403902890313 32.46
1204403902950155 32.46
1204403903010011 32.46
1204403903070867 32.44
1204403903130722 32.46
1204403903190576 32.46
1204403903250431 32.44
1204403903310287 32.44
1204403903370140 32.46
1204403903430996 32.46
1204403903490852 32.44
1204403903550705 32.46
1204403903610560 32.46
1204403903670414 32.54
1204403903730271 32.56
1204403903790127 32.56
1204403903810108 32.56
1204403903860957 32.56
1204403903920808 32.57
1204403903980663 32.59
1204403904040531 32.57
1204403904100374 32.57
1204403904160228 32.57
1204403904220082 32.57
1204403904280943 32.56
1204403904340807 32.57
1204403904400652 32.56
1204403904460507 32.56
1204403904520362 32.56
1204403904580217 32.56
1204403904640081 32.57
1204403904700928 32.56
1204403904760783 32.56
1204403904820633 32.57
1204403904880491 32.56
1204403904940360 32.56
1204403905000197 32.57
1204403905060052 32.57
1204403905120913 32.56
1204403905180766 32.56
1204403905240635 32.56
1204403905310629 32.56
1204403905360332 32.56
1204403905420185 32.56
1204403905480040 32.56
1204403905540910 32.56
1204403905600751 32.56
1204403905660607 32.56
1204403905720462 32.56
1204403905780315 32.56
1204403905840184 32.56
1204403905900105 32.56
1204403905960881 32.56
1204403906020736 32.56
1204403906080588 32.54
1204403906140460 32.56
1204403906200299 32.54
1204403906260156 32.56
1204403906320009 32.56
1204403906380865 32.56
1204403906440734 32.56
1204403906500589 32.56
1204403906560429 32.56
1204403906620284 32.56
1204403906680140 32.56
1204403906740008 32.56
1204403906800851 32.56
1204403906820828 32.56
1204403906870681 32.56
1204403906930536 32.56
1204403906990387 32.54
1204403907050245 32.56
1204403907110099 32.56
1204403907170956 32.56
1204403907230811 32.56
1204403907290666 32.56
1204403907350517 32.54
1204403907410374 32.56
1204403907470229 32.56
1204403907530084 32.56
1204403907590941 32.56
1204403907650794 32.56
1204403907710647 32.54
1204403907770504 32.56
1204403907830359 32.56
1204403907890228 32.56
1204403907950070 32.56
1204403908010922 32.54
1204403908070779 32.56
1204403908130634 32.56
1204403908190490 32.56
1204403908250343 32.56
1204403908310198 32.56
1204403908370051 32.54
1204403908430908 32.54
1204403908490765 32.56
1204403908550616 32.54
1204403908610473 32.56
1204403908670327 32.54
1204403908730184 32.56
1204403908790037 32.56
1204403908850894 32.56
1204403908910749 32.56
1204403908970602 32.56
1204403909030456 32.54
1204403909090311 32.54
1204403909150168 32.56
1204403909210023 32.56
1204403909270879 32.56
1204403909330734 32.56
1204403909390601 32.56
1204403909450443 32.56
1204403909510296 32.54
1204403909570151 32.54
1204403909630006 32.56
1204403909690860 32.54
1204403909750718 32.56
1204403909810573 32.56
1204403909830546 32.54
1204403909880402 32.54
1204403909940269 32.54
1204404000000370 32.56
1204404000060222 32.54
1204404000120080 32.56
1204404000180932 32.54
1204404000240804 32.56
1204404000300644 32.56
1204404000360499 32.56
1204404000420351 32.54
1204404000480207 32.54
1204404000540078 32.56
1204404000600918 32.54
1204404000660774 32.56
1204404000720628 32.54
1204404000780481 32.54
1204404000840350 32.54
1204404000900194 32.56
1204404000960045 32.54
1204404001020902 32.54
1204404001080755 32.54
1204404001140624 32.54
1204404001200467 32.54
1204404001260324 32.56
1204404001320177 32.56
1204404001380030 32.54
1204404001440900 32.54
1204404001500742 32.54
1204404001560595 32.54
1204404001620449 32.54
1204404001680304 32.54
1204404001740173 32.54
1204404001800016 32.54
1204404001860871 32.54
1204404001920726 32.54
1204404001980580 32.54
1204404002040449 32.54
1204404002100291 32.54
1204404002160145 32.54
1204404002230000 32.54
1204404002280856 32.54
1204404002340724 32.54
1204404002400564 32.54
1204404002460419 32.54
1204404002520274 32.54
1204404002580130 32.54
1204404002640998 32.54
1204404002700840 32.54
1204404002760695 32.54
1204404002820550 32.54
1204404002850723 32.54
1204404002900528 32.54
1204404002950235 32.54
1204404003010089 32.54
1204404003070945 32.54
1204404003130801 32.54
1204404003190655 32.54
1204404003250510 32.54
1204404003310365 32.54
1204404003370220 32.54
1204404003430074 32.54
1204404003490972 32.54
1204404003550785 32.54
1204404003610640 32.54
1204404003670497 32.56
1204404003730349 32.54
1204404003790204 32.54
1204404003850059 32.54
1204404003910914 32.54
1204404003970769 32.54
1204404004030624 32.54
1204404004090492 32.54
1204404004150334 32.54
1204404004210188 32.54
1204404004270044 32.54
1204404004330900 32.54
1204404004390768 32.54
1204404004450610 32.54
1204404004510466 32.52
1204404004570320 32.52
1204404004630172 32.54
1204404004690042 32.54
1204404004750886 32.52
1204404004810740 32.52
1204404004870596 32.52
1204404004930448 32.54
1204404004990305 32.52
1204404005050158 32.54
1204404005110013 32.54
1204404005170870 32.52
1204404005230726 32.52
1204404005290579 32.54
1204404005350435 32.52
1204404005410288 32.54
1204404005470143 32.52
1204404005530998 32.54
1204404005590854 32.54
1204404005650708 32.54
1204404005710563 32.54
1204404005770417 32.54
1204404005830272 32.54
1204404005850256 32.54
1204404005900103 32.54
1204404005960959 32.54
1204404006020814 32.54
1204404006080668 32.54
1204404006140537 32.54
1204404006200378 32.54
1204404006260234 32.54
1204404006320088 32.54
1204404006380944 32.54
1204404006440813 32.52
1204404006500652 32.54
1204404006560508 32.54
1204404006620361 32.54
1204404006680217 32.54
1204404006740086 32.54
1204404006800927 32.54
1204404006860782 32.54
1204404006920638 32.54
1204404006980491 32.54
1204404007040360 32.54
1204404007100201 32.54
1204404007160055 32.54
1204404007220913 32.56
1204404007280766 32.54
1204404007340635 32.54
1204404007400477 32.54
1204404007460332 32.54
1204404007520185 32.54
1204404007580041 32.54
1204404007650072 32.54
1204404007700752 32.54
1204404007760606 32.54
1204404007820461 32.54
1204404007880317 32.54
1204404007940184 32.54
1204404008000026 32.54
1204404008060881 32.54
1204404008120736 32.54
1204404008180590 32.54
1204404008240459 32.54
1204404008300300 32.54
1204404008360156 32.54
1204404008420011 32.54
1204404008480867 32.54
1204404008540734 32.54
1204404008600577 32.56
1204404008660430 32.54
1204404008720285 32.54
1204404008780143 32.56
1204404008840010 32.56
1204404008860973 32.54
1204404008910827 32.54
1204404008970684 32.56
1204404009030538 32.56
1204404009090392 32.54
1204404009150246 32.54
1204404009210101 32.54
1204404009270955 32.54
1204404009330810 32.54
1204404009390682 32.52
1204404009450521 32.54
1204404009510376 32.54
1204404009570230 32.54
1204404009630085 32.54
1204404009690941 32.54
1204404009750795 32.54
1204404009810651 32.54
1204404009870505 32.54
1204404009930361 32.54
1204404009990214 32.54
1204404100050325 32.54
1204404100110182 32.52
1204404100170036 32.54
1204404100230891 32.54
1204404100290744 32.54
1204404100350601 32.56
1204404100410453 32.57
1204404100470311 32.56
1204404100530161 32.57
1204404100590018 32.57
1204404100650872 32.57
1204404100710728 32.57
1204404100770583 32.57
1204404100830437 32.57
1204404100890310 32.56
1204404100950152 32.56
1204404101010003 32.54
1204404101070861 32.48
1204404101130717 32.48
1204404101190572 32.48
1204404101250423 32.46
1204404101310280 32.48
1204404101370135 32.48
1204404101430990 32.48
1204404101490847 32.48
1204404101550700 32.48
1204404101610555 32.48
1204404101670411 32.48
1204404101730265 32.48
1204404101790121 32.48
1204404101850975 32.48
1204404101870950 32.46
1204404101920806 32.48
1204404101980662 32.48
1204404102040529 32.48
1204404102100369 32.46
1204404102160224 32.46
1204404102220078 32.46
1204404102280940 32.46
1204404102340805 32.48
1204404102400644 32.46
1204404102460500 32.48
1204404102520352 32.46
1204404102580210 32.48
1204404102640077 32.46
1204404102700918 32.46
1204404102760774 32.46
1204404102820629 32.46
1204404102880486 32.48
1204404102940351 32.46
1204404103000194 32.46
1204404103060047 32.46
1204404103120903 32.46
1204404103180758 32.46
1204404103240627 32.46
1204404103300467 32.46
1204404103360323 32.46
1204404103420180 32.48
1204404103480034 32.46
1204404103540902 32.46
1204404103600745 32.48
1204404103660597 32.46
1204404103720452 32.46
1204404103780308 32.46
1204404103840175 32.46
1204404103900017 32.46
1204404103960872 32.46
1204404104020728 32.46
1204404104080583 32.46
1204404104150587 32.46
1204404104200291 32.46
1204404104260146 32.46
1204404104320001 32.46
1204404104380858 32.46
1204404104440725 32.46
1204404104500567 32.46
1204404104560421 32.46
1204404104620276 32.46
1204404104680132 32.46
1204404104750000 32.46
1204404104800841 32.46
1204404104860696 32.46
1204404104880712 32.44
1204404104930529 32.44
1204404104990395 32.46
1204404105050236 32.46
1204404105110091 32.46
1204404105170946 32.46
1204404105230801 32.46
1204404105290659 32.44
1204404105350510 32.46
1204404105410367 32.46
1204404105470220 32.46
1204404105530076 32.46
1204404105590932 32.46
1204404105650786 32.46
1204404105710640 32.46
1204404105770496 32.46
1204404105830350 32.46
1204404105890219 32.46
1204404105950060 32.46
1204404106010916 32.46
1204404106070771 32.46
1204404106130626 32.46
1204404106190480 32.46
1204404106250335 32.46
1204404106310190 32.46
1204404106370046 32.46
1204404106430901 32.46
1204404106490756 32.46
1204404106550611 32.46
1204404106610466 32.46
1204404106680499 32.44
1204404106730176 32.44
1204404106790030 32.46
1204404106850886 32.46
1204404106910743 32.44
1204404106970596 32.46
1204404107030450 32.46
1204404107090306 32.46
1204404107150159 32.46
1204404107210014 32.46
1204404107280951 32.46
1204404107330726 32.44
1204404107390595 32.44
1204404107450435 32.46
1204404107510291 32.44
1204404107570145 32.44
1204404107630002 32.44
1204404107690856 32.44
1204404107750712 32.44
1204404107810567 32.44
1204404107870435 32.44
1204404107900563 32.44
1204404107940265 32.44
1204404108000106 32.44
1204404108060962 32.46
1204404108120817 32.44
1204404108180672 32.44
1204404108240539 32.44
1204404108300381 32.44
1204404108360237 32.44
1204404108420090 32.44
1204404108480947 32.44
1204404108540815 32.44
1204404108600654 32.46
1204404108660509 32.46
1204404108720367 32.44
1204404108780220 32.44
1204404108840088 32.44
1204404108900932 32.44
1204404108960786 32.44
1204404109020641 32.44
1204404109080495 32.44
1204404109150503 32.44
1204404109200205 32.44
1204404109260060 32.44
1204404109320916 32.44
1204404109380770 32.44
1204404109440639 32.44
1204404109500480 32.44
1204404109560336 32.44
1204404109620191 32.44
1204404109680044 32.44
1204404109740914 32.44
1204404109800755 32.44
1204404109860609 32.44
1204404109920466 32.44
1204404109980320 32.44
1204404200040443 32.44
1204404200100285 32.44
1204404200160139 32.44
1204404200220994 32.44
1204404200280850 32.44
1204404200340718 32.44
1204404200400560 32.44
1204404200460415 32.44
1204404200520268 32.44
1204404200580125 32.44
1204404200640993 32.44
1204404200700835 32.44
1204404200760689 32.44
1204404200820545 32.44
1204404200880400 32.44
1204404200900377 32.44
1204404200950229 32.44
1204404201010085 32.44
1204404201070940 32.44
1204404201130795 32.44
1204404201190648 32.42
1204404201250506 32.44
1204404201310358 32.44
1204404201370212 32.46
1204404201430068 32.44
1204404201490924 32.44
1204404201550779 32.44
1204404201610632 32.42
1204404201670487 32.42
1204404201730345 32.44
1204404201790198 32.44
1204404201850053 32.44
1204404201910908 32.44
1204404201970763 32.44
1204404202030619 32.44
1204404202090474 32.44
1204404202150329 32.44
1204404202210184 32.44
1204404202270038 32.44
1204404202330895 32.44
1204404202390763 32.44
1204404202450604 32.44
1204404202510457 32.44
1204404202570313 32.44
1204404202630167 32.44
1204404202690022 32.44
1204404202750879 32.44
1204404202810734 32.44
1204404202870589 32.44
1204404202930440 32.42
1204404202990298 32.44
1204404203050151 32.44
1204404203110006 32.42
1204404203170861 32.42
1204404203230717 32.44
1204404203290570 32.42
1204404203350425 32.42
1204404203410282 32.44
1204404203470135 32.42
1204404203530993 32.44
1204404203590848 32.44
1204404203650700 32.42
1204404203710556 32.44
1204404203770413 32.44
1204404203830266 32.44
1204404203890133 32.42
1204404203910103 32.42
1204404203960952 32.42
1204404204020805 32.42
1204404204080662 32.42
1204404204140530 32.42
1204404204200371 32.42
1204404204270310 32.42
1204404204320080 32.42
1204404204380935 32.42
1204404204440804 32.42
1204404204500646 32.42
1204404204560500 32.41
1204404204620355 32.42
1204404204680210 32.42
1204404204740078 32.42
1204404204800920 32.42
1204404204860788 32.41
1204404204920630 32.42
1204404204980485 32.42
1204404205050378 32.41
1204404205100194 32.41
1204404205160049 32.41
1204404205220906 32.42
1204404205280759 32.42
1204404205340628 32.41
1204404205400470 32.42
1204404205460337 32.42
1204404205520178 32.42
1204404205580034 32.42
1204404205640903 32.42
1204404205700743 32.42
1204404205760599 32.42
1204404205820454 32.42
1204404205880309 32.42
1204404205940176 32.42
1204404206000018 32.42
1204404206060887 32.42
1204404206120728 32.42
1204404206180583 32.42
1204404206240452 32.42
1204404206300292 32.42
1204404206360148 32.42
1204404206420005 32.44
1204404206480859 32.42
1204404206540728 32.42
1204404206600568 32.42
1204404206660437 32.42
1204404206720279 32.42
1204404206780132 32.42
1204404206840000 32.42
1204404206900844 32.42
1204404206930827 32.42
1204404206970673 32.42
1204404207030528 32.42
1204404207090383 32.42
1204404207150238 32.42
1204404207210092 32.41
1204404207270952 32.44
1204404207330804 32.42
1204404207390673 32.42
1204404207450513 32.42
1204404207510368 32.42
1204404207570223 32.42
1204404207630078 32.42
1204404207690932 32.42
1204404207750789 32.42
1204404207810642 32.42
1204404207870497 32.42
1204404207930352 32.42
1204404207990207 32.42
1204404208050061 32.42
1204404208110918 32.42
1204404208170772 32.41
1204404208230628 32.42
1204404208290481 32.41
1204404208350337 32.42
1204404208410192 32.42
1204404208470046 32.42
1204404208530902 32.42
1204404208590758 32.42
1204404208650612 32.41
1204404208710466 32.42
1204404208770322 32.41
1204404208830176 32.42
1204404208890044 32.42
1204404208950887 32.41
1204404209010742 32.42
1204404209070598 32.41
1204404209130451 32.42
1204404209190306 32.42
1204404209250161 32.42
1204404209310017 32.42
1204404209370872 32.41
1204404209430727 32.42
1204404209490581 32.42
1204404209550436 32.42
1204404209610290 32.42
1204404209670146 32.42
1204404209730000 32.42
1204404209790856 32.42
1204404209850711 32.42
1204404209910565 32.41
1204404209940550 32.42
1204404209980395 32.41
1204404300040520 32.42
1204404300100362 32.42
1204404300160216 32.41
1204404300220071 32.41
1204404300280927 32.42
1204404300340795 32.42
1204404300400637 32.42
1204404300460492 32.42
1204404300520346 32.42
1204404300580202 32.41
1204404300650250 32.41
1204404300700911 32.42
1204404300760767 32.41
1204404300820622 32.42
1204404300880475 32.42
1204404300950345 32.41
1204404301000184 32.41
1204404301060041 32.41
1204404301120896 32.41
1204404301180750 32.41
1204404301240619 32.41
1204404301300461 32.41
1204404301360315 32.41
1204404301420170 32.41
1204404301480025 32.42
1204404301540892 32.39
1204404301600736 32.41
1204404301660590 32.42
1204404301720446 32.41
1204404301780300 32.41
1204404301850169 32.41
1204404301900010 32.41
1204404301960866 32.41
1204404302020719 32.41
1204404302080575 32.41
1204404302150444 32.41
1204404302200284 32.42
1204404302260140 32.41
1204404302320995 32.41
1204404302380851 32.41
1204404302450719 32.41
1204404302500560 32.41
1204404302560414 32.41
1204404302620268 32.41
1204404302680123 32.41
1204404302750993 32.41
1204404302800834 32.41
1204404302860690 32.41
1204404302920545 32.41
1204404302950723 32.41
1204404302990374 32.41
1204404303060243 32.42
1204404303110084 32.42
1204404303170940 32.41
1204404303230795 32.42
1204404303290649 32.42
1204404303350505 32.41
1204404303410358 32.42
1204404303470214 32.42
1204404303530069 32.41
1204404303590925 32.41
1204404303660792 32.41
1204404303710633 32.42
1204404303770488 32.41
1204404303830343 32.41
1204404303900212 32.41
1204404303950053 32.42
1204404304010909 32.41
1204404304070764 32.41
1204404304130619 32.41
1204404304190474 32.41
1204404304260341 32.41
1204404304310182 32.41
1204404304370038 32.42
1204404304430892 32.39
1204404304490749 32.41
1204404304550600 32.39
1204404304610457 32.41
1204404304670313 32.41
1204404304730166 32.39
1204404304790023 32.41
1204404304850877 32.41
1204404304910733 32.41
1204404304970588 32.41
1204404305030443 32.41
1204404305090297 32.41
1204404305150150 32.39
1204404305210005 32.39
1204404305270863 32.41
1204404305330716 32.41
1204404305400586 32.41
1204404305450426 32.39
1204404305510279 32.39
1204404305580136 32.41
1204404305640993 32.41
1204404305700848 32.41
1204404305750701 32.39
1204404305820558 32.41
1204404305880411 32.41
1204404305940268 32.41
1204404305960245 32.41
1204404306000095 32.39
1204404306070953 32.41
1204404306130806 32.39
1204404306190663 32.41
1204404306250532 32.41
1204404306310371 32.41
1204404306370225 32.39
1204404306430081 32.41
1204404306490935 32.39
1204404306550806 32.41
1204404306610647 32.41
1204404306670499 32.39
1204404306730356 32.41
1204404306790211 32.41
1204404306850080 32.41
1204404306910923 32.41
1204404306970774 32.39
1204404307030632 32.41
1204404307090487 32.41
1204404307150354 32.41
1204404307210195 32.42
1204404307270051 32.41
1204404307330905 32.39
1204404307390760 32.39
1204404307450629 32.41
1204404307510470 32.41
1204404307570326 32.41
1204404307630181 32.41
1204404307690032 32.39
1204404307750904 32.41
1204404307810746 32.41
1204404307870599 32.39
1204404307930455 32.39
1204404307990311 32.41
1204404308050176 32.39
1204404308110019 32.41
1204404308170875 32.41
1204404308230730 32.41
1204404308290584 32.39
1204404308350454 32.41
1204404308410292 32.39