1204305502080719 32.95
1204305502140574 32.95
1204305502200596 32.95
1204305502260283 32.95
1204305502320138 32.95
1204305502380994 32.95
1204305502440849 32.95
1204305502500841 32.95
1204305502560558 32.95
1204305502620413 32.95
1204305502680268 32.95
1204305502740120 32.93
1204305502800160 32.91
1204305502860831 32.91
1204305502920686 32.91
1204305502980541 32.91
1204305503040397 32.91
1204305503100422 32.91
1204305503160103 32.93
1204305503220962 32.91
1204305503280817 32.91
1204305503340670 32.91
1204305503400674 32.91
1204305503460378 32.93
1204305503520236 32.91
1204305503580091 32.91
1204305503640943 32.93
1204305503700976 32.91
1204305503760655 32.91
1204305503820511 32.85
1204305503880364 32.69
1204305503940223 32.56
1204305504000076 32.44
1204305504060928 32.39
1204305504120784 32.33
1204305504180638 32.35
1204305504240494 32.33
1204305504300500 32.33
1204305504320468 32.33
1204305504370179 32.33
1204305504430033 32.33
1204305504490890 32.33
1204305504550743 32.33
1204305504610599 32.33
1204305504670453 32.33
1204305504730309 32.33
1204305504790162 32.33
1204305504850017 32.33
1204305504910032 32.33
1204305504970728 32.33
1204305505030583 32.33
1204305505090439 32.33
1204305505150292 32.33
1204305505210147 32.33
1204305505270002 32.33
1204305505330857 32.33
1204305505390716 32.31
1204305505450571 32.31
1204305505510601 32.33
1204305505570281 32.31
1204305505630136 32.31
1204305505690991 32.31
1204305505750846 32.31
1204305505810701 32.31
1204305505870556 32.31
1204305505930410 32.31
1204305505990266 32.31
1204305506050120 32.31
1204305506110008 32.31
1204305506170830 32.31
1204305506230683 32.26
1204305506290539 32.18
1204305506350393 32.15
1204305506410247 32.05
1204305506470106 32.02
1204305506530964 32
1204305506590820 32
1204305506650674 32
1204305506710539 31.98
1204305506770379 31.98
1204305506830235 31.98
1204305506890089 31.98
1204305506950945 31.98
1204305507010800 31.98
1204305507070655 31.98
1204305507130511 31.98
1204305507190369 32
1204305507250224 32
1204305507310087 31.98
1204305507330020 31.98
1204305507380907 31.94
1204305507440756 31.89
1204305507500783 31.87
1204305507560465 31.85
1204305507620320 31.85
1204305507680176 31.85
1204305507740030 31.85
1204305507800029 31.85
1204305507860740 31.85
1204305507920595 31.83
1204305507980451 31.83
1204305508040306 31.85
1204305508100307 31.83
1204305508160015 31.81
1204305508220880 31.76
1204305508280732 31.72
1204305508340582 31.62
1204305508400611 31.55
1204305508460292 31.42
1204305508520147 31.33
1204305508580001 31.25
1204305508640855 31.25
1204305508700875 31.25
1204305508760566 31.25
1204305508820421 31.25
1204305508880275 31.25
1204305508940130 31.25
1204305509000986 31.25
1204305509060840 31.29
1204305509120697 31.33
1204305509180554 31.35
1204305509240408 31.36
1204305509300437 31.36
1204305509360119 31.36
1204305509420974 31.36
1204305509480828 31.36
1204305509540684 31.36
1204305509600702 31.36
1204305509660393 31.36
1204305509720247 31.33
1204305509780099 31.29
1204305509840954 31.25
1204305509900992 31.18
1204305509960665 31.14
1204305600020777 31.1
1204305600080631 31.07
1204305600140485 31.05
1204305600200519 31.05
1204305600260201 31.03
1204305600320054 31.03
1204305600340000 31.03
1204305600390883 31.01
1204305600450738 31.01
1204305600510592 31.01
1204305600570446 31.01
1204305600630302 31.01
1204305600690155 31.01
1204305600750012 31.01
1204305600810865 30.99
1204305600870722 31.01
1204305600930576 31.01
1204305600990431 31.01
1204305601050286 31.01
1204305601110139 30.99
1204305601170995 30.99
1204305601230851 31.01
1204305601290705 31.01
1204305601350565 31.03
1204305601410413 31.05
1204305601470268 31.05
1204305601530123 31.05
1204305601590981 31.07
1204305601650835 31.07
1204305601710690 31.07
1204305601770546 31.07
1204305601830400 31.07
1204305601890255 31.07
1204305601950109 31.05
1204305602010966 31.07
1204305602070818 31.05
1204305602130673 31.05
1204305602190530 31.07
1204305602250386 31.07
1204305602310240 31.07
1204305602370095 31.07
1204305602430951 31.07
1204305602490806 31.07
1204305602550659 31.07
1204305602610515 31.07
1204305602670369 31.07
1204305602730225 31.07
1204305602790078 31.09
1204305602850932 31.09
1204305602910786 31.09
1204305602970643 31.09
1204305603030499 31.07
1204305603090351 31.09
1204305603150209 31.07
1204305603210061 31.09
1204305603270917 31.09
1204305603330771 31.09
1204305603350719 31.09
1204305603400757 31.09
1204305603460460 31.07
1204305603520311 31.09
1204305603580169 31.07
1204305603640024 31.07
1204305603700018 31.07
1204305603760734 31.07
1204305603820589 31.07
1204305603880443 31.07
1204305603940297 31.09
1204305604000153 31.07
1204305604060008 31.07
1204305604120863 31.09
1204305604180717 31.09
1204305604240572 31.09
1204305604300547 31.09
1204305604360281 31.09
1204305604420138 31.07
1204305604480992 31.09
1204305604540849 31.07
1204305604600890 31.07
1204305604660556 31.09
1204305604720411 31.09
1204305604780266 31.09
1204305604840123 31.07
1204305604900104 31.09
1204305604960832 31.07
1204305605020689 31.07
1204305605080544 31.12
1204305605140397 31.07
1204305605200406 31.09
1204305605260105 31.09
1204305605320964 31.07
1204305605380817 31.07
1204305605440672 31.07
1204305605500691 31.07
1204305605560383 31.07
1204305605620237 31.07
1204305605680091 31.07
1204305605740945 31.09
1204305605800975 31.09
1204305605860655 31.09
1204305605920511 31.09
1204305605980367 31.07
1204305606040220 31.09
1204305606100075 31.09
1204305606160930 31.09
1204305606220785 31.09
1204305606280640 31.09
1204305606340496 31.1
1204305606360614 31.1
1204305606410327 31.14
1204305606470346 31.16
1204305606530037 31.18
1204305606590892 31.18
1204305606650747 31.18
1204305606710602 31.18
1204305606770457 31.18
1204305606830312 31.18
1204305606890166 31.18
1204305606950021 31.18
1204305607010876 31.18
1204305607070733 31.18
1204305607130587 31.18
1204305607190442 31.18
1204305607250297 31.18
1204305607310151 31.18
1204305607370008 31.16
1204305607430861 31.18
1204305607490719 31.16
1204305607550571 31.18
1204305607610427 31.18
1204305607670280 31.18
1204305607730140 31.2
1204305607790993 31.16
1204305607850846 31.18
1204305607910701 31.18
1204305607970555 31.18
1204305608030411 31.18
1204305608090265 31.18
1204305608150121 31.18
1204305608210976 31.18
1204305608270832 31.18
1204305608330685 31.18
1204305608390542 31.18
1204305608450399 31.2
1204305608510251 31.22
1204305608570105 31.22
1204305608630960 31.22
1204305608690813 31.23
1204305608750668 31.25
1204305608810523 31.25
1204305608870378 31.23
1204305608930232 31.23
1204305608990087 31.23
1204305609050943 31.25
1204305609110797 31.23
1204305609170652 31.23
1204305609230508 31.23
1204305609290362 31.25
1204305609350217 31.25
1204305609370165 31.25
1204305609420049 31.25
1204305609480904 31.23
1204305609540759 31.23
1204305609600795 31.23
1204305609660467 31.23
1204305609720322 31.23
1204305609780177 31.23
1204305609840031 31.23
1204305609900084 31.23
1204305609960743 31.23
1204305700020852 31.23
1204305700080709 31.23
1204305700140571 31.23
1204305700200585 31.23
1204305700260274 31.22
1204305700320128 31.23
1204305700380982 31.25
1204305700440838 31.23
1204305700500855 31.23
1204305700560547 31.25
1204305700620401 31.23
1204305700680258 31.23
1204305700740112 31.23
1204305700800155 31.23
1204305700860822 31.23
1204305700920676 31.23
1204305700980532 31.23
1204305701040387 31.23
1204305701100405 31.23
1204305701160097 31.23
1204305701220953 31.23
1204305701280807 31.23
1204305701340662 31.23
1204305701400692 31.23
1204305701460372 31.25
1204305701520226 31.23
1204305701580081 31.23
1204305701640938 31.25
1204305701700977 31.23
1204305701760646 31.23
1204305701820500 31.25
1204305701880356 31.25
1204305701940211 31.23
1204305702000066 31.23
1204305702060921 31.25
1204305702120775 31.25
1204305702180630 31.25
1204305702240485 31.23
1204305702300502 31.23
1204305702360196 31.23
1204305702380140 31.23
1204305702430025 31.23
1204305702490881 31.25
1204305702550737 31.25
1204305702610591 31.25
1204305702670447 31.23
1204305702730301 31.23
1204305702790155 31.23
1204305702850010 31.25
1204305702910866 31.25
1204305702970721 31.23
1204305703030576 31.23
1204305703090430 31.25
1204305703150285 31.23
1204305703210141 31.25
1204305703270996 31.23
1204305703330852 31.23
1204305703390706 31.23
1204305703450560 31.23
1204305703510416 31.25
1204305703570270 31.25
1204305703630124 31.23
1204305703690980 31.23
1204305703750836 31.23
1204305703810691 31.25
1204305703870545 31.23
1204305703930400 31.23
1204305703990255 31.23
1204305704050110 31.23
1204305704110965 31.25
1204305704170820 31.23
1204305704230675 31.25
1204305704290530 31.25
1204305704350384 31.23
1204305704410239 31.23
1204305704470094 31.23
1204305704530949 31.25
1204305704590804 31.23
1204305704650660 31.23
1204305704710515 31.25
1204305704770369 31.23
1204305704830224 31.23
1204305704890078 31.23
1204305704950935 31.25
1204305705010789 31.23
1204305705070644 31.23
1204305705130499 31.23
1204305705190353 31.23
1204305705250208 31.23
1204305705310062 31.23
1204305705370918 31.23
1204305705390871 31.23
1204305705440750 31.25
1204305705500798 31.23
1204305705560459 31.25
1204305705620314 31.25
1204305705680169 31.23
1204305705740023 31.25
1204305705800047 31.23
1204305705860733 31.23
1204305705920589 31.23
1204305705980444 31.25
1204305706040299 31.25
1204305706100370 31.23
1204305706160008 31.25
1204305706220863 31.23
1204305706280717 31.23
1204305706340573 31.23
1204305706400764 31.23
1204305706460283 31.23
1204305706520138 31.23
1204305706580994 31.23
1204305706640847 31.23
1204305706700882 31.25
1204305706760558 31.23
1204305706820412 31.25
1204305706880393 31.25
1204305706940123 31.23
1204305707000978 31.23
1204305707060834 31.23
1204305707120688 31.23
1204305707180542 31.23
1204305707240397 31.25
1204305707300434 31.23
1204305707360108 31.23
1204305707420962 31.25
1204305707480851 31.23
1204305707540673 31.23
1204305707600708 31.25
1204305707660381 31.25
1204305707720237 31.25
1204305707780092 31.23
1204305707840947 31.25
1204305707900001 31.23
1204305707960657 31.23
1204305708020511 31.25
1204305708080380 31.25
1204305708140221 31.23
1204305708200258 31.23
1204305708260932 31.25
1204305708320787 31.23
1204305708380641 31.25
1204305708400932 31.25
1204305708450472 31.23
1204305708510327 31.25
1204305708570181 31.23
1204305708630036 31.25
1204305708690892 31.25
1204305708750747 31.25
1204305708810601 31.25
1204305708870455 31.25
1204305708930311 31.25
1204305708990166 31.23
1204305709050020 31.25
1204305709110877 31.23
1204305709170731 31.23
1204305709230587 31.23
1204305709290441 31.25
1204305709350296 31.25
1204305709410151 31.25
1204305709470004 31.25
1204305709530860 31.25
1204305709590716 31.23
1204305709650570 31.25
1204305709710426 31.23
1204305709770280 31.25
1204305709830135 31.25
1204305709890991 31.25
1204305709950845 31.25
1204305800010957 31.25
1204305800070811 31.25
1204305800130666 31.25
1204305800190522 31.23
1204305800250376 31.25
1204305800310230 31.25
1204305800370085 31.25
1204305800430941 31.23
1204305800490796 31.25
1204305800550652 31.25
1204305800610506 31.23
1204305800670362 31.25
1204305800730216 31.25
1204305800790070 31.25
1204305800850926 31.23
1204305800910781 31.23
1204305800970637 31.25
1204305801030491 31.25
1204305801090347 31.23
1204305801150201 31.23
1204305801210056 31.25
1204305801270911 31.23
1204305801330765 31.25
1204305801390621 31.25
1204305801410770 31.23
1204305801460452 31.25
1204305801520307 31.25
1204305801580161 31.25
1204305801640015 31.23
1204305801700065 31.25
1204305801760725 31.23
1204305801820581 31.23
1204305801880435 31.25
1204305801940291 31.25
1204305802000145 31.25
1204305802060159 31.25
1204305802120856 31.23
1204305802180712 31.25
1204305802240565 31.25
1204305802300618 31.25
1204305802360276 31.25
1204305802420129 31.23
1204305802480987 31.25
1204305802540840 31.23
1204305802600910 31.25
1204305802660551 31.25
1204305802720403 31.25
1204305802780260 31.23
1204305802840113 31.25
1204305802900148 31.25
1204305802960824 31.25
1204305803020680 31.23
1204305803080535 31.23
1204305803140389 31.25
1204305803200243 31.25
1204305803260099 31.27
1204305803320954 31.25
1204305803380809 31.25
1204305803440663 31.25
1204305803500727 31.23
1204305803560374 31.25
1204305803620229 31.23
1204305803680084 31.25
1204305803740939 31.25
1204305803800975 31.23
1204305803860649 31.25
1204305803920504 31.25
1204305803980358 31.25
1204305804040214 31.25
1204305804100277 31.25
1204305804160923 31.25
1204305804220779 31.25
1204305804280633 31.23
1204305804340489 31.23
1204305804400520 31.23
1204305804420296 31.23
1204305804470232 31.25
1204305804530029 31.23
1204305804590883 31.25
1204305804650738 31.25
1204305804710594 31.23
1204305804770448 31.25
1204305804830303 31.23
1204305804890159 31.25
1204305804950013 31.25
1204305805010868 31.25
1204305805070736 31.25
1204305805130579 31.25
1204305805190433 31.23
1204305805250289 31.25
1204305805310143 31.25
1204305805370998 31.23
1204305805430853 31.25
1204305805490709 31.23
1204305805550563 31.25
1204305805610417 31.25
1204305805670286 31.25
1204305805730128 31.25
1204305805790982 31.23
1204305805850839 31.25
1204305805910693 31.25
1204305805970548 31.25
1204305806030403 31.25
1204305806090258 31.25
1204305806150112 31.25
1204305806210969 31.25
1204305806270836 31.25
1204305806330676 31.23
1204305806390533 31.25
1204305806450388 31.25
1204305806510242 31.23
1204305806570097 31.25
1204305806630951 31.25
1204305806690808 31.23
1204305806750663 31.25
1204305806810517 31.23
1204305806870372 31.23
1204305806930226 31.25
1204305806990080 31.23
1204305807050936 31.23
1204305807110792 31.25
1204305807170646 31.25
1204305807230501 31.25
1204305807290356 31.25
1204305807350212 31.25
1204305807410065 31.25
1204305807430013 31.25
1204305807480897 31.25
1204305807540753 31.25
1204305807600803 31.25
1204305807660461 31.25
1204305807720315 31.25
1204305807780171 31.25
1204305807840026 31.25
1204305807900097 31.25
1204305807960736 31.25
1204305808020591 31.25
1204305808080447 31.25
1204305808140301 31.25
1204305808200344 31.25
1204305808260011 31.25
1204305808320866 31.25
1204305808380722 31.25
1204305808440576 31.25
1204305808500620 31.25
1204305808560285 31.25
1204305808620140 31.25
1204305808680995 31.25
1204305808740851 31.25
1204305808800929 31.25
1204305808860561 31.25
1204305808920414 31.25
1204305808980271 31.23
1204305809040125 31.23
1204305809100164 31.25
1204305809160834 31.23
1204305809220689 31.25
1204305809280544 31.25
1204305809340400 31.23
1204305809400478 31.25
1204305809460109 31.25
1204305809520965 31.25
1204305809580820 31.25
1204305809640683 31.23
1204305809700742 31.25
1204305809760384 31.25
1204305809820239 31.25
1204305809880094 31.25
1204305809940951 31.25
1204305900000059 31.25
1204305900060915 31.25
1204305900120769 31.25
1204305900180623 31.25
1204305900240479 31.25
1204305900300334 31.25
1204305900360189 31.23
1204305900420043 31.23
1204305900440149 31.23
1204305900490875 31.23
1204305900550730 31.23
1204305900610584 31.23
1204305900670440 31.25
1204305900730294 31.25
1204305900790149 31.23
1204305900850005 31.25
1204305900910860 31.25
1204305900970715 31.23
1204305901030569 31.25
1204305901090424 31.25
1204305901150278 31.25
1204305901210134 31.23
1204305901270990 31.23
1204305901330845 31.25
1204305901390699 31.23
1204305901450555 31.25
1204305901510419 31.23
1204305901570264 31.23
1204305901630117 31.23
1204305901690975 31.25
1204305901750829 31.23
1204305901810684 31.25
1204305901870539 31.25
1204305901930393 31.25
1204305901990248 31.23
1204305902050103 31.23
1204305902110960 31.25
1204305902170814 31.25
1204305902230667 31.23
1204305902290523 31.25
1204305902350378 31.23
1204305902410233 31.23
1204305902470086 31.25
1204305902530944 31.25
1204305902590799 31.22
1204305902650653 31.25
1204305902710508 31.25
1204305902770362 31.25
1204305902830370 31.25
1204305902890071 31.25
1204305902950927 31.25
1204305903010782 31.23
1204305903070639 31.25
1204305903130492 31.25
1204305903190347 31.25
1204305903250202 31.25
1204305903310057 31.23
1204305903370914 31.23
1204305903430768 31.25
1204305903450716 31.25
1204305903500796 31.25
1204305903560452 31.25
1204305903620307 31.23
1204305903680163 31.23
1204305903740018 31.25
1204305903800065 31.23
1204305903860728 31.23
1204305903920583 31.25
1204305903980436 31.25
1204305904040291 31.25
1204305904100367 31.25
1204305904160002 31.25
1204305904220858 31.25
1204305904280713 31.23
1204305904340566 31.25
1204305904400636 31.25
1204305904460276 31.25
1204305904520131 31.23
1204305904580986 31.25
1204305904640841 31.23
1204305904700897 31.25
1204305904760552 31.23
1204305904820406 31.25
1204305904880261 31.23
1204305904940116 31.23
1204305905000972 31.23
1204305905060827 31.25
1204305905120682 31.25
1204305905180535 31.23
1204305905240390 31.23
1204305905300457 31.25
1204305905360101 31.23
1204305905420956 31.23
1204305905480810 31.25
1204305905540666 31.25
1204305905600722 31.25
1204305905660375 31.25
1204305905720230 31.25
1204305905780085 31.23
1204305905840941 31.25
1204305905900017 31.23
1204305905960652 31.25
1204305906020505 31.25
1204305906080360 31.25
1204305906140215 31.25
1204305906200263 31.25
1204305906260926 31.23
1204305906320781 31.25
1204305906380635 31.23
1204305906440491 31.25
1204305906460615 31.23
1204305906510321 31.23
1204305906570175 31.25
1204305906630030 31.25
1204305906690886 31.25
1204305906750741 31.25
1204305906810596 31.25
1204305906870451 31.23
1204305906930306 31.25
1204305906990161 31.23
1204305907050015 31.25
1204305907110872 31.23
1204305907170725 31.25
1204305907230580 31.23
1204305907290435 31.25
1204305907350290 31.23
1204305907410145 31.25
1204305907480000 31.25
1204305907530855 31.25
1204305907590710 31.25
1204305907650565 31.25
1204305907710418 31.23
1204305907770275 31.23
1204305907830129 31.23
1204305907890985 31.25
1204305907950841 31.23
1204305908010696 31.25
1204305908070549 31.23
1204305908130404 31.25
1204305908190259 31.23
1204305908250250 31.23
1204305908310969 31.23
1204305908370824 31.25
1204305908430679 31.25
1204305908490533 31.25
1204305908550388 31.25
1204305908610243 31.25
1204305908670099 31.25
1204305908730955 31.23
1204305908790809 31.25
1204305908850719 31.23
1204305908910518 31.23
1204305908970372 31.23
1204305909030227 31.23
1204305909090082 31.25
1204305909150937 31.25
1204305909210793 31.23
1204305909270647 31.25
1204305909330503 31.23
1204305909390358 31.25
1204305909450225 31.25
1204305909470161 31.23
1204305909520043 31.25
1204305909580899 31.25
1204305909640753 31.23
1204305909700823 31.25
1204305909760463 31.25
1204305909820318 31.25
1204305909880173 31.25
1204305909940027 31.25
1204400000000138 31.25
1204400000060993 31.23
1204400000120849 31.23
1204400000180703 31.25
1204400000240558 31.23
1204400000300638 31.23
1204400000360267 31.23
1204400000420122 31.23
1204400000480979 31.25
1204400000540833 31.25
1204400000600907 31.25
1204400000660543 31.23
1204400000720398 31.25
1204400000780253 31.25
1204400000840107 31.23
1204400000900166 31.25
1204400000960817 31.23
1204400001020673 31.23
1204400001080528 31.23
1204400001140381 31.23
1204400001200236 31.23
1204400001260091 31.23
1204400001320948 31.25
1204400001380803 31.25
1204400001440657 31.23
1204400001500736 31.25
1204400001560367 31.25
1204400001620221 31.23
1204400001680077 31.23
1204400001740931 31.23
1204400001800005 31.25
1204400001860642 31.25
1204400001920496 31.25
1204400001980352 31.25
1204400002040206 31.25
1204400002100284 31.23
1204400002160917 31.25
1204400002220771 31.25
1204400002280626 31.23
1204400002340480 31.25
1204400002400553 31.25
1204400002460191 31.25
1204400002480136 31.25
1204400002530021 31.25
1204400002590878 31.25
1204400002650732 31.25
1204400002710587 31.25
1204400002770441 31.23
1204400002830296 31.25
1204400002890151 31.25
1204400002950006 31.25
1204400003010862 31.25
1204400003070717 31.25
1204400003130570 31.25
1204400003190425 31.25
1204400003250280 31.23
1204400003310135 31.23
1204400003370991 31.25
1204400003430847 31.23
1204400003490700 31.25
1204400003550556 31.25
1204400003610410 31.25
1204400003670265 31.25
1204400003730120 31.25
1204400003790976 31.23
1204400003850831 31.23
1204400003910685 31.23
1204400003970539 31.25
1204400004030394 31.25
1204400004090250 31.23
1204400004150105 31.25
1204400004210961 31.25
1204400004270816 31.25
1204400004330670 31.23
1204400004390525 31.25
1204400004450379 31.25
1204400004510234 31.23
1204400004570089 31.25
1204400004630946 31.23
1204400004690800 31.25
1204400004750655 31.23
1204400004810510 31.25
1204400004870363 31.25
1204400004930219 31.25
1204400004990073 31.23
1204400005050929 31.25
1204400005110785 31.25
1204400005170639 31.25
1204400005230493 31.23
1204400005290348 31.23
1204400005350203 31.25
1204400005410059 31.25
1204400005470914 31.25
1204400005490862 31.23
1204400005540745 31.25
1204400005600601 31.25
1204400005660454 31.23
1204400005720309 31.23
1204400005780164 31.23
1204400005840105 31.25
1204400005900875 31.23
1204400005960729 31.25
1204400006020585 31.25
1204400006080439 31.25
1204400006140293 31.25
1204400006200358 31.23
1204400006260002 31.25
1204400006320859 31.25
1204400006380714 31.25
1204400006440748 31.25
1204400006500425 31.25
1204400006560279 31.25
1204400006620134 31.25
1204400006680988 31.25
1204400006740843 31.27
1204400006800917 31.25
1204400006860563 31.25
1204400006920408 31.25
1204400006980263 31.25
1204400007040131 31.25
1204400007100190 31.25
1204400007160829 31.25
1204400007220683 31.25
1204400007280538 31.25
1204400007340393 31.25
1204400007400248 31.25
1204400007460102 31.25
1204400007520958 31.25
1204400007580813 31.25
1204400007640682 31.25
1204400007700522 31.25
1204400007760377 31.25
1204400007820232 31.25
1204400007880087 31.25
1204400007940942 31.25
1204400008000797 31.25
1204400008060652 31.25
1204400008120507 31.25
1204400008180362 31.25
1204400008240217 31.25
1204400008300071 31.25
1204400008360926 31.25
1204400008420781 31.25
1204400008480636 31.25
1204400008500929 31.25
1204400008550468 31.25
1204400008610323 31.25
1204400008670177 31.25
1204400008730031 31.25
1204400008790886 31.25
1204400008850742 31.25
1204400008910597 31.25
1204400008970452 31.25
1204400009030308 31.25
1204400009090162 31.25
1204400009150016 31.25
1204400009210872 31.25
1204400009270727 31.25
1204400009330582 31.25
1204400009390435 31.25
1204400009450291 31.25
1204400009510145 31.25
1204400009570000 31.25
1204400009630856 31.25
1204400009690713 31.25
1204400009750566 31.25
1204400009810422 31.25
1204400009870277 31.25
1204400009930131 31.25
1204400009990987 31.27
1204400100050095 31.25
1204400100110951 31.27
1204400100170807 31.25
1204400100230661 31.25
1204400100290516 31.25
1204400100350370 31.25
1204400100410225 31.25
1204400100470080 31.25
1204400100530937 31.25
1204400100590792 31.25
1204400100650645 31.25
1204400100710501 31.25
1204400100770355 31.25
1204400100830211 31.25
1204400100890064 31.25
1204400100950921 31.25
1204400101010774 31.25
1204400101070629 31.27
1204400101130484 31.25
1204400101190340 31.25
1204400101250195 31.25
1204400101310049 31.25
1204400101370906 31.25
1204400101430760 31.25
1204400101490615 31.25
1204400101510644 31.23
1204400101560445 31.23
1204400101620300 31.25
1204400101680155 31.25
1204400101740009 31.25
1204400101800086 31.25
1204400101860720 31.25
1204400101920575 31.25
1204400101980430 31.25
1204400102040286 31.25
1204400102100139 31.25
1204400102160995 31.25
1204400102220850 31.25
1204400102280706 31.25
1204400102340560 31.25
1204400102400415 31.25
1204400102460269 31.25
1204400102520124 31.25
1204400102580980 31.25
1204400102640834 31.25
1204400102700689 31.25
1204400102760544 31.25
1204400102820399 31.25
1204400102880255 31.25
1204400102940108 31.25
1204400103000964 31.25
1204400103060819 31.25
1204400103120674 31.25
1204400103180529 31.25
1204400103240383 31.25
1204400103300453 31.25
1204400103360093 31.25
1204400103420948 31.25
1204400103480804 31.25
1204400103540659 31.25
1204400103600513 31.25
1204400103660368 31.25
1204400103720224 31.25
1204400103780078 31.27
1204400103840934 31.25
1204400103900788 31.25
1204400103960642 31.25
1204400104020498 31.25
1204400104080352 31.25
1204400104140206 31.25
1204400104200286 31.25
1204400104260917 31.25
1204400104320774 31.25
1204400104380628 31.25
1204400104440481 31.25
1204400104500337 31.25
1204400104520289 31.25
1204400104570167 31.25
1204400104630037 31.25
1204400104690879 31.25
1204400104750733 31.25
1204400104810589 31.25
1204400104870442 31.25
1204400104930297 31.25
1204400104990153 31.25
1204400105050007 31.25
1204400105110863 31.27
1204400105170718 31.25
1204400105230573 31.25
1204400105290428 31.25
1204400105350281 31.25
1204400105410137 31.25
1204400105470992 31.25
1204400105530847 31.25
1204400105590702 31.25
1204400105650557 31.25
1204400105710412 31.25
1204400105770267 31.25
1204400105830122 31.25
1204400105890978 31.25
1204400105950833 31.25
1204400106010687 31.25
1204400106070541 31.25
1204400106130396 31.25
1204400106190251 31.25
1204400106250106 31.27
1204400106310962 31.27
1204400106370817 31.27
1204400106430672 31.27
1204400106490527 31.25
1204400106550393 31.25
1204400106610235 31.27
1204400106670090 31.27
1204400106730947 31.25
1204400106790801 31.25
1204400106850656 31.25
1204400106910510 31.25
1204400106970365 31.25
1204400107030221 31.27
1204400107090076 31.25
1204400107150931 31.27
1204400107210787 31.27
1204400107270640 31.25
1204400107330495 31.25
1204400107390350 31.25
1204400107450205 31.27
1204400107510060 31.25
1204400107530016 31.25
1204400107580892 31.25
1204400107640746 31.25
1204400107700601 31.27
1204400107760456 31.27
1204400107820311 31.25
1204400107880166 31.27
1204400107940020 31.27
1204400108000876 31.27
1204400108060731 31.27
1204400108120586 31.27
1204400108180440 31.25
1204400108240296 31.25
1204400108300150 31.25
1204400108360006 31.27
1204400108420860 31.27
1204400108480716 31.31
1204400108540571 31.33
1204400108600429 31.36
1204400108660282 31.38
1204400108720138 31.38
1204400108780994 31.36
1204400108840847 31.38
1204400108900704 31.36
1204400108960559 31.36
1204400109020412 31.38
1204400109080267 31.38
1204400109140122 31.36
1204400109200978 31.36
1204400109260832 31.38
1204400109320688 31.36
1204400109380542 31.38
1204400109440397 31.38
1204400109500252 31.38
1204400109560105 31.38
1204400109620081 31.38
1204400109680816 31.38
1204400109740671 31.38
1204400109800526 31.38
1204400109860382 31.36
1204400109920236 31.38
1204400109980090 31.38
1204400200040202 31.38
1204400200100056 31.38
1204400200160911 31.38
1204400200220773 31.38
1204400200280624 31.36
1204400200340477 31.38
1204400200400334 31.36
1204400200460186 31.38
1204400200520044 31.36
1204400200540989 31.38
1204400200590874 31.36
1204400200650728 31.38
1204400200710583 31.36
1204400200770436 31.38
1204400200830292 31.38
1204400200890145 31.38
1204400200950001 31.38
1204400201010858 31.38
1204400201070715 31.36
1204400201130566 31.38
1204400201190423 31.36
1204400201250278 31.36
1204400201310133 31.36
1204400201370987 31.38
1204400201430843 31.36
1204400201490699 31.36
1204400201550554 31.36
1204400201610407 31.36
1204400201670264 31.36
1204400201730117 31.36
1204400201790973 31.36
1204400201850826 31.38
1204400201910684 31.36
1204400201970537 31.38
1204400202030390 31.38
1204400202090246 31.38
1204400202150102 31.36
1204400202210959 31.36
1204400202270811 31.38
1204400202330666 31.36
1204400202390522 31.36
1204400202450378 31.36
1204400202510232 31.36
1204400202570087 31.36
1204400202630941 31.36
1204400202690798 31.36
1204400202750651 31.36
1204400202810505 31.38
1204400202870360 31.38
1204400202930215 31.38
1204400202990071 31.36
1204400203050927 31.36
1204400203110780 31.38
1204400203170637 31.36
1204400203230492 31.36
1204400203290347 31.36
1204400203350200 31.36
1204400203410054 31.38
1204400203470912 31.36
1204400203530766 31.36
1204400203550720 31.36
1204400203600596 31.38
1204400203660449 31.38
1204400203720307 31.36
1204400203780161 31.36
1204400203840015 31.38
1204400203900871 31.36
1204400203960726 31.36
1204400204020581 31.36
1204400204080436 31.36
1204400204140291 31.36
1204400204200145 31.36
1204400204260999 31.38
1204400204320854 31.38
1204400204380710 31.38
1204400204440567 31.36
1204400204500419 31.38
1204400204560273 31.38
1204400204620130 31.36
1204400204680984 31.38
1204400204740841 31.36
1204400204800694 31.38
1204400204860551 31.36
1204400204920403 31.38
1204400204980260 31.36
1204400205040115 31.36
1204400205100972 31.36
1204400205160825 31.36
1204400205220680 31.36
1204400205280535 31.36
1204400205340390 31.36
1204400205400246 31.36
1204400205460099 31.36
1204400205520955 31.36
1204400205580810 31.36
1204400205640665 31.36
1204400205700519 31.36
1204400205760374 31.36
1204400205820228 31.38
1204400205880085 31.36
1204400205940941 31.36
1204400206000793 31.38
1204400206060648 31.38
1204400206120504 31.36
1204400206180359 31.36
1204400206240214 31.36
1204400206300069 31.36
1204400206360923 31.36
1204400206420777 31.38
1204400206480634 31.36
1204400206540489 31.36
1204400206560442 31.36
1204400206610451 31.36
1204400206670175 31.36
1204400206730026 31.38
1204400206790882 31.38
1204400206850740 31.36
1204400206910595 31.36
1204400206970448 31.36
1204400207030304 31.36
1204400207090159 31.36
1204400207150012 31.38
1204400207210909 31.36
1204400207270722 31.38
1204400207330579 31.36
1204400207390434 31.36
1204400207450289 31.36
1204400207510143 31.36
1204400207570999 31.36
1204400207630854 31.36
1204400207690710 31.36
1204400207750563 31.36
1204400207810457 31.38
1204400207870273 31.36
1204400207930127 31.38
1204400207990983 31.38
1204400208050839 31.36
1204400208110694 31.36
1204400208170549 31.36
1204400208230402 31.36
1204400208290257 31.36
1204400208350110 31.38
1204400208410982 31.36
1204400208470824 31.36
1204400208530677 31.38
1204400208590531 31.38
1204400208650386 31.38
1204400208710241 31.38
1204400208770097 31.36
1204400208830952 31.36
1204400208890808 31.36
1204400208950662 31.36
1204400209010518 31.36
1204400209070370 31.38
1204400209130227 31.36
1204400209190081 31.36
1204400209250936 31.38
1204400209310790 31.38
1204400209370647 31.36
1204400209430500 31.38
1204400209490355 31.38
1204400209550212 31.36
1204400209570163 31.36
1204400209620040 31.38
1204400209680898 31.36
1204400209740753 31.36
1204400209800608 31.36
1204400209860463 31.36
1204400209920316 31.38
1204400209980173 31.36
1204400300040280 31.38
1204400300100138 31.36
1204400300160992 31.36
1204400300220945 31.38
1204400300280702 31.36
1204400300340555 31.38
1204400300400410 31.38
1204400300460267 31.36
1204400300520120 31.38
1204400300580975 31.38
1204400300640833 31.36
1204400300700688 31.36
1204400300760541 31.36
1204400300820396 31.36
1204400300880251 31.36
1204400300940105 31.38
1204400301000963 31.36
1204400301060817 31.36
1204400301120671 31.36
1204400301180527 31.36
1204400301240381 31.36
1204400301300235 31.36
1204400301360091 31.36
1204400301420946 31.36
1204400301480801 31.36
1204400301540656 31.36
1204400301600509 31.38
1204400301660364 31.38
1204400301720220 31.36
1204400301780075 31.36
1204400301840931 31.36
1204400301900786 31.36
1204400301960641 31.36
1204400302020495 31.36
1204400302080349 31.36
1204400302140205 31.36
1204400302200060 31.36
1204400302260917 31.36
1204400302320768 31.38
1204400302380623 31.38
1204400302440480 31.36
1204400302500335 31.36
1204400302560190 31.36
1204400302580286 31.38
1204400302630020 31.36
1204400302690877 31.36
1204400302750728 31.38
1204400302810583 31.38
1204400302870441 31.36
1204400302930294 31.38
1204400302990151 31.36
1204400303050002 31.38
1204400303110858 31.38
1204400303170714 31.38
1204400303230568 31.38
1204400303290424 31.36
1204400303350279 31.36
1204400303410134 31.36
1204400303470988 31.38
1204400303530845 31.36
1204400303590699 31.36
1204400303650553 31.38
1204400303710410 31.36
1204400303770274 31.36
1204400303830117 31.38
1204400303890975 31.36
1204400303950829 31.38
1204400304010682 31.38
1204400304070539 31.36
1204400304130391 31.38
1204400304190248 31.36
1204400304250101 31.38
1204400304310960 31.36
1204400304370814 31.36
1204400304430668 31.36
1204400304490524 31.36
1204400304550378 31.38
1204400304610231 31.38
1204400304670086 31.38
1204400304730945 31.36
1204400304790796 31.38
1204400304850654 31.36
1204400304910509 31.36
1204400304970363 31.36
1204400305030218 31.36
1204400305090072 31.36
1204400305150929 31.36
1204400305210784 31.36
1204400305270638 31.36
1204400305330491 31.38
1204400305390347 31.38
1204400305450203 31.36
1204400305510057 31.36
1204400305570911 31.38
1204400305590865 31.36
1204400305640744 31.36
1204400305700599 31.36
1204400305760453 31.36
1204400305820309 31.36
1204400305880162 31.36
1204400305940018 31.36
1204400306000886 31.36
1204400306060728 31.36
1204400306120584 31.36
1204400306180437 31.38
1204400306240291 31.38
1204400306300147 31.36
1204400306360002 31.36
1204400306420858 31.36
1204400306480710 31.38
1204400306540566 31.38
1204400306600434 31.38
1204400306660277 31.36
1204400306720133 31.36
1204400306780985 31.38
1204400306840843 31.36
1204400306900697 31.36
1204400306960552 31.36
1204400307020408 31.36
1204400307080261 31.36
1204400307140116 31.36
1204400307200972 31.36
1204400307260827 31.36
1204400307320682 31.36
1204400307380535 31.38
1204400307440392 31.36
1204400307500247 31.36
1204400307560102 31.36
1204400307620956 31.36
1204400307680812 31.36
1204400307740667 31.36
1204400307800536 31.36
1204400307860374 31.38
1204400307920231 31.36
1204400307980085 31.38
1204400308040941 31.36
1204400308100796 31.36
1204400308160651 31.36
1204400308220507 31.36
1204400308280360 31.36
1204400308340214 31.38
1204400308400070 31.36
1204400308460926 31.36
1204400308520780 31.36
1204400308580634 31.38
1204400308610966 31.38
1204400308650466 31.36
1204400308710321 31.36
1204400308770177 31.36
1204400308830029 31.38
1204400308890887 31.36
1204400308950741 31.36
1204400309010596 31.36
1204400309070450 31.36
1204400309130305 31.36
1204400309190293 31.38
1204400309250015 31.36
1204400309310869 31.38
1204400309370727 31.36
1204400309430580 31.36
1204400309490435 31.36
1204400309550291 31.36
1204400309610143 31.38
1204400309670000 31.36
1204400309730856 31.36
1204400309790751 31.36
1204400309850565 31.36
1204400309910421 31.36
1204400309970276 31.36
1204400400030385 31.36
1204400400090241 31.36
1204400400150094 31.36
1204400400210949 31.38
1204400400270806 31.36
1204400400330659 31.38
1204400400390527 31.38
1204400400450368 31.38
1204400400510225 31.36
1204400400570080 31.36
1204400400630935 31.36
1204400400690790 31.36
1204400400750644 31.36
1204400400810497 31.38
1204400400870354 31.36
1204400400930209 31.36
1204400400990078 31.36
1204400401050919 31.36
1204400401110775 31.36
1204400401170629 31.36
1204400401230481 31.38
1204400401290339 31.36
1204400401350194 31.36
1204400401410048 31.36
1204400401470905 31.36
1204400401530759 31.36
1204400401590628 31.36
1204400401610795 31.36
1204400401660445 31.36
1204400401720300 31.36
1204400401780154 31.36
1204400401840010 31.36
1204400401900866 31.36
1204400401960719 31.36
1204400402020574 31.36
1204400402080429 31.36
1204400402140284 31.36
1204400402200137 31.38
1204400402260994 31.36
1204400402320848 31.38
1204400402380703 31.36
1204400402440559 31.36
1204400402500415 31.36
1204400402560267 31.38
1204400402620124 31.36
1204400402680980 31.36
1204400402740835 31.36
1204400402800686 31.38
1204400402860543 31.36
1204400402920399 31.36
1204400402980252 31.36
1204400403040106 31.38
1204400403100962 31.38
1204400403160818 31.36
1204400403220670 31.38
1204400403280527 31.36
1204400403340382 31.36
1204400403400238 31.36
1204400403460093 31.36
1204400403520947 31.36
1204400403580803 31.36
1204400403640658 31.36
1204400403700514 31.36
1204400403760365 31.38
1204400403820222 31.36
1204400403880076 31.38
1204400403940931 31.38
1204400404000786 31.36
1204400404060642 31.36
1204400404120495 31.38
1204400404180352 31.36
1204400404240204 31.38
1204400404300061 31.36
1204400404360917 31.36
1204400404420772 31.36
1204400404480626 31.36
1204400404540481 31.36
1204400404600335 31.36
1204400404620294 31.36
1204400404670167 31.36
1204400404730019 31.38
1204400404790877 31.36
1204400404850732 31.36
1204400404910587 31.36
1204400404970441 31.36
1204400405030296 31.36
1204400405090150 31.38
1204400405150007 31.36
1204400405210859 31.38
1204400405270716 31.36
1204400405330571 31.36
1204400405390427 31.36
1204400405450282 31.36
1204400405510133 31.38
1204400405570991 31.36
1204400405630845 31.38
1204400405690701 31.36
1204400405750556 31.36
1204400405810411 31.36
1204400405870265 31.36
1204400405930121 31.36
1204400405990977 31.36
1204400406050832 31.36
1204400406110684 31.38
1204400406170541 31.4
1204400406230400 31.44
1204400406290255 31.44
1204400406350110 31.44
1204400406410966 31.44
1204400406470820 31.44
1204400406530674 31.44
1204400406590529 31.44
1204400406650385 31.44
1204400406710239 31.44
1204400406770094 31.44
1204400406830950 31.44
1204400406890805 31.44
1204400406950661 31.44
1204400407010514 31.44
1204400407070369 31.44
1204400407130224 31.44
1204400407190073 31.42
1204400407250933 31.44
1204400407310788 31.44
1204400407370643 31.44