1204903002380135 32.26
1204903002440991 32.24
1204903002500847 32.24
1204903002560715 32.24
1204903002620557 32.24
1204903002680410 32.24
1204903002740265 32.24
1204903002800118 32.26
1204903002860988 32.26
1204903002920830 32.26
1204903002980687 32.24
1204903003040540 32.24
1204903003100395 32.24
1204903003160264 32.24
1204903003220106 32.24
1204903003280961 32.24
1204903003340816 32.24
1204903003400668 32.26
1204903003460537 32.26
1204903003520379 32.24
1204903003580234 32.24
1204903003640089 32.24
1204903003700944 32.26
1204903003760812 32.26
1204903003820656 32.24
1204903003880509 32.24
1204903003940362 32.26
1204903004000219 32.24
1204903004070088 32.24
1204903004120929 32.26
1204903004190856 32.24
1204903004240637 32.26
1204903004300494 32.24
1204903004360357 32.24
1204903004420203 32.26
1204903004480058 32.24
1204903004540914 32.24
1204903004600769 32.24
1204903004670737 32.24
1204903004720479 32.24
1204903004780333 32.26
1204903004840186 32.26
1204903004900043 32.24
1204903004970911 32.26
1204903005020755 32.24
1204903005090713 32.26
1204903005110648 32.28
1204903005150439 32.24
1204903005210295 32.24
1204903005270146 32.26
1204903005330005 32.24
1204903005390859 32.24
1204903005450714 32.24
1204903005510570 32.24
1204903005570423 32.26
1204903005630278 32.26
1204903005690133 32.24
1204903005750987 32.26
1204903005810842 32.26
1204903005870699 32.24
1204903005930553 32.24
1204903005990408 32.24
1204903006050263 32.24
1204903006110118 32.24
1204903006170975 32.24
1204903006230826 32.26
1204903006290681 32.26
1204903006350538 32.24
1204903006410391 32.26
1204903006480258 32.26
1204903006530100 32.26
1204903006590958 32.24
1204903006650811 32.26
1204903006710668 32.24
1204903006770523 32.24
1204903006830377 32.24
1204903006890232 32.24
1204903006950087 32.24
1204903007010942 32.26
1204903007070797 32.24
1204903007130652 32.24
1204903007190505 32.26
1204903007250363 32.24
1204903007310216 32.24
1204903007370071 32.24
1204903007430927 32.24
1204903007490783 32.24
1204903007550636 32.26
1204903007610489 32.26
1204903007670346 32.24
1204903007740201 32.24
1204903007800057 32.24
1204903007860913 32.24
1204903007910766 32.26
1204903007980621 32.24
1204903008040477 32.24
1204903008100332 32.24
1204903008120371 32.24
1204903008170173 32.26
1204903008220014 32.26
1204903008290873 32.24
1204903008350728 32.24
1204903008410583 32.24
1204903008470452 32.24
1204903008530291 32.24
1204903008590147 32.24
1204903008650002 32.24
1204903008710858 32.24
1204903008770725 32.24
1204903008830564 32.26
1204903008890420 32.26
1204903008950275 32.26
1204903009010128 32.26
1204903009070998 32.26
1204903009130841 32.24
1204903009190769 32.24
1204903009250550 32.26
1204903009310403 32.26
1204903009370274 32.24
1204903009430116 32.24
1204903009490972 32.24
1204903009550827 32.24
1204903009610682 32.24
1204903009670537 32.24
1204903009730391 32.24
1204903009790246 32.24
1204903009850101 32.24
1204903009910955 32.26
1204903009970824 32.24
1204903100030922 32.24
1204903100090778 32.24
1204903100150632 32.24
1204903100210486 32.24
1204903100270354 32.24
1204903100330196 32.24
1204903100390051 32.24
1204903100450907 32.24
1204903100510761 32.24
1204903100570628 32.26
1204903100630471 32.24
1204903100690325 32.26
1204903100750180 32.26
1204903100810035 32.24
1204903100870904 32.24
1204903100930744 32.26
1204903100990601 32.24
1204903101050456 32.24
1204903101110310 32.24
1204903101130348 32.26
1204903101180139 32.26
1204903101240997 32.24
1204903101300851 32.24
1204903101360706 32.24
1204903101420559 32.26
1204903101480416 32.24
1204903101540271 32.24
1204903101600125 32.24
1204903101660979 32.26
1204903101720836 32.24
1204903101780692 32.24
1204903101840547 32.24
1204903101900400 32.24
1204903101960255 32.24
1204903102020110 32.24
1204903102080965 32.24
1204903102140821 32.24
1204903102200674 32.26
1204903102260531 32.24
1204903102320386 32.24
1204903102380239 32.24
1204903102440092 32.26
1204903102500949 32.26
1204903102560804 32.26
1204903102620659 32.26
1204903102680514 32.24
1204903102740367 32.26
1204903102800224 32.24
1204903102860079 32.24
1204903102920936 32.24
1204903102980789 32.24
1204903103040646 32.24
1204903103100497 32.26
1204903103160355 32.24
1204903103220210 32.24
1204903103280173 32.24
1204903103340919 32.24
1204903103400774 32.24
1204903103460627 32.26
1204903103520485 32.24
1204903103580338 32.24
1204903103640191 32.26
1204903103700046 32.26
1204903103760904 32.24
1204903103820758 32.26
1204903103880695 32.24
1204903103940466 32.26
1204903104000322 32.26
1204903104060179 32.24
1204903104120034 32.24
1204903104140074 32.24
1204903104190941 32.24
1204903104250719 32.24
1204903104310575 32.24
1204903104370436 32.24
1204903104430283 32.24
1204903104490138 32.24
1204903104550992 32.26
1204903104610848 32.26
1204903104670822 32.24
1204903104730556 32.26
1204903104790413 32.24
1204903104850268 32.24
1204903104910124 32.24
1204903104970999 32.26
1204903105030831 32.26
1204903105090688 32.24
1204903105150542 32.26
1204903105210399 32.24
1204903105270287 32.26
1204903105330106 32.26
1204903105390964 32.24
1204903105450817 32.26
1204903105510672 32.26
1204903105570539 32.26
1204903105630380 32.26
1204903105690236 32.26
1204903105750090 32.26
1204903105810947 32.26
1204903105870809 32.26
1204903105930657 32.26
1204903105990510 32.26
1204903106050367 32.24
1204903106110222 32.24
1204903106170091 32.24
1204903106230932 32.26
1204903106290785 32.26
1204903106350642 32.24
1204903106410497 32.24
1204903106470376 32.24
1204903106530206 32.26
1204903106590061 32.24
1204903106650915 32.26
1204903106710773 32.24
1204903106770640 32.24
1204903106830483 32.24
1204903106890336 32.24
1204903106950189 32.26
1204903107010046 32.24
1204903107070912 32.26
1204903107130756 32.24
1204903107150794 32.26
1204903107200588 32.24
1204903107260443 32.24
1204903107320294 32.26
1204903107380149 32.26
1204903107440006 32.24
1204903107500861 32.26
1204903107560718 32.24
1204903107620569 32.26
1204903107680426 32.24
1204903107740280 32.26
1204903107800137 32.24
1204903107860993 32.24
1204903107920844 32.26
1204903107980712 32.24
1204903108040557 32.24
1204903108100412 32.24
1204903108160263 32.26
1204903108220121 32.24
1204903108280977 32.24
1204903108340832 32.24
1204903108400687 32.24
1204903108460542 32.24
1204903108520393 32.26
1204903108580249 32.26
1204903108640104 32.26
1204903108700962 32.24
1204903108760814 32.26
1204903108820670 32.24
1204903108880526 32.24
1204903108940379 32.26
1204903109000236 32.24
1204903109060087 32.26
1204903109120945 32.24
1204903109180801 32.24
1204903109240656 32.24
1204903109300508 32.26
1204903109360363 32.26
1204903109420220 32.24
1204903109480216 32.24
1204903109540931 32.24
1204903109600784 32.24
1204903109660640 32.24
1204903109720495 32.24
1204903109780348 32.26
1204903109840205 32.24
1204903109900058 32.24
1204903109960912 32.26
1204903200030024 32.24
1204903200090878 32.26
1204903200150733 32.26
1204903200170775 32.24
1204903200220563 32.26
1204903200280491 32.26
1204903200340276 32.24
1204903200400130 32.24
1204903200460986 32.24
1204903200520840 32.24
1204903200580722 32.24
1204903200640550 32.24
1204903200700405 32.24
1204903200760259 32.24
1204903200820112 32.26
1204903200880984 32.24
1204903200940825 32.24
1204903201000679 32.26
1204903201060532 32.26
1204903201120389 32.24
1204903201180260 32.24
1204903201240097 32.26
1204903201300954 32.26
1204903201360811 32.24
1204903201420664 32.24
1204903201480542 32.24
1204903201540374 32.24
1204903201600229 32.24
1204903201660084 32.24
1204903201720939 32.24
1204903201780811 32.24
1204903201840647 32.26
1204903201900504 32.24
1204903201960359 32.24
1204903202020214 32.24
1204903202080077 32.24
1204903202140924 32.24
1204903202200863 32.26
1204903202260632 32.26
1204903202320488 32.24
1204903202380380 32.24
1204903202440198 32.24
1204903202500053 32.24
1204903202560910 32.24
1204903202620763 32.24
1204903202680618 32.24
1204903202740473 32.24
1204903202800328 32.24
1204903202860182 32.26
1204903202920037 32.26
1204903202980908 32.24
1204903203040748 32.24
1204903203100603 32.24
1204903203160458 32.24
1204903203180432 32.24
1204903203230286 32.26
1204903203290143 32.24
1204903203360000 32.24
1204903203410853 32.24
1204903203470708 32.24
1204903203530563 32.24
1204903203590416 32.26
1204903203650273 32.24
1204903203710127 32.24
1204903203770983 32.24
1204903203830838 32.24
1204903203890692 32.26
1204903203950546 32.26
1204903204010400 32.26
1204903204070257 32.24
1204903204130110 32.26
1204903204190968 32.24
1204903204250821 32.26
1204903204310677 32.24
1204903204370532 32.24
1204903204430387 32.24
1204903204490242 32.24
1204903204550095 32.26
1204903204610950 32.26
1204903204670805 32.26
1204903204730662 32.24
1204903204790517 32.24
1204903204850370 32.26
1204903204910226 32.24
1204903204970081 32.24
1204903205030937 32.24
1204903205090790 32.26
1204903205150646 32.24
1204903205210501 32.24
1204903205270354 32.26
1204903205330212 32.24
1204903205390063 32.26
1204903205450921 32.24
1204903205510776 32.24
1204903205570631 32.24
1204903205630484 32.26
1204903205690340 32.26
1204903205750197 32.24
1204903205810050 32.24
1204903205870906 32.24
1204903205930762 32.24
1204903205990614 32.26
1204903206050471 32.24
1204903206110325 32.24
1204903206170178 32.26
1204903206190247 32.24
1204903206240010 32.26
1204903206300866 32.24
1204903206360721 32.24
1204903206420575 32.26
1204903206480471 32.26
1204903206540285 32.26
1204903206600138 32.26
1204903206660996 32.24
1204903206720851 32.24
1204903206780718 32.26
1204903206840559 32.26
1204903206900413 32.26
1204903206960268 32.26
1204903207020125 32.24
1204903207080004 32.24
1204903207140836 32.24
1204903207200770 32.26
1204903207260543 32.26
1204903207320400 32.24
1204903207380267 32.26
1204903207440109 32.26
1204903207500967 32.24
1204903207560820 32.24
1204903207620675 32.24
1204903207680528 32.26
1204903207740385 32.24
1204903207800240 32.24
1204903207860095 32.24
1204903207920950 32.24
1204903207980822 32.24
1204903208040660 32.24
1204903208100515 32.24
1204903208160368 32.24
1204903208220222 32.26
1204903208280112 32.26
1204903208340933 32.26
1204903208400789 32.24
1204903208460644 32.24
1204903208520497 32.26
1204903208580376 32.26
1204903208640209 32.24
1204903208700062 32.26
1204903208760920 32.24
1204903208820773 32.24
1204903208880654 32.24
1204903208940483 32.24
1204903209000337 32.26
1204903209060192 32.26
1204903209120045 32.26
1204903209180919 32.26
1204903209200249 32.26
1204903209250735 32.24
1204903209310587 32.26
1204903209370444 32.24
1204903209430297 32.26
1204903209490168 32.24
1204903209550009 32.24
1204903209610864 32.24
1204903209670717 32.26
1204903209730572 32.26
1204903209790427 32.26
1204903209850284 32.24
1204903209910138 32.24
1204903209970994 32.24
1204903300030102 32.26
1204903300090958 32.26
1204903300150815 32.24
1204903300210668 32.24
1204903300270521 32.26
1204903300330377 32.26
1204903300390234 32.24
1204903300450087 32.26
1204903300510944 32.24
1204903300570798 32.24
1204903300630653 32.24
1204903300690507 32.26
1204903300750362 32.24
1204903300810215 32.26
1204903300870072 32.24
1204903300930928 32.24
1204903300990796 32.26
1204903301050637 32.24
1204903301110492 32.24
1204903301170347 32.24
1204903301230203 32.24
1204903301290056 32.24
1204903301350912 32.24
1204903301410768 32.24
1204903301470621 32.26
1204903301530478 32.24
1204903301590331 32.24
1204903301650184 32.26
1204903301710040 32.26
1204903301770897 32.24
1204903301830751 32.26
1204903301890604 32.26
1204903301950461 32.24
1204903302010317 32.24
1204903302070172 32.24
1204903302130027 32.24
1204903302190882 32.24
1204903302210933 32.26
1204903302260713 32.24
1204903302320566 32.26
1204903302380452 32.26
1204903302440274 32.26
1204903302500132 32.24
1204903302560986 32.26
1204903302620843 32.24
1204903302680696 32.26
1204903302740551 32.24
1204903302800404 32.26
1204903302860262 32.24
1204903302920117 32.24
1204903302990000 32.24
1204903303040827 32.24
1204903303100681 32.24
1204903303160536 32.24
1204903303220390 32.26
1204903303280276 32.26
1204903303340100 32.26
1204903303400956 32.24
1204903303460811 32.24
1204903303520666 32.24
1204903303580563 32.24
1204903303640377 32.24
1204903303700228 32.26
1204903303760083 32.26
1204903303820941 32.24
1204903303880810 32.24
1204903303940650 32.26
1204903304000505 32.24
1204903304060517 32.24
1204903304120214 32.26
1204903304180102 32.24
1204903304240925 32.24
1204903304300778 32.26
1204903304360634 32.26
1204903304420489 32.26
1204903304480367 32.24
1204903304540201 32.24
1204903304600054 32.24
1204903304660971 32.24
1204903304720765 32.24
1204903304780667 32.24
1204903304840474 32.24
1204903304900327 32.26
1204903304960184 32.24
1204903305020039 32.24
1204903305080920 32.24
1204903305140747 32.26
1204903305200688 32.24
1204903305220642 32.26
1204903305270434 32.26
1204903305330289 32.24
1204903305390144 32.24
1204903305450998 32.26
1204903305510855 32.24
1204903305570711 32.24
1204903305630566 32.24
1204903305690419 32.24
1204903305750274 32.24
1204903305810127 32.26
1204903305870985 32.24
1204903305930841 32.24
1204903305990694 32.24
1204903306050549 32.24
1204903306110405 32.24
1204903306170259 32.24
1204903306230115 32.24
1204903306290967 32.26
1204903306350824 32.24
1204903306410677 32.26
1204903306470534 32.24
1204903306530389 32.24
1204903306590245 32.24
1204903306650098 32.24
1204903306710952 32.26
1204903306770807 32.26
1204903306830662 32.26
1204903306890518 32.24
1204903306950373 32.24
1204903307010226 32.26
1204903307070082 32.26
1204903307130940 32.24
1204903307190791 32.26
1204903307250646 32.26
1204903307310502 32.26
1204903307370358 32.24
1204903307430212 32.26
1204903307490067 32.24
1204903307550921 32.26
1204903307610776 32.26
1204903307670631 32.26
1204903307730486 32.26
1204903307790342 32.24
1204903307850197 32.24
1204903307910052 32.24
1204903307970908 32.24
1204903308030764 32.24
1204903308090615 32.26
1204903308150471 32.26
1204903308210327 32.24
1204903308230367 32.24
1204903308280204 32.24
1204903308340012 32.24
1204903308400868 32.24
1204903308460724 32.24
1204903308520575 32.26
1204903308580459 32.26
1204903308640288 32.24
1204903308700142 32.24
1204903308760997 32.26
1204903308820854 32.24
1204903308880756 32.24
1204903308940562 32.24
1204903309000415 32.26
1204903309060271 32.26
1204903309120128 32.24
1204903309180014 32.24
1204903309240837 32.24
1204903309300690 32.26
1204903309360546 32.26
1204903309420403 32.24
1204903309480297 32.26
1204903309540111 32.24
1204903309600965 32.26
1204903309660823 32.24
1204903309720678 32.24
1204903309780591 32.26
1204903309840384 32.26
1204903309900241 32.24
1204903309960096 32.24
1204903400020205 32.26
1204903400080103 32.24
1204903400140915 32.26
1204903400200858 32.24
1204903400260625 32.26
1204903400320482 32.24
1204903400380367 32.26
1204903400440191 32.24
1204903400500046 32.24
1204903400560902 32.24
1204903400620757 32.24
1204903400680611 32.26
1204903400740466 32.24
1204903400800318 32.26
1204903400860174 32.26
1204903400920029 32.26
1204903400980918 32.24
1204903401040738 32.26
1204903401100595 32.24
1204903401160450 32.24
1204903401220306 32.24
1204903401240346 32.24
1204903401290134 32.26
1204903401350990 32.26
1204903401410845 32.26
1204903401470700 32.24
1204903401530556 32.24
1204903401590411 32.24
1204903401650363 32.26
1204903401710121 32.24
1204903401770977 32.24
1204903401830830 32.24
1204903401890684 32.26
1204903401950538 32.26
1204903402010394 32.26
1204903402070249 32.26
1204903402130104 32.24
1204903402190958 32.26
1204903402250859 32.24
1204903402310669 32.26
1204903402370526 32.24
1204903402430379 32.26
1204903402490234 32.24
1204903402550089 32.24
1204903402610944 32.26
1204903402670801 32.24
1204903402730653 32.26
1204903402790507 32.26
1204903402850374 32.24
1204903402910220 32.24
1204903402970075 32.24
1204903403030929 32.26
1204903403090784 32.24
1204903403150639 32.24
1204903403210493 32.26
1204903403270350 32.24
1204903403330203 32.26
1204903403390058 32.24
1204903403450914 32.24
1204903403510770 32.24
1204903403570623 32.26
1204903403630480 32.24
1204903403690333 32.24
1204903403750187 32.26
1204903403810043 32.24
1204903403870899 32.24
1204903403930753 32.26
1204903403990622 32.24
1204903404050463 32.24
1204903404110316 32.26
1204903404170173 32.24
1204903404230029 32.24
1204903404250120 32.26
1204903404300858 32.26
1204903404360715 32.24
1204903404420570 32.24
1204903404480460 32.26
1204903404540276 32.26
1204903404600132 32.26
1204903404660988 32.26
1204903404720845 32.24
1204903404780743 32.26
1204903404840551 32.26
1204903404900408 32.24
1204903404960263 32.24
1204903405020117 32.26
1204903405080011 32.26
1204903405140828 32.26
1204903405200769 32.26
1204903405260538 32.24
1204903405320394 32.24
1204903405380282 32.26
1204903405440102 32.24
1204903405500958 32.24
1204903405560811 32.26
1204903405620667 32.26
1204903405680522 32.26
1204903405740375 32.26
1204903405800231 32.26
1204903405860087 32.24
1204903405920942 32.26
1204903405980824 32.26
1204903406040652 32.26
1204903406100507 32.24
1204903406160362 32.24
1204903406220217 32.24
1204903406280127 32.26
1204903406340929 32.24
1204903406400780 32.26
1204903406460637 32.24
1204903406520492 32.24
1204903406580387 32.24
1204903406640203 32.24
1204903406700056 32.24
1204903406760912 32.24
1204903406820766 32.26
1204903406880704 32.24
1204903406940476 32.26
1204903407000331 32.24
1204903407060184 32.26
1204903407120040 32.26
1204903407180939 32.24
1204903407240751 32.24
1204903407260805 32.24
1204903407310581 32.26
1204903407370438 32.24
1204903407430291 32.24
1204903407490146 32.24
1204903407550001 32.24
1204903407610856 32.26
1204903407670713 32.24
1204903407730566 32.26
1204903407790421 32.24
1204903407850276 32.24
1204903407910131 32.24
1204903407970987 32.24
1204903408030843 32.24
1204903408090696 32.24
1204903408150551 32.24
1204903408210406 32.24
1204903408270262 32.24
1204903408330116 32.24
1204903408390971 32.24
1204903408450827 32.24
1204903408510682 32.24
1204903408570537 32.24
1204903408630390 32.24
1204903408690244 32.26
1204903408750099 32.26
1204903408810955 32.26
1204903408870812 32.24
1204903408930665 32.24
1204903408990519 32.26
1204903409050374 32.26
1204903409110229 32.26
1204903409170084 32.26
1204903409230940 32.24
1204903409290795 32.24
1204903409350651 32.24
1204903409410506 32.24
1204903409470357 32.26
1204903409530212 32.26
1204903409590067 32.26
1204903409650923 32.26
1204903409710779 32.26
1204903409770634 32.26
1204903409830490 32.24
1204903409890344 32.24
1204903409950197 32.26
1204903500010310 32.24
1204903500070163 32.26
1204903500130018 32.26
1204903500190875 32.24
1204903500250730 32.24
1204903500270770 32.24
1204903500320558 32.26
1204903500380460 32.26
1204903500440283 32.24
1204903500500123 32.26
1204903500560981 32.24
1204903500620836 32.24
1204903500680689 32.26
1204903500740544 32.24
1204903500800398 32.26
1204903500860253 32.26
1204903500920110 32.24
1204903500980051 32.24
1204903501040819 32.24
1204903501100675 32.24
1204903501160530 32.24
1204903501220385 32.24
1204903501280291 32.26
1204903501340094 32.24
1204903501400950 32.24
1204903501460803 32.26
1204903501520660 32.24
1204903501580568 32.26
1204903501640366 32.26
1204903501700224 32.24
1204903501760077 32.26
1204903501820935 32.24
1204903501880833 32.26
1204903501940644 32.24
1204903502000499 32.24
1204903502060354 32.24
1204903502120209 32.24
1204903502180119 32.24
1204903502240918 32.24
1204903502300774 32.24
1204903502360628 32.24
1204903502420484 32.24
1204903502480386 32.26
1204903502540194 32.24
1204903502600047 32.24
1204903502660903 32.24
1204903502720757 32.26
1204903502780668 32.26
1204903502840465 32.26
1204903502900322 32.24
1204903502960178 32.24
1204903503020031 32.26
1204903503080928 32.26
1204903503140740 32.26
1204903503200689 32.24
1204903503260451 32.26
1204903503280755 32.24
1204903503330284 32.24
1204903503390135 32.26
1204903503450992 32.26
1204903503510847 32.26
1204903503570701 32.26
1204903503630559 32.24
1204903503690410 32.26
1204903503750265 32.26
1204903503810120 32.26
1204903503870976 32.26
1204903503930833 32.24
1204903503990700 32.24
1204903504050542 32.24
1204903504110395 32.26
1204903504170250 32.26
1204903504230106 32.26
1204903504290960 32.26
1204903504350815 32.26
1204903504410670 32.26
1204903504470526 32.26
1204903504530383 32.24
1204903504590236 32.24
1204903504650091 32.24
1204903504710946 32.26
1204903504770801 32.26
1204903504830658 32.24
1204903504890511 32.24
1204903504950365 32.26
1204903505010220 32.26
1204903505070075 32.26
1204903505130933 32.24
1204903505190786 32.24
1204903505250640 32.26
1204903505310495 32.26
1204903505370350 32.26
1204903505430207 32.24
1204903505490072 32.26
1204903505550914 32.26
1204903505610771 32.24
1204903505670626 32.24
1204903505730482 32.24
1204903505790335 32.24
1204903505850188 32.26
1204903505910044 32.26
1204903505970900 32.26
1204903506030927 32.26
1204903506090608 32.26
1204903506150464 32.26
1204903506210319 32.26
1204903506270174 32.24
1204903506290239 32.26
1204903506340004 32.26
1204903506400860 32.26
1204903506460717 32.24
1204903506520570 32.26
1204903506580474 32.26
1204903506640280 32.24
1204903506700135 32.24
1204903506760989 32.26
1204903506820847 32.24
1204903506880760 32.26
1204903506940555 32.26
1204903507000409 32.26
1204903507060263 32.26
1204903507120120 32.24
1204903507180017 32.26
1204903507240828 32.26
1204903507300685 32.24
1204903507360538 32.26
1204903507420393 32.26
1204903507480311 32.26
1204903507540102 32.26
1204903507600960 32.24
1204903507660813 32.26
1204903507720671 32.24
1204903507780578 32.24
1204903507840379 32.24
1204903507900232 32.26
1204903507960087 32.26