1204201303350375 33.73
1204201303410244 33.73
1204201303470085 33.73
1204201303530940 33.73
1204201303590795 33.73
1204201303650650 33.73
1204201303710519 33.75
1204201303770454 33.73
1204201303830214 33.73
1204201303850103 33.71
1204201303900046 33.73
1204201303960900 33.73
1204201304020755 33.73
1204201304080610 33.73
1204201304140465 33.73
1204201304200320 33.73
1204201304260174 33.75
1204201304320029 33.73
1204201304380944 33.73
1204201304440740 33.73
1204201304500595 33.73
1204201304560449 33.73
1204201304620304 33.73
1204201304680159 33.73
1204201304740015 33.73
1204201304800869 33.73
1204201304860725 33.73
1204201304920580 33.73
1204201304980454 33.75
1204201305040288 33.75
1204201305100143 33.73
1204201305170000 33.73
1204201305220855 33.73
1204201305280710 33.73
1204201305340563 33.73
1204201305400419 33.73
1204201305460274 33.73
1204201305520129 33.73
1204201305580002 33.73
1204201305640839 33.73
1204201305700694 33.73
1204201305760549 33.73
1204201305820404 33.73
1204201305880258 33.73
1204201305940113 33.73
1204201306000969 33.73
1204201306060824 33.73
1204201306120679 33.75
1204201306180546 33.78
1204201306240388 33.82
1204201306300243 33.84
1204201306360098 33.82
1204201306420953 33.82
1204201306480808 33.84
1204201306540663 33.82
1204201306600518 33.82
1204201306660373 33.82
1204201306720227 33.82
1204201306780098 33.8
1204201306840938 33.78
1204201306860828 33.78
1204201306910831 33.75
1204201306970623 33.73
1204201307030477 33.71
1204201307090331 33.71
1204201307150185 33.71
1204201307210054 33.71
1204201307270990 33.71
1204201307330751 33.71
1204201307390606 33.71
1204201307450462 33.71
1204201307510331 33.73
1204201307570170 33.71
1204201307630027 33.73
1204201307690883 33.73
1204201307750737 33.71
1204201307810604 33.71
1204201307870445 33.71
1204201307930301 33.71
1204201307990156 33.71
1204201308050009 33.71
1204201308110879 33.71
1204201308170720 33.71
1204201308230576 33.71
1204201308290431 33.71
1204201308350284 33.71
1204201308410155 33.73
1204201308470996 33.71
1204201308530850 33.71
1204201308590705 33.71
1204201308650561 33.71
1204201308710428 33.71
1204201308770371 33.71
1204201308830124 33.71
1204201308890981 33.71
1204201308950836 33.73
1204201309010703 33.71
1204201309070545 33.71
1204201309130400 33.71
1204201309190253 33.71
1204201309250108 33.71
1204201309310978 33.71
1204201309370820 33.71
1204201309430673 33.71
1204201309490529 33.71
1204201309550384 33.71
1204201309610252 33.71
1204201309670094 33.71
1204201309730950 33.71
1204201309790803 33.71
1204201309850659 33.71
1204201309870546 33.71
1204201309920490 33.71
1204201309980344 33.71
1204201400040455 33.71
1204201400100310 33.71
1204201400160165 33.71
1204201400220019 33.71
1204201400280875 33.71
1204201400340730 33.71
1204201400400585 33.71
1204201400460441 33.71
1204201400520295 33.71
1204201400580149 33.71
1204201400640005 33.71
1204201400700861 33.71
1204201400760716 33.71
1204201400820569 33.71
1204201400880425 33.71
1204201400940280 33.71
1204201401000135 33.71
1204201401060989 33.71
1204201401120846 33.73
1204201401180700 33.71
1204201401240555 33.71
1204201401300410 33.71
1204201401360263 33.71
1204201401420118 33.71
1204201401480974 33.71
1204201401540830 33.71
1204201401600685 33.71
1204201401660540 33.71
1204201401720393 33.71
1204201401780249 33.71
1204201401840104 33.71
1204201401900960 33.71
1204201401960813 33.71
1204201402020669 33.71
1204201402080524 33.71
1204201402140379 33.71
1204201402200234 33.71
1204201402260088 33.71
1204201402320944 33.71
1204201402380799 33.71
1204201402440653 33.71
1204201402500508 33.71
1204201402560363 33.71
1204201402620218 33.71
1204201402680073 33.71
1204201402740929 33.71
1204201402800782 33.69
1204201402860638 33.65
1204201402880529 33.63
1204201402930471 33.52
1204201402990322 33.47
1204201403050180 33.41
1204201403110047 33.39
1204201403170907 33.37
1204201403230743 33.37
1204201403290598 33.39
1204201403350453 33.39
1204201403410320 33.39
1204201403470164 33.37
1204201403530017 33.37
1204201403590873 33.37
1204201403650728 33.37
1204201403710597 33.37
1204201403770456 33.37
1204201403830292 33.37
1204201403890147 33.37
1204201403950002 33.39
1204201404010872 33.37
1204201404070712 33.37
1204201404130567 33.37
1204201404190422 33.37
1204201404250279 33.41
1204201404310148 33.5
1204201404370003 33.62
1204201404430844 33.76
1204201404490699 33.91
1204201404550557 34.08
1204201404610421 34.17
1204201404670265 34.23
1204201404730120 34.23
1204201404790976 34.23
1204201404850831 34.23
1204201404910745 34.23
1204201404970540 34.23
1204201405030395 34.23
1204201405090250 34.23
1204201405150106 34.23
1204201405210975 34.23
1204201405270938 34.23
1204201405330666 34.21
1204201405390525 34.23
1204201405450381 34.23
1204201405510248 34.23
1204201405570086 34.17
1204201405630943 34.14
1204201405690798 34.12
1204201405750653 34.1
1204201405810520 34.1
1204201405870362 34.1
1204201405890251 34.12
1204201405940194 34.1
1204201406000049 34.1
1204201406060903 34.1
1204201406120760 34.08
1204201406180613 34.1
1204201406240469 34.1
1204201406300324 34.1
1204201406360177 34.1
1204201406420032 34.1
1204201406480889 34.1
1204201406540744 34.1
1204201406600598 34.1
1204201406660452 34.1
1204201406720308 34.1
1204201406780163 34.1
1204201406840018 34.1
1204201406900874 34.1
1204201406960727 34.1
1204201407020582 34.1
1204201407080437 34.1
1204201407140293 34.1
1204201407200150 34.08
1204201407260003 34.08
1204201407320859 34.08
1204201407380712 34.06
1204201407440568 34.06
1204201407500425 34.08
1204201407560278 34.08
1204201407620134 34.08
1204201407680990 34.08
1204201407740845 34.08
1204201407800698 34.08
1204201407860553 34.08
1204201407920408 34.08
1204201407980264 34.08
1204201408040119 34.08
1204201408100973 34.08
1204201408160829 34.08
1204201408220684 34.08
1204201408280539 34.08
1204201408340392 34.08
1204201408400245 34.06
1204201408460102 34.08
1204201408520957 34.06
1204201408580812 34.06
1204201408640666 34.06
1204201408700520 34.06
1204201408760555 34.06
1204201408820233 34.08
1204201408880086 34.06
1204201408900977 34.08
1204201408950919 34.08
1204201409010786 34.06
1204201409070627 34.06
1204201409130480 34.06
1204201409190336 34.06
1204201409250193 34.08
1204201409310060 34.06
1204201409370904 34.08
1204201409430756 34.06
1204201409490613 34.08
1204201409550466 34.06
1204201409610335 34.06
1204201409670175 34.06
1204201409730032 34.08
1204201409790886 34.06
1204201409850743 34.08
1204201409910659 34.06
1204201409970450 34.06
1204201500030562 34.08
1204201500090417 34.08
1204201500150271 34.06
1204201500210140 34.06
1204201500270118 34.06
1204201500330835 34.06
1204201500390691 34.06
1204201500450546 34.06
1204201500510415 34.06
1204201500570256 34.06
1204201500630109 34.06
1204201500690966 34.06
1204201500750821 34.06
1204201500810688 34.06
1204201500870530 34.06
1204201500930385 34.06
1204201500990240 34.06
1204201501050095 34.06
1204201501110965 34.08
1204201501170804 34.06
1204201501230660 34.06
1204201501290517 34.08
1204201501350370 34.06
1204201501410239 34.06
1204201501470078 34.06
1204201501530934 34.04
1204201501590790 34.06
1204201501650645 34.04
1204201501710512 34.04
1204201501770500 34.03
1204201501830209 34.03
1204201501890064 34.03
1204201501910258 34.03
1204201501960908 34.01
1204201502020750 34.01
1204201502080603 33.99
1204201502140460 34.01
1204201502200314 33.99
1204201502260169 34.01
1204201502320024 34.01
1204201502380880 34.01
1204201502440735 34.01
1204201502500590 34.01
1204201502560443 34.01
1204201502620299 34.01
1204201502680154 34.01
1204201502740009 34.01
1204201502800865 34.04
1204201502860720 34.08
1204201502920574 34.1
1204201502980429 34.1
1204201503040286 34.08
1204201503100141 34.08
1204201503160994 34.1
1204201503220849 34.1
1204201503280704 34.1
1204201503340559 34.1
1204201503400414 34.1
1204201503460271 34.08
1204201503520125 34.08
1204201503580981 34.08
1204201503640836 34.08
1204201503700690 34.08
1204201503760545 34.08
1204201503820400 34.08
1204201503880253 34.1
1204201503940110 34.08
1204201504000964 34.08
1204201504060818 34.1
1204201504120675 34.08
1204201504180530 34.08
1204201504240385 34.08
1204201504300238 34.1
1204201504360092 34.1
1204201504420948 34.1
1204201504480805 34.08
1204201504540660 34.08
1204201504600515 34.08
1204201504660368 34.08
1204201504720224 34.08
1204201504780079 34.08
1204201504840933 34.1
1204201504900788 34.08
1204201504920706 34.06
1204201504970618 34.06
1204201505030472 34.06
1204201505090327 34.06
1204201505150183 34.06
1204201505210051 34.06
1204201505270050 34.06
1204201505330749 34.06
1204201505390604 34.08
1204201505450457 34.06
1204201505510328 34.08
1204201505570168 34.06
1204201505630023 34.06
1204201505690877 34.06
1204201505750732 34.06
1204201505810602 34.06
1204201505870442 34.06
1204201505930298 34.06
1204201505990151 34.06
1204201506050006 34.06
1204201506110878 34.08
1204201506170718 34.06
1204201506230571 34.06
1204201506290428 34.08
1204201506350459 34.06
1204201506410150 34.06
1204201506470993 34.04
1204201506530846 34.03
1204201506590701 34.01
1204201506650556 34.01
1204201506710425 34.03
1204201506770374 34.03
1204201506830122 34.01
1204201506890976 34.03
1204201506950923 34.03
1204201507010700 34.03
1204201507070541 34.03
1204201507130397 34.03
1204201507190250 34.03
1204201507250105 34.03
1204201507310976 34.03
1204201507370817 34.03
1204201507430670 34.03
1204201507490525 34.06
1204201507550416 34.1
1204201507610249 34.1
1204201507670091 34.1
1204201507730945 34.1
1204201507790800 34.1
1204201507850656 34.12
1204201507910573 34.1
1204201507930412 34.1
1204201507980341 34.1
1204201508040196 34.1
1204201508100051 34.1
1204201508160905 34.1
1204201508220760 34.1
1204201508280615 34.1
1204201508340471 34.1
1204201508400326 34.1
1204201508460179 34.1
1204201508520035 34.1
1204201508580891 34.1
1204201508640746 34.1
1204201508700601 34.1
1204201508760454 34.1
1204201508820310 34.1
1204201508880165 34.1
1204201508940020 34.1
1204201509000876 34.1
1204201509060729 34.1
1204201509120585 34.1
1204201509180440 34.1
1204201509240295 34.1
1204201509300148 34.1
1204201509360004 34.1
1204201509420860 34.1
1204201509480715 34.1
1204201509540569 34.1
1204201509600424 34.1
1204201509660279 34.1
1204201509720134 34.1
1204201509780990 34.1
1204201509840845 34.1
1204201509900698 34.1
1204201509960554 34.1
1204201600020664 34.1
1204201600080519 34.1
1204201600140374 34.1
1204201600200228 34.1
1204201600260083 34.1
1204201600320939 34.1
1204201600380795 34.1
1204201600440650 34.1
1204201600500503 34.1
1204201600560358 34.1
1204201600620214 34.1
1204201600680069 34.1
1204201600740923 34.1
1204201600800778 34.1
1204201600860634 34.1
1204201600920489 34.1
1204201600940379 34.1
1204201600990318 34.1
1204201601050173 34.1
1204201601110042 34.1
1204201601170885 34.1
1204201601230740 34.1
1204201601290595 34.1
1204201601350448 34.1
1204201601410318 34.1
1204201601470159 34.1
1204201601530014 34.1
1204201601590870 34.1
1204201601650723 34.1
1204201601710592 34.1
1204201601770555 34.1
1204201601830289 34.1
1204201601890144 34.1
1204201601950998 34.1
1204201602010867 34.1
1204201602070709 34.1
1204201602130564 34.1
1204201602190419 34.1
1204201602250272 34.1
1204201602310141 34.12
1204201602370984 34.1
1204201602430838 34.1
1204201602490692 34.1
1204201602550548 34.1
1204201602610416 34.1
1204201602670258 34.1
1204201602730111 34.1
1204201602790967 34.1
1204201602850823 34.1
1204201602910737 34.1
1204201602970536 34.08
1204201603030386 34.1
1204201603090243 34.08
1204201603150097 34.1
1204201603210967 34.1
1204201603270939 34.1
1204201603330661 34.1
1204201603390516 34.1
1204201603450372 34.1
1204201603510240 34.14
1204201603570082 34.19
1204201603630938 34.23
1204201603690794 34.23
1204201603750649 34.23
1204201603810514 34.25
1204201603870356 34.25
1204201603930213 34.23
1204201603950241 34.25
1204201604000042 34.25
1204201604060900 34.23
1204201604120754 34.23
1204201604180609 34.23
1204201604240464 34.23
1204201604300319 34.08
1204201604360170 33.89
1204201604420025 33.75
1204201604480880 33.65
1204201604540807 33.63
1204201604600592 33.63
1204201604660447 33.63
1204201604720300 33.63
1204201604780156 33.63
1204201604840011 33.63
1204201604900867 33.63
1204201604960721 33.63
1204201605020576 33.63
1204201605080431 33.63
1204201605140306 33.63
1204201605200140 33.65
1204201605260996 33.76
1204201605320851 33.91
1204201605380706 34.03
1204201605440563 34.08
1204201605500419 34.08
1204201605560272 34.1
1204201605620125 34.1
1204201605680981 34.1
1204201605740854 34.1
1204201605800691 34.1
1204201605860547 34.1
1204201605920400 34.1
1204201605980257 34.08
1204201606040112 34.08
1204201606100968 34.08
1204201606160822 34.08
1204201606220677 34.08
1204201606280532 34.08
1204201606340401 34.08
1204201606400242 34.08
1204201606460094 34.1
1204201606520950 34.1
1204201606580807 34.08
1204201606640662 34.08
1204201606700515 34.08
1204201606760369 34.1
1204201606820226 34.08
1204201606880081 34.08
1204201606940937 34.08
1204201606960823 34.08
1204201607010781 34.08
1204201607070622 34.08
1204201607130477 34.08
1204201607190332 34.08
1204201607250188 34.08
1204201607310055 34.08
1204201607370897 34.08
1204201607430752 34.08
1204201607490607 34.08
1204201607550461 34.08
1204201607610330 34.08
1204201607670171 34.08
1204201607730027 34.08
1204201607790881 34.08
1204201607850734 34.1
1204201607910652 34.08
1204201607970447 34.08
1204201608030302 34.08
1204201608090153 34.1
1204201608150009 34.1
1204201608210881 34.08
1204201608270863 34.08
1204201608330575 34.08
1204201608390430 34.08
1204201608450284 34.1
1204201608510155 34.08
1204201608570995 34.1
1204201608630848 34.12
1204201608690703 34.12
1204201608750559 34.12
1204201608810428 34.12
1204201608870269 34.12
1204201608930122 34.12
1204201608990978 34.12
1204201609050834 34.1
1204201609110703 34.1
1204201609170544 34.1
1204201609230397 34.1
1204201609290253 34.1
1204201609350108 34.1
1204201609410976 34.1
1204201609470818 34.1
1204201609530673 34.1
1204201609590528 34.1
1204201609650383 34.1
1204201609710250 34.1
1204201609770244 34.1
1204201609830948 34.1
1204201609890805 34.08
1204201609950658 34.1
1204201609970544 34.1
1204201700020744 34.1
1204201700080599 34.1
1204201700140455 34.1
1204201700200310 34.12
1204201700260165 34.12
1204201700320018 34.12
1204201700380874 34.12
1204201700440730 34.12
1204201700500585 34.12
1204201700560439 34.1
1204201700620294 34.1
1204201700680149 34.12
1204201700740004 34.12
1204201700800858 34.1
1204201700860713 34.1
1204201700920569 34.1
1204201700980424 34.1
1204201701040279 34.1
1204201701100133 34.1
1204201701160989 34.1
1204201701220844 34.1
1204201701280699 34.12
1204201701340552 34.1
1204201701400407 34.1
1204201701460263 34.1
1204201701520118 34.12
1204201701580975 34.1
1204201701640828 34.1
1204201701700683 34.1
1204201701760538 34.1
1204201701820393 34.1
1204201701880248 34.1
1204201701940102 34.1
1204201702000958 34.1
1204201702060813 34.1
1204201702120669 34.1
1204201702180523 34.1
1204201702240377 34.1
1204201702300232 34.1
1204201702360087 34.1
1204201702420943 34.1
1204201702480796 34.1
1204201702540652 34.1
1204201702600507 34.1
1204201702660362 34.1
1204201702720217 34.1
1204201702780072 34.1
1204201702840926 34.12
1204201702900782 34.1
1204201702960637 34.1
1204201702980523 34.1
1204201703030467 34.1
1204201703090322 34.1
1204201703150177 34.12
1204201703210056 34.12
1204201703270032 34.12
1204201703330763 34.12
1204201703390597 34.12
1204201703450452 34.12
1204201703510321 34.12
1204201703570161 34.12
1204201703630016 34.12
1204201703690872 34.12
1204201703750728 34.1
1204201703810595 34.1
1204201703870436 34.1
1204201703930301 34.1
1204201703990147 34.12
1204201704050002 34.1
1204201704110889 34.12
1204201704170712 34.12
1204201704230567 34.1
1204201704290422 34.1
1204201704350277 34.1
1204201704410144 34.1
1204201704470986 34.1
1204201704530855 34.1
1204201704590697 34.12
1204201704650552 34.14
1204201704710419 34.25
1204201704770415 34.43
1204201704830118 34.56
1204201704890974 34.56
1204201704950831 34.58
1204201705010696 34.56
1204201705070538 34.56
1204201705130395 34.55
1204201705190248 34.56
1204201705250103 34.55
1204201705310973 34.55
1204201705370814 34.55
1204201705430670 34.55
1204201705490525 34.55
1204201705550378 34.55
1204201705610247 34.55
1204201705670089 34.55
1204201705730945 34.55
1204201705790800 34.55
1204201705850653 34.55
1204201705910567 34.55
1204201705970364 34.55
1204201705990247 34.55
1204201706040193 34.55
1204201706100048 34.55
1204201706160904 34.55
1204201706220759 34.55
1204201706280614 34.55
1204201706340470 34.55
1204201706400323 34.55
1204201706460178 34.55
1204201706520034 34.55
1204201706580890 34.55
1204201706640743 34.55
1204201706700592 34.49
1204201706760449 34.38
1204201706820303 34.21
1204201706880160 33.97
1204201706940011 33.65
1204201707000868 33.49
1204201707060723 33.47
1204201707120582 33.45
1204201707180437 33.45
1204201707240291 33.45
1204201707300145 33.45
1204201707360001 33.45
1204201707420857 33.45
1204201707480708 33.47
1204201707540561 33.47
1204201707600418 33.5
1204201707660273 33.6
1204201707720127 33.65
1204201707780983 33.69
1204201707840838 33.73
1204201707900693 33.78
1204201707960549 33.84
1204201708020406 33.88
1204201708080261 33.88
1204201708140114 33.88
1204201708200970 33.86
1204201708260826 33.88
1204201708320681 33.88
1204201708380536 33.88
1204201708440389 33.88
1204201708500245 33.86
1204201708560100 33.86
1204201708620956 33.88
1204201708680809 33.88
1204201708740665 33.88
1204201708800520 33.88
1204201708860375 33.88
1204201708920373 33.88
1204201708980084 33.88
1204201709000972 33.86
1204201709050916 33.88
1204201709110785 33.88
1204201709170623 33.93
1204201709230479 34.01
1204201709290336 34.16
1204201709350190 34.3
1204201709410057 34.47
1204201709470904 34.58
1204201709530753 34.62
1204201709590608 34.64
1204201709650463 34.66
1204201709710330 34.64
1204201709770295 34.66
1204201709830027 34.66
1204201709890883 34.66
1204201709950737 34.64
1204201800010861 34.64
1204201800070703 34.64
1204201800130564 34.58
1204201800190413 34.51
1204201800250267 34.42
1204201800310163 34.38
1204201800370980 34.32
1204201800430831 34.29
1204201800490686 34.29
1204201800550541 34.29
1204201800610400 34.29
1204201800670250 34.29
1204201800730105 34.29
1204201800790963 34.27
1204201800850818 34.27
1204201800910730 34.27
1204201800970527 34.27
1204201801030382 34.27
1204201801090237 34.27
1204201801150092 34.27
1204201801210960 34.27
1204201801270925 34.27
1204201801330657 34.27
1204201801390512 34.27
1204201801450366 34.27
1204201801510231 34.27
1204201801570076 34.27
1204201801630933 34.27
1204201801690787 34.27
1204201801750641 34.27
1204201801810520 34.25
1204201801870351 34.27
1204201801930206 34.27
1204201801990061 34.27
1204201802010254 34.25
1204201802060892 34.27
1204201802120753 34.27
1204201802180600 34.29
1204201802240456 34.27
1204201802300311 34.27
1204201802360166 34.25
1204201802420021 34.27
1204201802480878 34.27
1204201802540731 34.27
1204201802600586 34.27
1204201802660443 34.23
1204201802720296 34.27
1204201802780152 34.27
1204201802840005 34.25
1204201802900861 34.25
1204201802960716 34.27
1204201803020571 34.25
1204201803080427 34.27
1204201803140280 34.25
1204201803200135 34.25
1204201803260991 34.25
1204201803320847 34.27
1204201803380702 34.27
1204201803440555 34.25
1204201803500410 34.25
1204201803560265 34.27
1204201803620121 34.27
1204201803680975 34.25
1204201803740830 34.27
1204201803800685 34.25
1204201803860541 34.25
1204201803920396 34.25
1204201803980249 34.25
1204201804040104 34.27
1204201804100960 34.25
1204201804160815 34.25
1204201804220671 34.27
1204201804280524 34.25
1204201804340380 34.27
1204201804400234 34.27
1204201804460090 34.25
1204201804520944 34.25
1204201804580799 34.25
1204201804640657 34.23
1204201804700512 34.23
1204201804760363 34.17
1204201804820218 34.12
1204201804880074 34.1
1204201804940932 34.08
1204201805000787 34.08
1204201805020698 34.08
1204201805070614 34.1
1204201805130472 34.08
1204201805190327 34.08
1204201805250182 34.08
1204201805310051 34.08
1204201805370892 34.08
1204201805430747 34.08
1204201805490602 34.08
1204201805550455 34.1
1204201805610320 34.08
1204201805670166 34.08
1204201805730021 34.08
1204201805790873 34.1
1204201805850730 34.08
1204201805910650 34.1
1204201805970439 34.1
1204201806030294 34.1
1204201806090151 34.08
1204201806150004 34.08
1204201806210874 34.08
1204201806270852 34.08
1204201806330570 34.08
1204201806390426 34.08
1204201806450279 34.1
1204201806510347 34.06
1204201806570988 34.04
1204201806630843 34.03
1204201806690698 34.01
1204201806750554 34.01
1204201806810415 33.99
1204201806870264 34.01
1204201806930118 34.01
1204201806990973 34.01
1204201807050826 33.99
1204201807110690 34.01
1204201807170537 34.01
1204201807230392 34.03
1204201807290247 34.06
1204201807350104 34.08
1204201807410013 34.1
1204201807470812 34.12
1204201807530667 34.12
1204201807590522 34.14
1204201807650378 34.14
1204201807710245 34.12
1204201807770231 34.12
1204201807830942 34.12
1204201807890798 34.12
1204201807950653 34.12
1204201808010522 34.12
1204201808030405 34.14
1204201808080337 34.12
1204201808140192 34.12
1204201808200047 34.12
1204201808260903 34.12
1204201808320757 34.12
1204201808380612 34.12
1204201808440468 34.12
1204201808500322 34.12
1204201808560178 34.12
1204201808620031 34.12
1204201808680887 34.12
1204201808740743 34.12
1204201808800598 34.12
1204201808860451 34.12
1204201808920307 34.14
1204201808980161 34.14
1204201809040017 34.12
1204201809100873 34.12
1204201809160726 34.12
1204201809220581 34.14
1204201809280436 34.12
1204201809340292 34.12
1204201809400147 34.12
1204201809460000 34.12
1204201809520857 34.12
1204201809580711 34.12
1204201809640567 34.12
1204201809700422 34.12
1204201809760275 34.12
1204201809820130 34.12
1204201809880987 34.12
1204201809940843 34.12
1204201900000697 34.12
1204201900060806 34.12
1204201900120662 34.12
1204201900180517 34.12
1204201900240370 34.12
1204201900300225 34.12
1204201900360080 34.12
1204201900420937 34.12
1204201900480792 34.12
1204201900540645 34.12
1204201900600500 34.12
1204201900660356 34.12
1204201900720209 34.12
1204201900780064 34.12
1204201900840921 34.12
1204201900900776 34.12
1204201900960631 34.12
1204201901020486 34.14
1204201901040370 34.14
1204201901090316 34.12
1204201901150171 34.12
1204201901210063 34.12
1204201901270035 34.1
1204201901330735 34.12
1204201901390590 34.12
1204201901450446 34.12
1204201901510364 34.12
1204201901570154 34.1
1204201901630010 34.12
1204201901690866 34.12
1204201901750721 34.12
1204201901810600 34.12
1204201901870431 34.12
1204201901930285 34.12
1204201901990141 34.12
1204201902050998 34.16
1204201902110914 34.23
1204201902170703 34.29
1204201902230562 34.32
1204201902290417 34.32
1204201902350272 34.32
1204201902410143 34.32
1204201902470982 34.32