1204301004640901 34.3
1204301004700755 34.3
1204301004760620 34.29
1204301004820461 34.29
1204301004880317 34.29
1204301004940172 34.29
1204301005000025 34.29
1204301005060895 34.29
1204301005120737 34.29
1204301005180592 34.29
1204301005240447 34.29
1204301005300299 34.29
1204301005360168 34.29
1204301005420010 34.29
1204301005480866 34.29
1204301005540733 34.29
1204301005600575 34.29
1204301005660444 34.29
1204301005720285 34.29
1204301005780140 34.29
1204301005790050 34.29
1204301005850971 34.29
1204301005910827 34.29
1204301005970682 34.29
1204301006030535 34.29
1204301006090425 34.29
1204301006150245 34.29
1204301006210100 34.29
1204301006270957 34.29
1204301006330812 34.29
1204301006390665 34.29
1204301006450520 34.29
1204301006510375 34.29
1204301006570229 34.29
1204301006630084 34.29
1204301006690954 34.29
1204301006750799 34.3
1204301006810651 34.29
1204301006870504 34.29
1204301006930359 34.29
1204301006990214 34.29
1204301007050070 34.29
1204301007110924 34.29
1204301007170781 34.29
1204301007230634 34.29
1204301007290504 34.29
1204301007350344 34.29
1204301007410199 34.29
1204301007470053 34.29
1204301007530910 34.29
1204301007590764 34.29
1204301007650622 34.3
1204301007710475 34.29
1204301007770328 34.29
1204301007830183 34.29
1204301007890052 34.29
1204301007950898 34.3
1204301008010749 34.29
1204301008070605 34.29
1204301008130460 34.29
1204301008190313 34.29
1204301008250168 34.29
1204301008310022 34.29
1204301008370878 34.29
1204301008430736 34.25
1204301008490588 34.21
1204301008550442 34.17
1204301008610298 34.17
1204301008670153 34.17
1204301008730009 34.17
1204301008790862 34.17
1204301008800770 34.17
1204301008860708 34.17
1204301008920549 34.17
1204301008980403 34.17
1204301009040258 34.17
1204301009100113 34.17
1204301009160983 34.17
1204301009220825 34.17
1204301009280678 34.17
1204301009340533 34.17
1204301009400388 34.17
1204301009460257 34.17
1204301009520098 34.17
1204301009580953 34.17
1204301009640808 34.17
1204301009700663 34.17
1204301009760532 34.17
1204301009820374 34.17
1204301009880231 34.16
1204301009940086 34.16
1204301100000940 34.14
1204301100060065 34.14
1204301100120905 34.14
1204301100180760 34.12
1204301100240616 34.12
1204301100300471 34.12
1204301100360339 34.12
1204301100420179 34.14
1204301100480034 34.12
1204301100540904 34.14
1204301100600746 34.14
1204301100660614 34.12
1204301100720456 34.12
1204301100780309 34.12
1204301100840164 34.14
1204301100900020 34.14
1204301100960876 34.12
1204301101020729 34.12
1204301101080585 34.12
1204301101140440 34.12
1204301101200295 34.14
1204301101260173 34.12
1204301101320003 34.12
1204301101380859 34.12
1204301101440714 34.12
1204301101500570 34.12
1204301101560438 34.12
1204301101620280 34.12
1204301101680133 34.12
1204301101740989 34.12
1204301101800844 34.12
1204301101810756 34.1
1204301101870674 34.12
1204301101930529 34.12
1204301101990385 34.12
1204301102050240 34.12
1204301102110095 34.12
1204301102170949 34.12
1204301102230804 34.12
1204301102290660 34.12
1204301102350515 34.12
1204301102410370 34.12
1204301102470223 34.12
1204301102530078 34.12
1204301102590935 34.12
1204301102650790 34.12
1204301102710643 34.12
1204301102770499 34.12
1204301102830354 34.12
1204301102890209 34.12
1204301102950064 34.12
1204301103010919 34.12
1204301103070774 34.12
1204301103130629 34.12
1204301103190484 34.12
1204301103250337 34.12
1204301103310193 34.12
1204301103370048 34.12
1204301103430904 34.12
1204301103490759 34.12
1204301103550613 34.12
1204301103610468 34.12
1204301103670323 34.12
1204301103730178 34.12
1204301103790034 34.12
1204301103850887 34.12
1204301103910743 34.12
1204301103970598 34.12
1204301104030453 34.12
1204301104090308 34.12
1204301104150161 34.12
1204301104210016 34.12
1204301104270873 34.12
1204301104330728 34.12
1204301104390583 34.12
1204301104450438 34.1
1204301104510292 34.12
1204301104570147 34.12
1204301104630002 34.12
1204301104690857 34.12
1204301104750712 34.1
1204301104810567 34.12
1204301104830635 34.12
1204301104880412 34.12
1204301104940253 34.12
1204301105000107 34.12
1204301105060976 34.12
1204301105120818 34.12
1204301105180673 34.12
1204301105240528 34.12
1204301105300382 34.12
1204301105360251 34.1
1204301105420092 34.12
1204301105480960 34.12
1204301105540815 34.12
1204301105600657 34.12
1204301105660518 34.12
1204301105720367 34.12
1204301105780222 34.12
1204301105840076 34.12
1204301105900932 34.1
1204301105960787 34.12
1204301106020642 34.1
1204301106080510 34.1
1204301106140351 34.12
1204301106200206 34.1
1204301106260074 34.12
1204301106320917 34.1
1204301106380773 34.12
1204301106440627 34.12
1204301106500481 34.12
1204301106560356 34.12
1204301106620191 34.12
1204301106680045 34.1
1204301106740901 34.12
1204301106800756 34.12
1204301106860625 34.12
1204301106920466 34.12
1204301106980322 34.12
1204301107040175 34.1
1204301107100030 34.1
1204301107160896 34.1
1204301107220741 34.06
1204301107280595 34.04
1204301107340450 34.04
1204301107400306 34.03
1204301107460176 34.03
1204301107520015 34.04
1204301107580871 34.04
1204301107640726 34.04
1204301107700580 34.04
1204301107760448 34.04
1204301107820290 34.03
1204301107840203 34.04
1204301107890120 34.03
1204301107950976 34.04
1204301108010831 34.04
1204301108070686 34.04
1204301108130541 34.04
1204301108190395 34.04
1204301108250250 34.04
1204301108310105 34.04
1204301108370961 34.04
1204301108430817 34.04
1204301108490670 34.04
1204301108550525 34.03
1204301108610380 34.03
1204301108670236 34.03
1204301108730089 34.01
1204301108790945 34.01
1204301108850800 34.01
1204301108910656 34.01
1204301108970509 34.01
1204301109030364 34.01
1204301109090219 34.01
1204301109150074 34.01
1204301109210931 34.01
1204301109270786 34.01
1204301109330639 34.01
1204301109390494 34.01
1204301109450349 34.01
1204301109510204 34.01
1204301109570058 34.01
1204301109630914 34.03
1204301109690769 34.01
1204301109750624 34.01
1204301109810479 34.01
1204301109870335 34.01
1204301109930188 34.01
1204301109990043 34.01
1204301200050154 34.01
1204301200110009 34.01
1204301200170863 34.01
1204301200230718 34.01
1204301200290574 34.01
1204301200350429 34.01
1204301200410284 34.01
1204301200470233 34.01
1204301200530993 34.01
1204301200590849 34.01
1204301200650704 34.01
1204301200710557 34.01
1204301200770412 34.01
1204301200830268 34.01
1204301200850181 34.01
1204301200900098 34.01
1204301200960954 34.01
1204301201020809 34.01
1204301201080664 34.03
1204301201140519 34.03
1204301201200373 34.03
1204301201260236 34.04
1204301201320083 34.04
1204301201380940 34.04
1204301201440793 34.03
1204301201500649 34.03
1204301201560509 34.03
1204301201620358 34.03
1204301201680214 34.03
1204301201740067 34.03
1204301201800923 34.03
1204301201860790 34.03
1204301201920633 34.03
1204301201980487 34.04
1204301202040342 34.03
1204301202100197 34.03
1204301202160056 34.03
1204301202220909 34.03
1204301202280762 34.03
1204301202340617 34.03
1204301202400473 34.03
1204301202460342 34.04
1204301202520183 34.03
1204301202580036 34.01
1204301202640892 34.04
1204301202700748 34.03
1204301202760626 34.03
1204301202820458 34.03
1204301202880311 34.03
1204301202940166 34.03
1204301203000022 34.03
1204301203060889 34.03
1204301203120731 34.04
1204301203180586 34.03
1204301203240441 34.03
1204301203300296 34.03
1204301203360157 34.03
1204301203420005 34.03
1204301203480861 34.03
1204301203540730 34.03
1204301203600571 34.03
1204301203660440 34.03
1204301203720280 34.03
1204301203780135 34.03
1204301203840991 34.03
1204301203860013 34.01
1204301203910822 34.03
1204301203970678 34.03
1204301204030529 33.99
1204301204090386 33.97
1204301204150241 33.93
1204301204210096 33.91
1204301204270953 33.91
1204301204330806 33.91
1204301204390661 33.91
1204301204450516 33.91
1204301204510372 33.91
1204301204570225 33.91
1204301204630080 33.91
1204301204690936 33.91
1204301204750791 33.91
1204301204810646 33.93
1204301204870498 33.99
1204301204930355 34.01
1204301204990210 34.01
1204301205050065 34.01
1204301205110922 34.01
1204301205170775 34.03
1204301205230630 34.01
1204301205290485 34.01
1204301205350340 34.01
1204301205410195 34.01
1204301205470049 33.99
1204301205530905 34.01
1204301205590760 33.97
1204301205650613 33.95
1204301205710468 33.95
1204301205770324 33.95
1204301205830179 33.93
1204301205890034 33.93
1204301205950891 33.93
1204301206010745 33.93
1204301206070597 33.95
1204301206130454 33.93
1204301206190309 33.93
1204301206250162 33.95
1204301206310018 33.95
1204301206370874 33.93
1204301206430729 33.97
1204301206490584 34.04
1204301206550440 34.12
1204301206610295 34.14
1204301206670150 34.16
1204301206730005 34.16
1204301206790859 34.14
1204301206850715 34.14
1204301206870954 34.14
1204301206920544 34.14
1204301206980400 34.14
1204301207040255 34.14
1204301207100108 34.14
1204301207160018 34.14
1204301207220820 34.14
1204301207280675 34.14
1204301207340530 34.14
1204301207400385 34.14
1204301207460269 34.14
1204301207520094 34.14
1204301207580950 34.14
1204301207640805 34.14
1204301207700658 34.14
1204301207760519 34.14
1204301207820369 34.14
1204301207880224 34.14
1204301207940079 34.14
1204301208000933 34.14
1204301208060923 34.14
1204301208120644 34.14
1204301208180499 34.14
1204301208240354 34.14
1204301208300209 34.14
1204301208360076 34.14
1204301208420918 34.14
1204301208480773 34.14
1204301208540642 34.14
1204301208600484 34.14
1204301208660391 34.14
1204301208720192 34.14
1204301208780047 34.14
1204301208840905 34.16
1204301208900759 34.14
1204301208960612 34.14
1204301209020467 34.14
1204301209080322 34.14
1204301209140177 34.14
1204301209200032 34.14
1204301209260902 34.14
1204301209320743 34.14
1204301209380596 34.14
1204301209440451 34.14
1204301209500307 34.14
1204301209560176 34.12
1204301209620017 34.12
1204301209680871 34.12
1204301209740726 34.12
1204301209800582 34.12
1204301209860451 34.12
1204301209880348 34.12
1204301209930267 34.12
1204301209990122 34.12
1204301300050233 34.12
1204301300110088 34.12
1204301300170942 34.12
1204301300230797 34.12
1204301300290652 34.12
1204301300350508 34.12
1204301300410363 34.12
1204301300470216 34.12
1204301300530071 34.12
1204301300590928 34.12
1204301300650783 34.12
1204301300710636 34.12
1204301300770491 34.12
1204301300830346 34.12
1204301300890202 34.12
1204301300950057 34.06
1204301301010911 34.01
1204301301070766 33.97
1204301301130622 33.97
1204301301190477 33.97
1204301301250332 33.97
1204301301310185 33.99
1204301301370040 33.97
1204301301430896 33.97
1204301301490749 33.99
1204301301550607 33.97
1204301301610460 33.99
1204301301670315 33.97
1204301301730170 33.97
1204301301790025 33.97
1204301301850879 33.99
1204301301910737 33.97
1204301301970592 33.97
1204301302030445 33.97
1204301302090300 33.97
1204301302150156 33.97
1204301302210011 33.97
1204301302270865 33.97
1204301302330720 33.97
1204301302390576 33.97
1204301302450431 33.97
1204301302510284 33.95
1204301302570138 33.95
1204301302630994 33.95
1204301302690851 33.93
1204301302750704 33.93
1204301302810559 33.93
1204301302870415 33.93
1204301302890324 33.93
1204301302940246 33.93
1204301303000099 33.93
1204301303060963 33.93
1204301303120809 33.95
1204301303180664 33.95
1204301303240521 33.93
1204301303300372 33.95
1204301303360273 33.93
1204301303420085 33.93
1204301303480939 33.95
1204301303540806 33.95
1204301303600649 33.93
1204301303660536 33.93
1204301303720358 33.95
1204301303780215 33.93
1204301303840068 33.93
1204301303900925 33.93
1204301303960780 33.93
1204301304020635 33.93
1204301304080488 33.95
1204301304140343 33.93
1204301304200199 33.93
1204301304260114 33.93
1204301304320910 33.93
1204301304380763 33.95
1204301304440620 33.93
1204301304500474 33.93
1204301304560378 33.93
1204301304620184 33.93
1204301304680035 33.95
1204301304740892 33.95
1204301304800749 33.93
1204301304860614 33.93
1204301304920459 33.93
1204301304980313 33.93
1204301305040168 33.93
1204301305100021 33.95
1204301305160918 33.95
1204301305220735 33.93
1204301305280588 33.93
1204301305340443 33.93
1204301305400298 33.93
1204301305460173 33.93
1204301305520008 33.93
1204301305580864 33.93
1204301305640717 33.95
1204301305700573 33.93
1204301305760455 33.93
1204301305820281 33.95
1204301305880138 33.93
1204301305900050 33.91
1204301305950969 33.93
1204301306010824 33.93
1204301306070678 33.93
1204301306130533 33.93
1204301306190388 33.93
1204301306250305 33.91
1204301306310098 33.91
1204301306370953 33.91
1204301306430808 33.91
1204301306490663 33.89
1204301306550518 33.89
1204301306610372 33.89
1204301306670227 33.89
1204301306730082 33.91
1204301306790939 33.89
1204301306850797 33.91
1204301306910648 33.89
1204301306970503 33.89
1204301307030359 33.91
1204301307090212 33.91
1204301307150067 33.91
1204301307210923 33.91
1204301307270779 33.89
1204301307330632 33.91
1204301307390487 33.91
1204301307450355 33.89
1204301307510197 33.89
1204301307570052 33.89
1204301307630908 33.91
1204301307690762 33.89
1204301307750617 33.89
1204301307810475 33.88
1204301307870328 33.88
1204301307930183 33.86
1204301307990038 33.88
1204301308050908 33.86
1204301308110750 33.86
1204301308170603 33.86
1204301308230458 33.88
1204301308290313 33.86
1204301308350168 33.88
1204301308410024 33.86
1204301308470878 33.88
1204301308530733 33.88
1204301308590589 33.88
1204301308650456 33.86
1204301308710297 33.86
1204301308770152 33.86
1204301308830007 33.88
1204301308890864 33.86
1204301308910773 33.86
1204301308960693 33.86
1204301309020548 33.86
1204301309080404 33.86
1204301309140257 33.86
1204301309200112 33.86
1204301309260996 33.86
1204301309320824 33.86
1204301309380679 33.88
1204301309440532 33.86
1204301309500387 33.86
1204301309560270 33.88
1204301309620097 33.86
1204301309680954 33.88
1204301309740809 33.86
1204301309800663 33.88
1204301309860563 33.86
1204301309920373 33.86
1204301309980228 33.86
1204301400040337 33.88
1204301400100192 33.86
1204301400160069 33.86
1204301400220903 33.86
1204301400280759 33.86
1204301400340612 33.86
1204301400400467 33.86
1204301400460375 33.86
1204301400520178 33.86
1204301400580031 33.86
1204301400640887 33.86
1204301400700742 33.86
1204301400760636 33.86
1204301400820453 33.86
1204301400880306 33.86
1204301400940161 33.86
1204301401000016 33.88
1204301401060901 33.86
1204301401120727 33.86
1204301401180580 33.86
1204301401240436 33.86
1204301401300291 33.86
1204301401360201 33.86
1204301401430000 33.84
1204301401480857 33.86
1204301401540720 33.86
1204301401600566 33.86
1204301401660472 33.86
1204301401720276 33.86
1204301401780131 33.86
1204301401840988 33.86
1204301401900841 33.86
1204301401920750 33.84
1204301401970672 33.86
1204301402030524 33.84
1204301402090381 33.86
1204301402150236 33.86
1204301402210091 33.86
1204301402270945 33.84
1204301402330803 33.86
1204301402390656 33.86
1204301402450511 33.86
1204301402510366 33.86
1204301402570222 33.86
1204301402630075 33.86
1204301402690929 33.84
1204301402750784 33.84
1204301402810641 33.86
1204301402870493 33.84
1204301402930348 33.84
1204301402990203 33.84
1204301403050058 33.84
1204301403110914 33.84
1204301403170769 33.82
1204301403230623 33.82
1204301403290478 33.84
1204301403350333 33.82
1204301403410188 33.82
1204301403470043 33.84
1204301403530899 33.82
1204301403590753 33.82
1204301403650608 33.82
1204301403710463 33.82
1204301403770318 33.84
1204301403830172 33.84
1204301403890028 33.84
1204301403950883 33.84
1204301404010738 33.84
1204301404070592 33.84
1204301404130447 33.82
1204301404190302 33.82
1204301404250157 33.82
1204301404310013 33.84
1204301404370867 33.82
1204301404430722 33.84
1204301404490577 33.82
1204301404550433 33.82
1204301404610286 33.84
1204301404670141 33.82
1204301404730997 33.82
1204301404790852 33.82
1204301404850707 33.82
1204301404910563 33.82
1204301404930472 33.82
1204301404980392 33.84
1204301405040261 33.82
1204301405100103 33.82
1204301405160011 33.82
1204301405220812 33.82
1204301405280668 33.82
1204301405340523 33.82
1204301405400378 33.82
1204301405460274 33.82
1204301405520086 33.82
1204301405580943 33.82
1204301405640810 33.82
1204301405700651 33.82
1204301405760543 33.82
1204301405820361 33.82
1204301405880217 33.82
1204301405940072 33.82
1204301406000928 33.82
1204301406060828 33.8
1204301406120636 33.82
1204301406180492 33.82
1204301406240360 33.82
1204301406300202 33.82
1204301406360092 33.82
1204301406420911 33.82
1204301406480767 33.82
1204301406540635 33.82
1204301406600477 33.82
1204301406660356 33.82
1204301406720185 33.82
1204301406780041 33.82
1204301406840899 33.8
1204301406900752 33.8
1204301406960608 33.8
1204301407020462 33.8
1204301407080318 33.8
1204301407140172 33.8
1204301407200026 33.8
1204301407260923 33.8
1204301407320737 33.8
1204301407380592 33.8
1204301407440446 33.82
1204301407500301 33.8
1204301407560236 33.8
1204301407620009 33.82
1204301407680867 33.8
1204301407740722 33.8
1204301407800576 33.8
1204301407860484 33.82
1204301407920286 33.8
1204301407940197 33.82
1204301407990117 33.8
1204301408050972 33.8
1204301408110828 33.8
1204301408170683 33.8
1204301408230538 33.8
1204301408290391 33.8
1204301408350246 33.8
1204301408410102 33.8
1204301408470958 33.8
1204301408530813 33.8
1204301408590666 33.8
1204301408650521 33.8
1204301408710376 33.8
1204301408770231 33.8
1204301408830087 33.8
1204301408890943 33.8
1204301408950796 33.8
1204301409010652 33.8
1204301409070506 33.8
1204301409130361 33.8
1204301409190215 33.82
1204301409250070 33.8
1204301409310926 33.8
1204301409370781 33.8
1204301409430636 33.8
1204301409490492 33.8
1204301409550345 33.8
1204301409610198 33.78
1204301409670056 33.8
1204301409730910 33.78
1204301409790763 33.78
1204301409850618 33.78
1204301409910473 33.78
1204301409970329 33.78
1204301500030442 33.8
1204301500090294 33.78
1204301500150149 33.78
1204301500210006 33.8
1204301500270860 33.78
1204301500330717 33.8
1204301500390571 33.8
1204301500450424 33.78
1204301500510282 33.8
1204301500570134 33.78
1204301500630990 33.8
1204301500690846 33.8
1204301500750699 33.78
1204301500810554 33.78
1204301500870412 33.8
1204301500930265 33.78
1204301500950175 33.76
1204301501000094 33.78
1204301501060992 33.78
1204301501120805 33.78
1204301501180659 33.78
1204301501240516 33.8
1204301501300369 33.78
1204301501360279 33.8
1204301501420079 33.78
1204301501480934 33.78
1204301501540806 33.78
1204301501600644 33.78
1204301501660575 33.78
1204301501720354 33.78
1204301501780208 33.78
1204301501840063 33.78
1204301501900919 33.78
1204301501960774 33.78
1204301502020630 33.78
1204301502080484 33.73
1204301502140336 33.67
1204301502200193 33.6
1204301502260101 33.54
1204301502320903 33.52
1204301502380760 33.54
1204301502440613 33.52
1204301502500468 33.52
1204301502560379 33.52
1204301502620178 33.52
1204301502680032 33.52
1204301502740888 33.52
1204301502800745 33.54
1204301502860636 33.52
1204301502920455 33.54
1204301502980307 33.52
1204301503040162 33.52
1204301503100019 33.54
1204301503160938 33.54
1204301503220728 33.52
1204301503280582 33.52
1204301503340437 33.52
1204301503400290 33.49
1204301503460178 33.47
1204301503520000 33.47
1204301503580859 33.45
1204301503640712 33.43
1204301503700567 33.43
1204301503760469 33.43
1204301503820277 33.43
1204301503880131 33.43
1204301503940987 33.43
1204301503960902 33.43
1204301504010819 33.45
1204301504070672 33.43
1204301504130527 33.43
1204301504190383 33.43
1204301504250238 33.43
1204301504310091 33.43
1204301504370949 33.45
1204301504430808 33.43
1204301504490660 33.45
1204301504550513 33.43
1204301504610368 33.45
1204301504670221 33.43
1204301504730076 33.43
1204301504790933 33.43
1204301504850788 33.43
1204301504910641 33.43
1204301504970496 33.43
1204301505030351 33.43
1204301505090207 33.43
1204301505150062 33.43
1204301505210916 33.43
1204301505270771 33.43
1204301505330626 33.43
1204301505390482 33.43
1204301505450337 33.43
1204301505510192 33.43
1204301505570045 33.43
1204301505630902 33.41
1204301505690757 33.43
1204301505750612 33.43
1204301505810465 33.43
1204301505870320 33.43
1204301505930175 33.43
1204301505990031 33.43
1204301506050885 33.43
1204301506110740 33.43
1204301506170596 33.43
1204301506230450 33.43
1204301506290306 33.43
1204301506350161 33.43
1204301506410014 33.43
1204301506470870 33.41
1204301506530725 33.43
1204301506590581 33.43
1204301506650434 33.43
1204301506710289 33.43
1204301506770144 33.43
1204301506830013 33.43
1204301506890855 33.43
1204301506950711 33.43
1204301506970815 33.43
1204301507020540 33.41
1204301507080396 33.43
1204301507140251 33.43
1204301507200104 33.43
1204301507260010 33.43
1204301507320816 33.43
1204301507380669 33.43
1204301507440524 33.43
1204301507500379 33.43
1204301507560316 33.43
1204301507620089 33.43
1204301507680946 33.43
1204301507740801 33.43
1204301507800654 33.43
1204301507860578 33.43
1204301507920365 33.43
1204301507980220 33.43
1204301508040073 33.43
1204301508100930 33.43
1204301508160830 33.43
1204301508220639 33.43
1204301508280495 33.43
1204301508340348 33.43
1204301508400203 33.41
1204301508460131 33.43
1204301508520914 33.43
1204301508580770 33.43
1204301508640623 33.41
1204301508700479 33.41
1204301508760404 33.39
1204301508820188 33.41
1204301508880042 33.37
1204301508940898 33.37
1204301509000753 33.37
1204301509060659 33.37
1204301509120461 33.37
1204301509180317 33.39
1204301509240172 33.37
1204301509300025 33.37
1204301509360946 33.39
1204301509420875 33.39
1204301509480592 33.39
1204301509540464 33.37
1204301509600300 33.39
1204301509660212 33.37
1204301509720011 33.37
1204301509780867 33.37
1204301509840722 33.37
1204301509900575 33.37
1204301509960431 33.39
1204301509980342 33.37
1204301600030516 33.37
1204301600090371 33.37
1204301600150226 33.37
1204301600210081 33.37
1204301600270937 33.37
1204301600330792 33.37
1204301600390647 33.37
1204301600450502 33.37
1204301600510356 33.37
1204301600570211 33.37
1204301600630066 33.37
1204301600690922 33.37
1204301600750776 33.37
1204301600810631 33.37
1204301600870486 33.37
1204301600930341 33.37
1204301600990196 33.37
1204301601050049 33.37
1204301601110906 33.37
1204301601170761 33.37
1204301601230617 33.37
1204301601290470 33.37
1204301601350325 33.37
1204301601410180 33.37
1204301601470035 33.37
1204301601530891 33.37
1204301601590745 33.37
1204301601650600 33.37
1204301601710455 33.37
1204301601770311 33.37
1204301601830164 33.37
1204301601890019 33.37
1204301601950875 33.37
1204301602010730 33.37
1204301602070584 33.37
1204301602130439 33.37
1204301602190294 33.37
1204301602250150 33.39
1204301602310006 33.41
1204301602370859 33.39
1204301602430716 33.41
1204301602490569 33.39
1204301602550424 33.39
1204301602610279 33.39
1204301602670137 33.41
1204301602730991 33.39
1204301602790846 33.41
1204301602850701 33.41
1204301602910556 33.41
1204301602970411 33.39
1204301602990325 33.39
1204301603040239 33.39
1204301603100094 33.39
1204301603160029 33.41
1204301603220804 33.39
1204301603280659 33.39
1204301603340514 33.39
1204301603400369 33.39
1204301603460272 33.39
1204301603520078 33.39
1204301603580936 33.41
1204301603640790 33.39
1204301603700647 33.41
1204301603760584 33.41
1204301603820355 33.41
1204301603880209 33.39
1204301603940064 33.39
1204301604000920 33.39
1204301604060845 33.39
1204301604120628 33.39
1204301604180483 33.39
1204301604240338 33.39
1204301604300194 33.39
1204301604360107 33.39
1204301604420903 33.39
1204301604480758 33.39
1204301604540638 33.39
1204301604600468 33.39
1204301604660403 33.39
1204301604720178 33.39
1204301604780034 33.41
1204301604840888 33.39
1204301604900743 33.39
1204301604960598 33.39
1204301605020454 33.39
1204301605080307 33.39
1204301605140162 33.39
1204301605200017 33.39
1204301605260925 33.39
1204301605320727 33.39
1204301605380582 33.39
1204301605440437 33.39
1204301605500293 33.39
1204301605560236 33.39
1204301605620001 33.39
1204301605680857 33.39
1204301605740712 33.39
1204301605800568 33.39
1204301605860501 33.39
1204301605920276 33.39
1204301605980131 33.39
1204301606000046 33.39
1204301606050964 33.39
1204301606110817 33.39
1204301606170672 33.39
1204301606230527 33.39
1204301606290383 33.39
1204301606350236 33.39
1204301606410091 33.39
1204301606470947 33.39
1204301606530802 33.39
1204301606590657 33.39
1204301606650513 33.39
1204301606710366 33.39
1204301606770221 33.39
1204301606830077 33.39
1204301606890933 33.39
1204301606950788 33.39
1204301607010813 33.39
1204301607070496 33.39
1204301607130351 33.39
1204301607190206 33.39
1204301607250061 33.39
1204301607310916 33.39
1204301607370771 33.39
1204301607430626 33.39
1204301607490482 33.39
1204301607550335 33.39
1204301607610294 33.39
1204301607670045 33.39
1204301607730902 33.39
1204301607790757 33.39
1204301607850610 33.39
1204301607910466 33.37
1204301607970324 33.39
1204301608030175 33.39
1204301608090030 33.39
1204301608150886 33.37
1204301608210753 33.39
1204301608270595 33.37
1204301608330450 33.37
1204301608390305 33.39
1204301608450160 33.39
1204301608510015 33.37
1204301608570870 33.39
1204301608630725 33.39
1204301608690580 33.39
1204301608750435 33.39
1204301608810302 33.39
1204301608870144 33.37
1204301608940000 33.37
1204301608990855 33.37
1204301609010956 33.37
1204301609060750 33.37
1204301609120540 33.37
1204301609180396 33.37
1204301609240249 33.37
1204301609300104 33.37
1204301609360039 33.37
1204301609420816 33.37
1204301609480671 33.37
1204301609540547 33.39
1204301609600379 33.37
1204301609660303 33.37
1204301609720089 33.37
1204301609780946 33.39
1204301609840799 33.37
1204301609900654 33.37
1204301609960509 33.37
1204301700020620 33.37
1204301700080475 33.39
1204301700140330 33.37
1204301700200183 33.39
1204301700260124 33.37
1204301700320894 33.37
1204301700380750 33.39
1204301700440605 33.39
1204301700500458 33.37
1204301700560384 33.37
1204301700620169 33.37
1204301700680024 33.37
1204301700740880 33.37
1204301700800733 33.37
1204301700860684 33.37
1204301700920444 33.37
1204301700980299 33.37
1204301701040154 33.37
1204301701100007 33.37
1204301701160945 33.37
1204301701220719 33.37
1204301701280574 33.37
1204301701340429 33.37
1204301701400282 33.37
1204301701460206 33.37
1204301701520994 33.37
1204301701580849 33.37
1204301701640702 33.37
1204301701700557 33.37
1204301701760506 33.39
1204301701820268 33.37
1204301701880123 33.37
1204301701940979 33.37
1204301702000832 33.37
1204301702020749 33.37
1204301702070666 33.36
1204301702130519 33.37
1204301702190374 33.37
1204301702250229 33.37
1204301702310084 33.36
1204301702370938 33.37
1204301702430795 33.36
1204301702490649 33.37
1204301702550504 33.37
1204301702610357 33.37
1204301702670212 33.37
1204301702730067 33.37
1204301702790924 33.37
1204301702850779 33.37
1204301702910632 33.37
1204301702970504 33.36
1204301703030343 33.37
1204301703090198 33.36
1204301703150053 33.36
1204301703210910 33.36
1204301703270765 33.36
1204301703330618 33.37
1204301703390473 33.36
1204301703450328 33.36
1204301703510183 33.36
1204301703570039 33.36
1204301703630895 33.36
1204301703690750 33.36
1204301703750605 33.36
1204301703810458 33.36
1204301703870314 33.36
1204301703930169 33.36
1204301703990024 33.36
1204301704050880 33.36
1204301704110731 33.39
1204301704170586 33.39
1204301704230443 33.41
1204301704290297 33.39
1204301704350152 33.41
1204301704410008 33.41
1204301704470864 33.41
1204301704530719 33.41
1204301704590570 33.39
1204301704650425 33.39
1204301704710281 33.39
1204301704770136 33.39
1204301704830992 33.39
1204301704890845 33.39
1204301704950700 33.39
1204301705010556 33.39
1204301705030471 33.41
1204301705080386 33.39
1204301705140241 33.37
1204301705200174 33.39
1204301705260018 33.39
1204301705320808 33.39
1204301705380661 33.39
1204301705440516 33.39
1204301705500372 33.39
1204301705560330 33.39
1204301705620079 33.39
1204301705680936 33.39
1204301705740791 33.39
1204301705800660 33.39
1204301705860564 33.39
1204301705920354 33.39
1204301705980210 33.39
1204301706040065 33.39
1204301706100921 33.39
1204301706160850 33.39
1204301706220631 33.39
1204301706280484 33.39
1204301706340341 33.41
1204301706400209 33.39
1204301706460134 33.39
1204301706520906 33.39
1204301706580760 33.39
1204301706640615 33.39
1204301706700470 33.39
1204301706760401 33.39
1204301706820178 33.39
1204301706880034 33.39
1204301706940890 33.39
1204301707000759 33.39
1204301707060665 33.39
1204301707120454 33.39
1204301707180309 33.39
1204301707240164 33.39
1204301707300019 33.39
1204301707360989 33.39
1204301707420729 33.39
1204301707480584 33.39
1204301707540470 33.39
1204301707600308 33.39
1204301707660227 33.39
1204301707720004 33.39
1204301707780859 33.39
1204301707840714 33.39
1204301707900569 33.39
1204301707960424 33.39
1204301708020279 33.39
1204301708040195 33.37
1204301708090109 33.39
1204301708150966 33.39
1204301708210818 33.39
1204301708270674 33.39
1204301708330529 33.39
1204301708390385 33.39
1204301708450238 33.39
1204301708510093 33.39
1204301708570949 33.39
1204301708630805 33.37
1204301708690658 33.39
1204301708750513 33.37
1204301708810368 33.39
1204301708870223 33.39
1204301708930078 33.39
1204301708990935 33.39
1204301709050788 33.39
1204301709110643 33.39
1204301709170499 33.39
1204301709230353 33.39
1204301709290207 33.39
1204301709350062 33.39
1204301709410918 33.39
1204301709470773 33.39
1204301709530628 33.39
1204301709590484 33.39
1204301709650339 33.39
1204301709710192 33.39
1204301709770047 33.37
1204301709830904 33.37
1204301709890757 33.39
1204301709950612 33.37
1204301800010724 33.37
1204301800070579 33.37
1204301800130434 33.37
1204301800190288 33.37
1204301800250143 33.37
1204301800310999 33.37
1204301800370854 33.39
1204301800430709 33.39
1204301800490563 33.37
1204301800550418 33.37
1204301800610273 33.37
1204301800670129 33.37
1204301800730983 33.37
1204301800790838 33.37
1204301800850693 33.37
1204301800910548 33.37
1204301800970402 33.37
1204301801030257 33.37
1204301801050172 33.39
1204301801100089 33.37
1204301801160053 33.37
1204301801220798 33.37
1204301801280653 33.37
1204301801340508 33.37
1204301801400364 33.37
1204301801460298 33.37
1204301801520071 33.37
1204301801580928 33.37
1204301801640783 33.37
1204301801700638 33.37
1204301801760587 33.37
1204301801820348 33.37
1204301801880202 33.37
1204301801940057 33.37
1204301802000913 33.37
1204301802060862 33.37
1204301802120622 33.37
1204301802180477 33.37
1204301802240332 33.37
1204301802300187 33.37
1204301802360119 33.37
1204301802420899 33.37
1204301802480752 33.37
1204301802540636 33.37
1204301802600463 33.37
1204301802660409 33.37
1204301802720171 33.37
1204301802780026 33.37
1204301802840882 33.37
1204301802900739 33.36
1204301802960592 33.37
1204301803020447 33.37
1204301803080301 33.37
1204301803140156 33.37
1204301803200013 33.36
1204301803260965 33.37
1204301803320722 33.37
1204301803380575 33.37
1204301803440431 33.37
1204301803500286 33.37
1204301803560254 33.37
1204301803620995 33.37
1204301803680851 33.37
1204301803740706 33.37
1204301803800563 33.36
1204301803860489 33.37
1204301803920270 33.37
1204301803980125 33.37
1204301804040981 33.37
1204301804060018 33.36
1204301804110813 33.36
1204301804170666 33.37
1204301804230522 33.37
1204301804290376 33.37
1204301804350233 33.36
1204301804410085 33.37
1204301804470943 33.36
1204301804530796 33.37
1204301804590665 33.36
1204301804650505 33.37
1204301804710362 33.36
1204301804770216 33.37
1204301804830073 33.36
1204301804890929 33.36
1204301804950780 33.37
1204301805010635 33.37
1204301805070492 33.36
1204301805130347 33.36
1204301805190216 33.36
1204301805250056 33.36
1204301805310912 33.36
1204301805370767 33.36
1204301805430622 33.36
1204301805490475 33.37
1204301805550332 33.36
1204301805610184 33.37
1204301805670041 33.36
1204301805730897 33.36
1204301805790753 33.36
1204301805850606 33.36
1204301805910461 33.36
1204301805970328 33.37
1204301806030170 33.37
1204301806090025 33.37
1204301806150879 33.37
1204301806210736 33.36
1204301806270592 33.36
1204301806330447 33.36
1204301806390300 33.36
1204301806450155 33.36
1204301806510010 33.36
1204301806570867 33.36
1204301806630722 33.36
1204301806690575 33.36
1204301806750430 33.36
1204301806810286 33.36
1204301806870140 33.36
1204301806930997 33.36
1204301806990850 33.36
1204301807050703 33.37
1204301807070813 33.36
1204301807120536 33.36
1204301807180391 33.36
1204301807240244 33.37
1204301807300100 33.36
1204301807360956 33.36
1204301807420811 33.36
1204301807480666 33.36
1204301807540557 33.36
1204301807600375 33.36
1204301807660312 33.36
1204301807720085 33.36
1204301807780941 33.36
1204301807840797 33.36
1204301807900652 33.34
1204301807960507 33.34
1204301808020362 33.34
1204301808080217 33.34
1204301808140072 33.34
1204301808200927 33.34
1204301808260891 33.34
1204301808320637 33.34
1204301808380492 33.34
1204301808440347 33.34
1204301808500201 33.34
1204301808560151 33.34
1204301808620912 33.34
1204301808680767 33.34
1204301808740622 33.34
1204301808800478 33.34
1204301808860442 33.34
1204301808920186 33.34
1204301808980041 33.34
1204301809040897 33.34
1204301809100752 33.34
1204301809160699 33.34
1204301809220461 33.34
1204301809280316 33.34
1204301809340171 33.34
1204301809400026 33.34
1204301809460974 33.34
1204301809520735 33.34
1204301809580591 33.34
1204301809640446 33.34
1204301809700301 33.34
1204301809760260 33.34
1204301809820010 33.34
1204301809880866 33.34
1204301809940721 33.34
1204301900000574 33.34
1204301900060783 33.34
1204301900080602 33.32
1204301900130517 33.34
1204301900190370 33.34
1204301900250226 33.34
1204301900310081 33.34
1204301900370936 33.34
1204301900430793 33.32
1204301900490646 33.34
1204301900550501 33.34
1204301900610358 33.32
1204301900670210 33.34
1204301900730066 33.32
1204301900790921 33.34
1204301900850778 33.32
1204301900910631 33.34
1204301900970494 33.32
1204301901030339 33.34
1204301901090194 33.34
1204301901150051 33.32
1204301901210906 33.34
1204301901270761 33.34
1204301901330616 33.32
1204301901390470 33.34
1204301901450327 33.32
1204301901510180 33.34
1204301901570035 33.32
1204301901630890 33.34
1204301901690745 33.34
1204301901750602 33.32
1204301901810458 33.32
1204301901870309 33.34
1204301901930165 33.34
1204301901990020 33.34
1204301902050877 33.32
1204301902110729 33.34
1204301902170584 33.34
1204301902230439 33.34
1204301902290295 33.34
1204301902350150 33.32
1204301902410005 33.32
1204301902470859 33.34
1204301902530714 33.34
1204301902590570 33.34
1204301902650425 33.32
1204301902710280 33.32
1204301902770133 33.34
1204301902830991 33.32
1204301902890845 33.34
1204301902950700 33.32
1204301903010553 33.34
1204301903070410 33.32
1204301903090325 33.32
1204301903140240 33.32
1204301903200095 33.32
1204301903260040 33.32
1204301903320806 33.32
1204301903380662 33.32
1204301903440517 33.32
1204301903500370 33.32
1204301903560225 33.32
1204301903620080 33.32
1204301903680935 33.34
1204301903740792 33.32
1204301903800645 33.32
1204301903860588 33.32
1204301903920354 33.34
1204301903980221 33.34
1204301904040064 33.32
1204301904100921 33.32
1204301904160875 33.32
1204301904220631 33.32
1204301904280484 33.32
1204301904340339 33.32
1204301904400195 33.32
1204301904460048 33.3
1204301904520906 33.32
1204301904580757 33.3
1204301904640612 33.3
1204301904700467 33.3
1204301904760424 33.32
1204301904820177 33.3
1204301904880033 33.3
1204301904940889 33.32
1204301905000744 33.32
1204301905060711 33.32
1204301905120455 33.32
1204301905180306 33.3
1204301905240161 33.3
1204301905300018 33.32
1204301905360874 33.32
1204301905420730 33.32
1204301905480585 33.32
1204301905540487 33.32
1204301905600291 33.3
1204301905660238 33.32
1204301905720004 33.32
1204301905780858 33.32
1204301905840711 33.3
1204301905900567 33.3
1204301905960422 33.3
1204301906020277 33.32
1204301906080131 33.3
1204301906100048 33.32
1204301906150963 33.3
1204301906210818 33.3
1204301906270675 33.32
1204301906330528 33.32
1204301906390384 33.32
1204301906450237 33.3
1204301906510092 33.3
1204301906570948 33.32
1204301906630801 33.3
1204301906690658 33.32
1204301906750512 33.3
1204301906810369 33.32
1204301906870222 33.3
1204301906930075 33.3
1204301906990934 33.32
1204301907050787 33.3
1204301907110642 33.3
1204301907170495 33.3
1204301907230351 33.3
1204301907290206 33.3
1204301907350061 33.3
1204301907410915 33.3
1204301907470771 33.3
1204301907530626 33.28
1204301907590481 33.3
1204301907650338 33.32
1204301907710189 33.3
1204301907770045 33.28
1204301907830901 33.3
1204301907890756 33.28
1204301907950612 33.32
1204301908010465 33.3
1204301908070320 33.3
1204301908130175 33.3
1204301908190029 33.3
1204301908250885 33.3
1204301908310740 33.28
1204301908370595 33.28
1204301908430450 33.3
1204301908490304 33.28
1204301908550161 33.26
1204301908610016 33.26
1204301908670870 33.28
1204301908730727 33.26
1204301908790579 33.28
1204301908850436 33.26
1204301908910291 33.26
1204301908970271 33.28
1204301909030000 33.28
1204301909090853 33.28
1204301909110772 33.26
1204301909160791 33.28
1204301909220540 33.28
1204301909280396 33.28
1204301909340249 33.3
1204301909400104 33.3
1204301909460065 33.3
1204301909520815 33.3
1204301909580669 33.3
1204301909640524 33.3
1204301909700379 33.3
1204301909760234 33.28
1204301909820090 33.28
1204301909880944 33.3
1204301909940800 33.28
1204302000000655 33.28
1204302000060873 33.28
1204302000120620 33.28
1204302000180474 33.28
1204302000240329 33.28
1204302000300184 33.28
1204302000360138 33.3
1204302000420895 33.28
1204302000480748 33.28
1204302000540648 33.3
1204302000600459 33.28
1204302000660314 33.3
1204302000720169 33.28
1204302000780022 33.28
1204302000840878 33.28
1204302000900734 33.28
1204302000960589 33.28
1204302001020446 33.26
1204302001080298 33.28
1204302001140153 33.28
1204302001200008 33.28
1204302001260975 33.28
1204302001320719 33.28
1204302001380572 33.28
1204302001440428 33.28
1204302001500283 33.28
1204302001560138 33.28
1204302001620994 33.28
1204302001680850 33.32
1204302001740699 33.37
1204302001800556 33.41
1204302001860519 33.43
1204302001920265 33.43
1204302001980134 33.43
1204302002040976 33.43
1204302002100832 33.43
1204302002120749 33.43
1204302002170692 33.43
1204302002230516 33.43
1204302002290371 33.43
1204302002350226 33.43
1204302002410080 33.43
1204302002470936 33.43
1204302002530791 33.43
1204302002590647 33.41
1204302002650500 33.43
1204302002710355 33.43
1204302002770210 33.43
1204302002830065 33.43
1204302002890922 33.43
1204302002950775 33.43
1204302003010630 33.43
1204302003070485 33.43
1204302003130340 33.43
1204302003190196 33.43
1204302003250051 33.43
1204302003310905 33.43
1204302003370807 33.43
1204302003430615 33.43
1204302003490469 33.43
1204302003550324 33.43
1204302003610180 33.43
1204302003670035 33.43
1204302003730891 33.43
1204302003790746 33.41
1204302003850599 33.43
1204302003910454 33.43
1204302003970468 33.43
1204302004030165 33.43
1204302004090020 33.43
1204302004150874 33.43
1204302004210729 33.43
1204302004270584 33.43
1204302004330439 33.43
1204302004390294 33.43
1204302004450149 33.43
1204302004510004 33.43
1204302004570872 33.43
1204302004630714 33.43
1204302004690569 33.43
1204302004750424 33.43
1204302004810279 33.41
1204302004870133 33.43
1204302004930989 33.41
1204302004990844 33.43
1204302005050699 33.43
1204302005110552 33.43
1204302005130473 33.43
1204302005180384 33.43
1204302005240239 33.43
1204302005300092 33.43
1204302005360024 33.43
1204302005420804 33.43
1204302005480659 33.43
1204302005540559 33.43
1204302005600370 33.43
1204302005660225 33.43
1204302005720078 33.43
1204302005780934 33.43
1204302005840789 33.43
1204302005900644 33.43
1204302005960513 33.43
1204302006020354 33.45
1204302006080210 33.45
1204302006140063 33.43
1204302006200919 33.43
1204302006260878 33.43
1204302006320627 33.41
1204302006380483 33.41
1204302006440338 33.41
1204302006500191 33.39
1204302006560171 33.39
1204302006620900 33.37
1204302006680756 33.37
1204302006740611 33.37
1204302006800466 33.37
1204302006860319 33.37
1204302006920175 33.37
1204302006980030 33.39
1204302007040886 33.37
1204302007100741 33.37
1204302007160714 33.37
1204302007220449 33.39
1204302007280305 33.39
1204302007340160 33.39
1204302007400015 33.39
1204302007460975 33.39
1204302007520725 33.39
1204302007580580 33.39
1204302007640435 33.39
1204302007700289 33.39
1204302007760144 33.39
1204302007830000 33.39
1204302007880855 33.39
1204302007940710 33.37
1204302008000565 33.39
1204302008060419 33.39
1204302008120274 33.39
1204302008140193 33.39
1204302008190104 33.39
1204302008250960 33.39
1204302008310815 33.39
1204302008370670 33.39
1204302008430525 33.39
1204302008490379 33.39
1204302008550234 33.39
1204302008610089 33.39
1204302008670945 33.39
1204302008730801 33.39
1204302008790654 33.39
1204302008850509 33.39
1204302008910364 33.37
1204302008970233 33.39
1204302009030075 33.39
1204302009090929 33.37
1204302009150784 33.39
1204302009210640 33.39
1204302009270493 33.39
1204302009330348 33.39
1204302009390204 33.39
1204302009450059 33.39
1204302009510915 33.39
1204302009570771 33.39
1204302009630623 33.39
1204302009690478 33.39
1204302009750334 33.39
1204302009810188 33.39
1204302009870044 33.39
1204302009930898 33.39
1204302009990753 33.39
1204302100050863 33.39
1204302100110719 33.39
1204302100170574 33.37
1204302100230427 33.37
1204302100290282 33.39
1204302100350138 33.37
1204302100410994 33.39
1204302100470849 33.39
1204302100530702 33.37
1204302100590558 33.39
1204302100650413 33.39
1204302100710268 33.39
1204302100770122 33.39
1204302100830978 33.39
1204302100890833 33.39
1204302100950688 33.39
1204302101010544 33.39
1204302101070397 33.39
1204302101130254 33.41
1204302101150169 33.39
1204302101200083 33.39
1204302101260940 33.39
1204302101320796 33.41
1204302101380650 33.41
1204302101440505 33.41
1204302101500360 33.41
1204302101560213 33.39
1204302101620068 33.39
1204302101680923 33.39
1204302101740778 33.39
1204302101800634 33.39
1204302101860488 33.39
1204302101920342 33.37
1204302101980201 33.39
1204302102040052 33.39
1204302102100908 33.39
1204302102160763 33.39
1204302102220617 33.39
1204302102280472 33.39
1204302102340327 33.39
1204302102400182 33.39
1204302102460037 33.39
1204302102520892 33.39
1204302102580747 33.39
1204302102640602 33.39
1204302102700457 33.39
1204302102760426 33.39
1204302102820166 33.39
1204302102880021 33.39
1204302102940877 33.39
1204302103000731 33.39
1204302103060586 33.39
1204302103120441 33.37
1204302103180296 33.39
1204302103240151 33.39
1204302103300005 33.39
1204302103360861 33.39
1204302103420716 33.39
1204302103480571 33.39
1204302103540472 33.39
1204302103600280 33.39
1204302103660253 33.39
1204302103720992 33.39
1204302103780847 33.39
1204302103840702 33.39
1204302103900555 33.39
1204302103960410 33.39
1204302104020266 33.39
1204302104080121 33.39
1204302104140975 33.39
1204302104160906 33.39
1204302104210807 33.37
1204302104270661 33.39
1204302104330516 33.37
1204302104390371 33.37
1204302104450226 33.37
1204302104510080 33.37
1204302104570936 33.37
1204302104630791 33.37
1204302104690647 33.39
1204302104750514 33.37
1204302104810355 33.39
1204302104870211 33.37
1204302104930065 33.39
1204302104990922 33.39
1204302105050775 33.39
1204302105110630 33.37
1204302105170485 33.39
1204302105230340 33.39
1204302105290195 33.37
1204302105350051 33.39
1204302105410906 33.39
1204302105470760 33.39
1204302105530615 33.39
1204302105590470 33.37
1204302105650325 33.37
1204302105710179 33.39
1204302105770034 33.37
1204302105830890 33.39
1204302105890745 33.39
1204302105950600 33.39
1204302106010454 33.39
1204302106070309 33.37
1204302106130164 33.37
1204302106190020 33.39
1204302106250874 33.39
1204302106310729 33.39
1204302106370585 33.39
1204302106430439 33.39
1204302106490293 33.39
1204302106550148 33.39
1204302106610003 33.39
1204302106670860 33.39
1204302106730714 33.39
1204302106790568 33.39
1204302106850423 33.37
1204302106910278 33.37
1204302106970147 33.37
1204302107030989 33.37
1204302107090844 33.37
1204302107150698 33.37
1204302107170810 33.37
1204302107220529 33.37
1204302107280384 33.37
1204302107340238 33.37
1204302107400093 33.39
1204302107460949 33.37
1204302107520804 33.37
1204302107580660 33.37
1204302107640513 33.39
1204302107700370 33.41
1204302107760225 33.41
1204302107820080 33.41
1204302107880937 33.43
1204302107940792 33.43
1204302108000645 33.43
1204302108060500 33.43
1204302108120355 33.43
1204302108180209 33.41
1204302108240062 33.39
1204302108300918 33.39
1204302108360773 33.39