1205000300870631 33.5
1205000300930481 33.5
1205000300990336 33.5
1205000301050190 33.5
1205000301110059 33.5
1205000301170903 33.49
1205000301230760 33.5
1205000301290609 33.49
1205000301350465 33.5
1205000301410338 33.5
1205000301470181 33.49
1205000301530032 33.49
1205000301590890 33.47
1205000301650743 33.47
1205000301710585 33.47
1205000301770448 33.47
1205000301830307 33.47
1205000301890163 33.47
1205000301950014 33.49
1205000302010096 33.47
1205000302070725 33.47
1205000302130579 33.47
1205000302190434 33.47
1205000302250289 33.47
1205000302310031 33.47
1205000302370003 33.45
1205000302430858 33.39
1205000302490719 33.32
1205000302550572 33.3
1205000302610432 33.3
1205000302670281 33.28
1205000302730136 33.28
1205000302790990 33.26
1205000302850849 33.24
1205000302910711 33.22
1205000302970552 33.22
1205000303030405 33.21
1205000303090264 33.19
1205000303150114 33.19
1205000303210983 33.17
1205000303230175 33.17
1205000303280801 33.17
1205000303340654 33.15
1205000303400509 33.15
1205000303460365 33.13
1205000303520218 33.11
1205000303580075 33.09
1205000303640935 33.09
1205000303700790 33.08
1205000303760642 33.06
1205000303820497 33.06
1205000303880352 33.04
1205000303940208 33.02
1205000304000065 33.02
1205000304060919 33.02
1205000304120772 33.02
1205000304180627 33.02
1205000304240485 33.02
1205000304300340 33.02
1205000304360191 33
1205000304420047 33.02
1205000304480905 33.02
1205000304540762 33.04
1205000304600615 33.08
1205000304660470 33.08
1205000304720322 33.09
1205000304780175 33.13
1205000304840026 33.15
1205000304900885 33.15
1205000304960744 33.15
1205000305020601 33.17
1205000305080450 33.17
1205000305140301 33.19
1205000305200156 33.19
1205000305260016 33.19
1205000305320870 33.21
1205000305380725 33.21
1205000305440581 33.21
1205000305500432 33.21
1205000305560287 33.21
1205000305620144 33.22
1205000305690000 33.21
1205000305740857 33.22
1205000305800716 33.22
1205000305860572 33.22
1205000305920425 33.22
1205000305980275 33.22
1205000306040132 33.24
1205000306100988 33.22
1205000306160847 33.22
1205000306220852 33.22
1205000306240891 33.22
1205000306290528 33.24
1205000306350383 33.24
1205000306410250 33.24
1205000306470090 33.24
1205000306530946 33.24
1205000306590799 33.22
1205000306650652 33.22
1205000306710494 33.22
1205000306770363 33.22
1205000306830222 33.21
1205000306890075 33.21
1205000306950932 33.21
1205000307010015 33.19
1205000307070640 33.17
1205000307130497 33.15
1205000307190348 33.15
1205000307250206 33.15
1205000307310071 33.15
1205000307370913 33.13
1205000307430768 33.15
1205000307490624 33.11
1205000307550475 33.11
1205000307610342 33.09
1205000307670191 33.08
1205000307730043 33.04
1205000307790899 33.02
1205000307850754 33
1205000307910623 33
1205000307970466 32.98
1205000308030322 32.96
1205000308090177 32.96
1205000308150026 32.95
1205000308210896 32.93
1205000308270735 32.93
1205000308330591 32.91
1205000308390444 32.89
1205000308450301 32.85
1205000308510385 32.8
1205000308570013 32.72
1205000308630869 32.65
1205000308690719 32.61
1205000308750574 32.59
1205000308810443 32.57
1205000308870292 32.54
1205000308930149 32.48
1205000308990000 32.46
1205000309050853 32.44
1205000309110722 32.44
1205000309170561 32.42
1205000309230415 32.42
1205000309250607 32.42
1205000309300246 32.42
1205000309360101 32.41
1205000309420956 32.39
1205000309480811 32.35
1205000309540666 32.33
1205000309600519 32.33
1205000309660374 32.33
1205000309720234 32.33
1205000309780081 32.33
1205000309840937 32.33
1205000309900796 32.31
1205000309960651 32.31
1205000400020761 32.31
1205000400080617 32.28
1205000400140470 32.26
1205000400200325 32.26
1205000400260366 32.26
1205000400320038 32.24
1205000400380896 32.24
1205000400440747 32.22
1205000400500602 32.22
1205000400560458 32.2
1205000400620311 32.18
1205000400680168 32.2
1205000400740019 32.18
1205000400800875 32.18
1205000400860916 32.18
1205000400920586 32.18
1205000400980447 32.18
1205000401040296 32.16
1205000401100150 32.15
1205000401160005 32.15
1205000401220010 32.13
1205000401280714 32.11
1205000401340568 32.11
1205000401400425 32.11
1205000401460262 32.09
1205000401520141 32.09
1205000401580991 32.09
1205000401640851 32.07
1205000401700706 32.07
1205000401760555 32.07
1205000401820408 32.09
1205000401880265 32.07
1205000401940119 32.09
1205000402000975 32.07
1205000402060740 32.07
1205000402120684 32.07
1205000402180537 32.05
1205000402240394 32.07
1205000402260616 32.07
1205000402310114 32.07
1205000402370081 32.05
1205000402430939 32.09
1205000402490790 32.07
1205000402550649 32.07
1205000402610514 32.05
1205000402670358 32.07
1205000402730209 32.07
1205000402790060 32.05
1205000402850918 32.05
1205000402910662 32.05
1205000402970632 32.03
1205000403030488 32.03
1205000403090343 32.03
1205000403150198 32.03
1205000403210065 32.03
1205000403270908 32.03
1205000403330763 32.03
1205000403390614 32.03
1205000403450472 32.02
1205000403510546 32.02
1205000403570180 32.02
1205000403630034 32.02
1205000403690892 32.02
1205000403750745 32.02
1205000403810491 32.02
1205000403870455 32.02
1205000403930314 32.02
1205000403990165 32.02
1205000404050025 32.02
1205000404110758 32
1205000404170735 32
1205000404230590 32
1205000404290445 31.98
1205000404350298 31.98
1205000404410169 31.96
1205000404470010 31.96
1205000404530866 31.96
1205000404590715 31.94
1205000404650575 31.94
1205000404710406 31.94
1205000404770283 31.92
1205000404830134 31.92
1205000404890992 31.9
1205000404950842 31.9
1205000405010924 31.9
1205000405070554 31.89
1205000405130412 31.9
1205000405190265 31.89
1205000405250120 31.9
1205000405270315 31.9
1205000405320951 31.89
1205000405380806 31.89
1205000405440661 31.89
1205000405500512 31.87
1205000405560363 31.89
1205000405620219 31.89
1205000405680074 31.89
1205000405740928 31.89
1205000405800783 31.89
1205000405860638 31.89
1205000405920494 31.89
1205000405980349 31.89
1205000406040204 31.89
1205000406100061 31.89
1205000406160919 31.87
1205000406220927 31.89
1205000406280626 31.87
1205000406340479 31.89
1205000406400334 31.89
1205000406460190 31.89
1205000406520043 31.89
1205000406580900 31.89
1205000406640759 31.89
1205000406700617 31.87
1205000406760469 31.87
1205000406820323 31.85
1205000406880174 31.85
1205000406940029 31.85
1205000407000889 31.85
1205000407060739 31.85
1205000407120594 31.85
1205000407180449 31.85
1205000407240304 31.85
1205000407300156 31.83
1205000407360011 31.85
1205000407420869 31.85
1205000407480724 31.85
1205000407540579 31.85
1205000407600438 31.85
1205000407660288 31.85
1205000407720147 31.85
1205000407780002 31.85
1205000407840858 31.85
1205000407900709 31.85
1205000407960566 31.85
1205000408020422 31.85
1205000408080271 31.85
1205000408140126 31.85
1205000408200982 31.83
1205000408260836 31.81
1205000408280015 31.79
1205000408330669 31.74
1205000408390524 31.7
1205000408450334 31.68
1205000408510461 31.68
1205000408570096 31.68
1205000408630948 31.68
1205000408690803 31.68
1205000408750659 31.68
1205000408810527 31.66
1205000408870366 31.68
1205000408930227 31.66
1205000408990077 31.68
1205000409050817 31.66
1205000409110798 31.68
1205000409170643 31.66
1205000409230502 31.66
1205000409290355 31.68
1205000409350213 31.66
1205000409410944 31.66
1205000409470922 31.66
1205000409530774 31.66
1205000409590629 31.66
1205000409650351 31.66
1205000409710345 31.66
1205000409770199 31.66
1205000409830050 31.66
1205000409890906 31.66
1205000409950761 31.66
1205000500010092 31.66
1205000500070724 31.66
1205000500130585 31.66
1205000500190430 31.66
1205000500250293 31.66
1205000500310035 31.64
1205000500370999 31.66
1205000500430854 31.66
1205000500490707 31.66
1205000500550562 31.66
1205000500610429 31.66
1205000500670277 31.64
1205000500730122 31.59
1205000500790977 31.55
1205000500850837 31.51
1205000500910591 31.49
1205000500970546 31.48
1205000501030403 31.48
1205000501090254 31.48
1205000501150108 31.48
1205000501210839 31.48
1205000501270821 31.48
1205000501290998 31.48
1205000501340651 31.48
1205000501400506 31.48
1205000501460357 31.48
1205000501520211 31.46
1205000501580066 31.48
1205000501640922 31.48
1205000501700783 31.48
1205000501760636 31.48
1205000501820491 31.48
1205000501880342 31.48
1205000501940198 31.48
1205000502000057 31.48
1205000502060905 31.48
1205000502120761 31.48
1205000502180616 31.48
1205000502240471 31.48
1205000502300326 31.46
1205000502360187 31.44
1205000502420037 31.4
1205000502480893 31.38
1205000502540754 31.36
1205000502600607 31.36
1205000502660459 31.35
1205000502720314 31.35
1205000502780173 31.36
1205000502840025 31.35
1205000502900878 31.35
1205000502960734 31.35
1205000503020587 31.33
1205000503080444 31.35
1205000503140299 31.35
1205000503200152 31.35
1205000503260006 31.33
1205000503320864 31.33
1205000503380719 31.33
1205000503440574 31.33
1205000503500433 31.35
1205000503560286 31.35
1205000503620136 31.33
1205000503680996 31.33
1205000503740851 31.35
1205000503800706 31.33
1205000503860554 31.31
1205000503920413 31.27
1205000503980264 31.25
1205000504040301 31.25
1205000504100977 31.23
1205000504160831 31.22
1205000504220838 31.22
1205000504280541 31.22
1205000504300843 31.22
1205000504350379 31.2
1205000504410099 31.22
1205000504470089 31.2
1205000504530943 31.2
1205000504590798 31.2
1205000504650650 31.2
1205000504710507 31.2
1205000504770362 31.2
1205000504830215 31.2
1205000504890063 31.18
1205000504950923 31.2
1205000505010002 31.2
1205000505070628 31.22
1205000505130489 31.2
1205000505190344 31.2
1205000505250201 31.2
1205000505310940 31.2
1205000505370913 31.2
1205000505430764 31.2
1205000505490621 31.2
1205000505550476 31.2
1205000505610240 31.2
1205000505670183 31.2
1205000505730038 31.2
1205000505790892 31.2
1205000505850746 31.2
1205000505910486 31.22
1205000505970458 31.2
1205000506030313 31.2
1205000506090168 31.2
1205000506150023 31.2
1205000506210753 31.2
1205000506270727 31.18
1205000506330582 31.1
1205000506390440 31.07
1205000506450293 31.01
1205000506510369 30.97
1205000506570003 30.96
1205000506630859 30.96
1205000506690714 30.96
1205000506750572 30.96
1205000506810315 30.96
1205000506870278 30.94
1205000506930134 31.01
1205000506990989 31.07
1205000507050843 31.1
1205000507110589 31.12
1205000507170553 31.1
1205000507230413 31.12
1205000507290262 31.12
1205000507310544 31.12
1205000507360095 31.12
1205000507420952 31.12
1205000507480805 31.12
1205000507540660 31.12
1205000507600513 31.12
1205000507660370 31.12
1205000507720226 31.12
1205000507780081 31.12
1205000507840935 31.12
1205000507900788 31.1
1205000507960640 31.09
1205000508020497 31.07
1205000508080350 31.07
1205000508140207 31.07
1205000508200062 31.07
1205000508260924 31.07
1205000508320772 31.07
1205000508380629 31.07
1205000508440481 31.09
1205000508500338 31.09
1205000508560193 31.1
1205000508620050 31.1
1205000508680906 31.1
1205000508740760 31.1
1205000508800617 31.1
1205000508860472 31.1
1205000508920325 31.1
1205000508980180 31.1
1205000509040034 31.1
1205000509100890 31.1
1205000509160743 31.1
1205000509220749 31.1
1205000509280451 31.1
1205000509340304 31.1
1205000509400162 31.1
1205000509460017 31.1
1205000509520871 31.1
1205000509580732 31.1
1205000509640579 31.09
1205000509700433 31.09
1205000509760292 31.1
1205000509820143 31.09
1205000509880999 31.09
1205000509940856 31.09
1205000600000715 31.1
1205000600060824 31.1
1205000600120679 31.1
1205000600180531 31.09
1205000600240384 31.1
1205000600300237 31.09
1205000600320451 31.1
1205000600370067 31.09
1205000600430923 31.09
1205000600490778 31.09
1205000600550635 31.09
1205000600610363 31.09
1205000600670344 31.09
1205000600730199 31.1
1205000600790054 31.09
1205000600850910 31.09
1205000600910668 31.09
1205000600970617 31.09
1205000601030656 31.09
1205000601090327 31.09
1205000601150185 31.09
1205000601210929 31.09
1205000601270894 31.09
1205000601330747 31.09
1205000601390603 31.09
1205000601450458 31.09
1205000601510540 31.1
1205000601570166 31.09
1205000601630209 31.1
1205000601690878 31.09
1205000601750733 31.1
1205000601810483 31.09
1205000601870443 31.09
1205000601930297 31.09
1205000601990154 31.09
1205000602050005 31.09
1205000602110783 31.09
1205000602170716 31.09
1205000602230560 31.09
1205000602290425 31.09
1205000602350286 31.09
1205000602410022 31.07
1205000602470997 31.09
1205000602530853 31.09
1205000602590704 31.07
1205000602650559 31.07
1205000602710467 31.07
1205000602770267 31.09
1205000602830046 31.07
1205000602890977 31.07
1205000602950832 31.07
1205000603010908 31.09
1205000603070541 31.09
1205000603130400 31.07
1205000603190251 31.09
1205000603250106 31.09
1205000603310865 31.07
1205000603330142 31.09
1205000603380792 31.09
1205000603440647 31.09
1205000603500502 31.09
1205000603560358 31.09
1205000603620211 31.09
1205000603680064 31.09
1205000603740920 31.09
1205000603800779 31.07
1205000603860632 31.09
1205000603920488 31.09
1205000603980339 31.09
1205000604040195 31.09
1205000604100053 31.09
1205000604160910 31.09
1205000604220916 31.09
1205000604280616 31.09
1205000604340476 31.07
1205000604400329 31.07
1205000604460184 31.09
1205000604520039 31.07
1205000604580896 31.07
1205000604640749 31.09
1205000604700606 31.07
1205000604760459 31.07
1205000604820312 31.09
1205000604880165 31.09
1205000604940023 31.09
1205000605000881 31.09
1205000605060734 31.09
1205000605120589 31.07
1205000605180446 31.1
1205000605240294 31.09
1205000605300149 31.09
1205000605360008 31.09
1205000605420864 31.09
1205000605480715 31.09
1205000605540573 31.09
1205000605600428 31.09
1205000605660279 31.09
1205000605720136 31.09
1205000605780992 31.09
1205000605840846 31.09
1205000605900703 31.07
1205000605960554 31.09
1205000606020415 31.07
1205000606080263 31.09
1205000606140120 31.07
1205000606200978 31.09
1205000606260833 31.09
1205000606320686 31.09
1205000606340867 31.05
1205000606390516 31.09
1205000606450371 31.09
1205000606510455 31.07
1205000606570081 31.09
1205000606630938 31.09
1205000606690793 31.09
1205000606750648 31.09
1205000606810394 31.09
1205000606870358 31.09
1205000606930208 31.09
1205000606990063 31.09
1205000607050925 31.1
1205000607110669 31.1
1205000607170635 31.12
1205000607230489 31.14
1205000607290342 31.14
1205000607350195 31.14
1205000607410960 31.12
1205000607470908 31.12
1205000607530766 31.12
1205000607590621 31.12
1205000607650471 31.14
1205000607710349 31.12
1205000607770185 31.12
1205000607830036 31.14
1205000607890892 31.12
1205000607950747 31.12
1205000608010833 31.14
1205000608070458 31.12
1205000608130312 31.12
1205000608190167 31.12
1205000608250022 31.12
1205000608310802 31.12
1205000608370733 31.14
1205000608430588 31.12
1205000608490439 31.14
1205000608550297 31.14
1205000608610050 31.14
1205000608670005 31.14
1205000608730863 31.14
1205000608790716 31.14
1205000608850572 31.14
1205000608910331 31.14
1205000608970282 31.16
1205000609030135 31.16
1205000609090992 31.16
1205000609150851 31.14
1205000609210600 31.14
1205000609270555 31.14
1205000609330408 31.14
1205000609350589 31.14
1205000609400245 31.14
1205000609460103 31.16
1205000609520949 31.14
1205000609580804 31.14
1205000609640665 31.14
1205000609700521 31.14
1205000609760370 31.14
1205000609820258 31.14
1205000609880080 31.14
1205000609940936 31.14
1205000700000044 31.14
1205000700060903 31.14
1205000700120754 31.14
1205000700180611 31.14
1205000700240472 31.16
1205000700300321 31.16
1205000700360175 31.14
1205000700420955 31.14
1205000700480882 31.14
1205000700540738 31.14
1205000700600593 31.14
1205000700660446 31.14
1205000700720301 31.14
1205000700780156 31.14
1205000700840016 31.16
1205000700900868 31.14
1205000700960723 31.14
1205000701020518 31.14
1205000701080432 31.14
1205000701140287 31.14
1205000701200142 31.14
1205000701260996 31.14
1205000701320854 31.16
1205000701380709 31.14
1205000701440564 31.14
1205000701500417 31.14
1205000701560272 31.16
1205000701620032 31.14
1205000701680984 31.14
1205000701740837 31.14
1205000701800692 31.14
1205000701860548 31.14
1205000701920401 31.14
1205000701980256 31.14
1205000702040110 31.14
1205000702100966 31.14
1205000702160821 31.14
1205000702220569 31.14
1205000702280529 31.14
1205000702340384 31.14
1205000702360567 31.14
1205000702410120 31.14
1205000702470071 31.14
1205000702530928 31.16
1205000702590781 31.14
1205000702650638 31.16
1205000702710544 31.16
1205000702770346 31.16
1205000702830199 31.14
1205000702890057 31.16
1205000702950915 31.16
1205000703010995 31.14
1205000703070620 31.1
1205000703130475 31.09
1205000703190328 31.09
1205000703250184 31.09
1205000703310989 31.09
1205000703370895 31.09
1205000703430754 31.09
1205000703490605 31.09
1205000703550459 31.09
1205000703610232 31.09
1205000703670167 31.09
1205000703730029 31.09
1205000703790880 31.1
1205000703850738 31.09
1205000703910515 31.09
1205000703970444 31.09
1205000704030298 31.09
1205000704090153 31.09
1205000704150006 31.09
1205000704210782 31.09
1205000704270719 31.09
1205000704330578 31.07
1205000704390430 31.09
1205000704450287 31.09
1205000704510371 31.09
1205000704570998 31.09
1205000704630854 31.07
1205000704690709 31.09
1205000704750562 31.09
1205000704810326 31.09
1205000704870268 31.09
1205000704930124 31.09
1205000704990980 31.09
1205000705050835 31.09
1205000705110604 31.09
1205000705170545 31.09
1205000705230401 31.09
1205000705290254 31.09
1205000705350107 31.09
1205000705370292 31.09
1205000705420940 31.09
1205000705480795 31.07
1205000705540648 31.09
1205000705600503 31.09
1205000705660359 31.09
1205000705720214 31.09
1205000705780075 31.07
1205000705840923 31.09
1205000705900778 31.09
1205000705960637 31.09
1205000706020487 31.09
1205000706080346 31.09
1205000706140197 31.09
1205000706200056 31.09
1205000706260912 31.09
1205000706320762 31.09
1205000706380617 31.09
1205000706440476 31.09
1205000706500331 31.09
1205000706560183 31.09
1205000706620036 31.09
1205000706680892 31.09
1205000706740747 31.09
1205000706800603 31.09
1205000706860462 31.07
1205000706920311 31.09
1205000706980172 31.07
1205000707040024 31.07
1205000707100878 31.09
1205000707160737 31.07
1205000707220740 31.07
1205000707280447 31.07
1205000707340300 31.09
1205000707400154 31.07
1205000707460013 31.07
1205000707520863 31.07
1205000707580718 31.07
1205000707640574 31.07
1205000707700433 31.07
1205000707760280 31.09
1205000707820141 31.07
1205000707880997 31.07
1205000707940852 31.07
1205000708000705 31.07
1205000708060557 31.07
1205000708120412 31.07
1205000708180267 31.07
1205000708240124 31.07
1205000708300982 31.07
1205000708360835 31.09
1205000708380011 31.09
1205000708430667 31.07
1205000708490520 31.07
1205000708550375 31.07
1205000708610469 31.07
1205000708670082 31.07
1205000708730940 31.07
1205000708790793 31.07
1205000708850649 31.07
1205000708910449 31.07
1205000708970359 31.07
1205000709030214 31.07
1205000709090069 31.07
1205000709150927 31.07
1205000709210026 31.07
1205000709270636 31.07
1205000709330489 31.07
1205000709390347 31.07
1205000709450200 31.07
1205000709510282 31.07
1205000709570907 31.07
1205000709630760 31.07
1205000709690616 31.07
1205000709750469 31.07
1205000709810205 31.05
1205000709870179 31.05
1205000709930037 31.07
1205000709990894 31.07
1205000800050001 31.05
1205000800110777 31.07
1205000800170712 31.07
1205000800230567 31.07
1205000800290420 31.07
1205000800350274 31.07
1205000800410023 31.07
1205000800470987 31.07
1205000800530839 31.07
1205000800590694 31.07
1205000800650551 31.07
1205000800710467 31.07
1205000800770260 31.07
1205000800830113 31.05
1205000800890971 31.07
1205000800950824 31.07
1205000801010861 31.05
1205000801070534 31.05
1205000801130388 31.05
1205000801190242 31.07
1205000801250098 31.07
1205000801310897 31.05
1205000801370811 31.07
1205000801390994 31.07
1205000801440641 31.07
1205000801500494 31.05
1205000801560353 31.07
1205000801620206 31.07
1205000801680060 31.07
1205000801740916 31.07
1205000801800769 31.05
1205000801860624 31.05
1205000801920481 31.07
1205000801980334 31.07
1205000802040188 31.07
1205000802100041 31.05
1205000802160901 31.07
1205000802220907 31.05
1205000802280610 31.07
1205000802340465 31.07
1205000802400320 31.07
1205000802460171 31.05
1205000802520027 31.07
1205000802580883 31.07
1205000802640736 31.05
1205000802700591 31.05
1205000802760448 31.07
1205000802820301 31.07
1205000802880158 31.07
1205000802940010 31.05
1205000803000051 31.07
1205000803060723 31.05
1205000803120576 31.07
1205000803180433 31.07
1205000803240289 31.05
1205000803300146 31.07
1205000803360001 31.07
1205000803420852 31.05
1205000803480711 31.07
1205000803540562 31.05
1205000803600603 31.05
1205000803660273 31.07
1205000803720128 31.07
1205000803780984 31.07
1205000803840842 31.07
1205000803900693 31.07
1205000803960548 31.07
1205000804020404 31.07
1205000804080257 31.05
1205000804140112 31.07
1205000804200950 31.07
1205000804260823 31.07
1205000804320680 31.05
1205000804380531 31.05
1205000804400872 31.07
1205000804450366 31.07
1205000804510449 31.07
1205000804570073 31.07
1205000804630932 31.05
1205000804690789 31.07
1205000804750642 31.07
1205000804810417 31.07
1205000804870352 31.07
1205000804930208 31.07
1205000804990061 31.07
1205000805050917 31.07
1205000805110694 31.07
1205000805170627 31.07
1205000805230483 31.07
1205000805290336 31.07
1205000805350187 31.07
1205000805410973 31.07
1205000805470903 31.07
1205000805530754 31.09
1205000805590605 31.07
1205000805650461 31.07
1205000805710357 31.07
1205000805770171 31.07
1205000805830024 31.07
1205000805890882 31.07
1205000805950741 31.07
1205000806010823 31.07
1205000806070446 31.07
1205000806130301 31.07
1205000806190156 31.07
1205000806250012 31.07
1205000806310799 31.07
1205000806370719 31.1
1205000806430577 31.12
1205000806490432 31.12
1205000806550287 31.12
1205000806610100 31.12
1205000806670995 31.14
1205000806730850 31.14
1205000806790707 31.14
1205000806850568 31.12
1205000806910359 31.12
1205000806970273 31.12
1205000807030126 31.14
1205000807090982 31.14
1205000807150833 31.14
1205000807210614 31.14
1205000807270544 31.14
1205000807330399 31.14
1205000807390254 31.14
1205000807410548 31.14
1205000807460084 31.14
1205000807520942 31.16
1205000807580797 31.14
1205000807640651 31.14
1205000807700509 31.14
1205000807760361 31.14
1205000807820218 31.16
1205000807880073 31.16
1205000807940923 31.14
1205000808000779 31.14
1205000808060642 31.14
1205000808120489 31.14
1205000808180344 31.14
1205000808240198 31.14
1205000808300053 31.14
1205000808360909 31.14
1205000808420770 31.16
1205000808480623 31.14
1205000808540475 31.14
1205000808600334 31.14
1205000808660185 31.14
1205000808720039 31.14
1205000808780894 31.14
1205000808840750 31.16
1205000808900603 31.14
1205000808960458 31.14
1205000809020314 31.14
1205000809080167 31.14
1205000809140022 31.14
1205000809200880 31.14
1205000809260735 31.14
1205000809320586 31.14
1205000809380442 31.14
1205000809440299 31.16
1205000809500160 31.14
1205000809560012 31.14
1205000809620864 31.14
1205000809680719 31.14
1205000809740574 31.14
1205000809800430 31.14
1205000809860283 31.14
1205000809920138 31.14
1205000809980996 31.16
1205000900040107 31.14
1205000900100963 31.16
1205000900160814 31.14
1205000900220822 31.14
1205000900280525 31.14
1205000900340378 31.14
1205000900400237 31.14
1205000900420445 31.16
1205000900470069 31.14
1205000900530925 31.14
1205000900590964 31.14
1205000900650630 31.14
1205000900710569 31.14
1205000900770340 31.14
1205000900830197 31.14
1205000900890056 31.14
1205000900950902 31.14
1205000901010994 31.14
1205000901070617 31.14
1205000901130472 31.14
1205000901190311 31.14
1205000901250182 31.14
1205000901310988 31.14
1205000901370892 31.16
1205000901430745 31.14
1205000901490600 31.14
1205000901550453 31.14
1205000901610244 31.14
1205000901670166 31.14
1205000901730019 31.14
1205000901790842 31.14
1205000901850730 31.14
1205000901910517 31.14
1205000901970438 31.14
1205000902030294 31.14
1205000902090149 31.14
1205000902150003 31.14
1205000902210786 31.14
1205000902270716 31.14
1205000902330571 31.14
1205000902390436 31.16
1205000902450282 31.14
1205000902510358 31.14
1205000902570993 31.14
1205000902630847 31.14
1205000902690702 31.14
1205000902750551 31.14
1205000902810344 31.14
1205000902870261 31.14
1205000902930117 31.16
1205000902990971 31.14
1205000903050826 31.14
1205000903110648 31.14
1205000903170539 31.16
1205000903230392 31.16
1205000903290245 31.14
1205000903350102 31.16
1205000903410890 31.14
1205000903430144 31.16
1205000903480788 31.16
1205000903540641 31.14
1205000903600506 31.16
1205000903660355 31.16
1205000903720211 31.16
1205000903780064 31.14
1205000903840922 31.16
1205000903900777 31.16
1205000903960632 31.16
1205000904020484 31.14
1205000904080345 31.16
1205000904140192 31.16
1205000904200048 31.16
1205000904260900 31.14
1205000904320757 31.16
1205000904380612 31.16
1205000904440467 31.16
1205000904500320 31.18
1205000904560179 31.2
1205000904620029 31.22
1205000904680883 31.23
1205000904740746 31.23
1205000904800593 31.23
1205000904860446 31.25
1205000904920302 31.25
1205000904980157 31.25
1205000905040012 31.25
1205000905100876 31.27
1205000905160727 31.27
1205000905220733 31.27
1205000905280434 31.27
1205000905340289 31.27
1205000905400144 31.29
1205000905460999 31.29
1205000905520854 31.31
1205000905580709 31.29
1205000905640567 31.29
1205000905700418 31.31
1205000905760271 31.31
1205000905820126 31.31
1205000905880984 31.33
1205000905940839 31.33
1205000906000702 31.35
1205000906060554 31.35
1205000906120409 31.36
1205000906180262 31.36