125501207610741 32.57
125501207670603 32.61
125501207730458 32.67
125501207790315 32.74
125501207850162 32.78
1255012079119 32.8
125501207970871 32.82
125501208030727 32.83
125501208090584 32.83
125501208150441 32.83
125501208210296 32.82
125501208270146 32.83
1255012083301 32.82
125501208390855 32.83
125501208450712 32.82
125501208510565 32.82
125501208570421 32.82
125501208630274 32.83
125501208690131 32.82
125501208750985 32.82
125501208810838 32.83
125501208870696 32.82
125501208930551 32.82
125501208990406 32.82
125501209050261 32.82
125501209110123 32.8
125501209170978 32.8
125501209230986 32.8
125501209290689 32.8
125501209350536 32.82
125501209410389 32.82
125501209470246 32.82
125501209530100 32.82
125501209590956 32.82
125501209650811 32.8
125501209710666 32.8
125501209770521 32.8
125501209830379 32.8
125501209890234 32.8
1255012099591 32.82
1255013010202 32.8
1255013070058 32.8
1255013130908 32.78
1255013190765 32.8
1255013250618 32.8
1255013310477 32.8
1255013330674 32.8
1255013380305 32.8
1255013440163 32.8
1255013500018 32.8
1255013560870 32.8
1255013620743 32.8
1255013680584 32.8
1255013740436 32.8
1255013800305 32.82
1255013860144 32.8
1255013920017 32.8
1255013980855 32.8
125501301040709 32.8
125501301100564 32.8
125501301160423 32.8
125501301220288 32.8
125501301280129 32.8
125501301340983 32.82
125501301400836 32.82
125501301460694 32.83
125501301520770 32.83
125501301580400 32.83
125501301640254 32.83
125501301700109 32.83
125501301760965 32.82
125501301820824 32.78
125501301880677 32.72
125501301940530 32.65
125501302000385 32.63
125501302060237 32.61
125501302120112 32.61
125501302180954 32.61
125501302240808 32.61
125501302300663 32.61
125501302360514 32.61
125501302420387 32.61
125501302480224 32.61
1255013025483 32.61
125501302600937 32.61
125501302660789 32.61
125501302720562 32.61
125501302780499 32.61
125501302840354 32.61
125501302900211 32.61
1255013029666 32.61
125501303020146 32.61
125501303080778 32.61
125501303140631 32.61
125501303200482 32.61
125501303260338 32.61
125501303320210 32.61
125501303340375 32.61
1255013033922 32.61
125501303450877 32.61
125501303510734 32.59
125501303570589 32.54
125501303630448 32.44
125501303690302 32.41
125501303750151 32.37
1255013038108 32.33
125501303870864 32.33
125501303930719 32.33
125501303990574 32.33
125501304050425 32.33
125501304110280 32.33
125501304170136 32.33
125501304230145 32.33
125501304290853 32.31
125501304350706 32.31
125501304410561 32.31
125501304470416 32.31
125501304530266 32.29
125501304590123 32.29
125501304650975 32.29
125501304710832 32.29
125501304770686 32.29
125501304830541 32.29
125501304890402 32.29
125501304950255 32.29
125501305010106 32.29
125501305070963 32.29
125501305130822 32.29
125501305190677 32.29
125501305250531 32.29
125501305310380 32.29
125501305370235 32.29
1255013054392 32.28
125501305490946 32.29
125501305550801 32.29
125501305610654 32.29
125501305670510 32.29
125501305730369 32.28
125501305790220 32.29
1255013058579 32.28
125501305910929 32.29
125501305970790 32.28
125501306030643 32.28
125501306090501 32.28
125501306150358 32.28
125501306210209 32.28
1255013062765 32.22
125501306330924 32.16
1255013063590 32.16
125501306400754 32.13
125501306460609 32.09
125501306520695 32.07
125501306580319 32.07
125501306640165 32.05
1255013067026 32.05
125501306760883 32.05
125501306820746 32.05
125501306880591 32.05
125501306940438 32.05
125501307000297 32.02
125501307060154 31.96
1255013071217 31.89
125501307180861 31.87
125501307240717 31.87
125501307300576 31.87
125501307360427 31.87
125501307420296 31.87
125501307480139 31.87
125501307540994 31.87
125501307600843 31.85
125501307660700 31.85
125501307720520 31.87
125501307780410 31.85
125501307840268 31.85
125501307900121 31.83
125501307960977 31.79
1255013080270 31.74
125501308080689 31.7
125501308140546 31.68
125501308200400 31.68
125501308260255 31.68
125501308320122 31.68
125501308380968 31.68
125501308440817 31.68
125501308500670 31.68
125501308560526 31.68
125501308620401 31.68
125501308680242 31.68
1255013087497 31.68
125501308800951 31.68
125501308860805 31.68
125501308920675 31.66
125501308980517 31.66
125501309040372 31.66
125501309100225 31.66
1255013091681 31.66
125501309220951 31.66
125501309280792 31.64
125501309340649 31.66
125501309360810 31.64
125501309410477 31.64
125501309470332 31.64
125501309530183 31.64
1255013095938 31.64
125501309650893 31.64
125501309710750 31.64
125501309770605 31.66
125501309830458 31.64
125501309890311 31.64
125501309950169 31.64
1255014010277 31.64
1255014070132 31.64
1255014130989 31.64
1255014190844 31.64
1255014250699 31.66
1255014310554 31.64
1255014370407 31.64
1255014430264 31.64
1255014490119 31.66
1255014550976 31.64
1255014610829 31.64
1255014670682 31.64
1255014730535 31.62
1255014790396 31.62
1255014850250 31.62
1255014910105 31.62
1255014970961 31.62
125501401030810 31.62
125501401090667 31.62
125501401150521 31.62
125501401210374 31.62
125501401270229 31.62
1255014013385 31.62
125501401390940 31.62
125501401450792 31.61
125501401510648 31.62
125501401570506 31.62
125501401630359 31.62
125501401690214 31.62
1255014017567 31.61
125501401810923 31.61
125501401870783 31.61
125501401930640 31.62
125501401990493 31.61
125501402050348 31.61
125501402110197 31.61
1255014021757 31.61
1255014022353 31.61
125501402290764 31.62
125501402350616 31.61
125501402370780 31.61
125501402420461 31.59
125501402480302 31.59
125501402540156 31.57
1255014026011 31.57
125501402660867 31.57
125501402720656 31.57
125501402780577 31.57
125501402840432 31.57
125501402900287 31.55
125501402960142 31.57
125501403020224 31.57
125501403080854 31.57
125501403140709 31.57
125501403200564 31.57
125501403260415 31.57
125501403320278 31.57
125501403380126 31.57
125501403440988 31.57
125501403500843 31.55
125501403560698 31.55
125501403620565 31.55
125501403680406 31.57
125501403740262 31.57
125501403800117 31.55
125501403860971 31.57
125501403920834 31.57
125501403980681 31.57
125501404040537 31.55
125501404100392 31.55
125501404160239 31.57
125501404220114 31.55
125501404280951 31.55
125501404340806 31.55
125501404400659 31.55
125501404460515 31.55
125501404520600 31.55
125501404580414 31.55
1255014046486 31.55
125501404700936 31.55
125501404760793 31.55
125501404820658 31.55
125501404880499 31.55
125501404940354 31.55
125501405000215 31.55
1255014050665 31.55
125501405120931 31.55
125501405180956 31.55
125501405240628 31.53
125501405300483 31.51
125501405360340 31.49
125501405380546 31.49
125501405430172 31.49
1255014054927 31.49
125501405550883 31.49
125501405610738 31.49
125501405670591 31.49
125501405730452 31.48
125501405790308 31.49
125501405850157 31.49
1255014059110 31.49
125501405970866 31.48
125501406030721 31.48
125501406090576 31.49
125501406150431 31.48
125501406210286 31.49
125501406270140 31.49
125501406330996 31.49
125501406390851 31.49
125501406450712 31.49
125501406510567 31.48
125501406570421 31.49
125501406630276 31.49
125501406690125 31.49
125501406750987 31.49
125501406810837 31.49
125501406870690 31.49
125501406930545 31.49
125501406990398 31.48
125501407050253 31.48
125501407110108 31.48
125501407170963 31.46
125501407230970 31.44
125501407290679 31.44
125501407350534 31.44
125501407410389 31.44
125501407470246 31.44
1255014075399 31.44
125501407590955 31.44
125501407650816 31.44
125501407710666 31.44
125501407770527 31.44
125501407830374 31.44
125501407890229 31.44
1255014079583 31.44
125501408010939 31.44
125501408070794 31.44
125501408130647 31.44
125501408190502 31.44
125501408250359 31.44
125501408310213 31.44
1255014083770 31.44
125501408390251 31.44
125501408440901 31.44
125501408500762 31.44
125501408560615 31.44
125501408620478 31.44
125501408680326 31.44
125501408740181 31.44
1255014088036 31.44
125501408860884 31.44
125501408920753 31.44
125501408980595 31.44
125501409040450 31.44
125501409100299 31.42
125501409160152 31.42
1255014092227 31.42
125501409280875 31.44
125501409340725 31.42
125501409400580 31.42
125501409460435 31.42
125501409520517 31.42
125501409580137 31.42
1255014096404 31.44
125501409700855 31.42
125501409760704 31.42
125501409820571 31.42
125501409880412 31.42
125501409940268 31.42
1255015000377 31.42
1255015060233 31.42
1255015120102 31.42
1255015180949 31.44
1255015240798 31.42
1255015300659 31.42
1255015360514 31.42
1255015420375 31.42
1255015480224 31.42
1255015540078 31.42
1255015600934 31.42
1255015660789 31.42
1255015720587 31.42
1255015780491 31.42
1255015840352 31.44
1255015900202 31.42
1255015960057 31.42
125501501020145 31.42
125501501080767 31.42
125501501140622 31.42
125501501200483 31.42
125501501260338 31.42
125501501320166 31.42
1255015013841 31.42
125501501400210 31.42
125501501450885 31.44
125501501510729 31.42
125501501570582 31.42
125501501630437 31.42
125501501690292 31.42
125501501750153 31.44
1255015018200 31.42
125501501870855 31.42
125501501930710 31.38
125501501990567 31.36
125501502050424 31.35
125501502110279 31.35
125501502170140 31.35
125501502230132 31.33
125501502290844 31.33
125501502350699 31.33
125501502410554 31.33
125501502470405 31.33
125501502530261 31.33
125501502590116 31.33
125501502650978 31.33
125501502710833 31.33
125501502770688 31.33
125501502830537 31.35
125501502890391 31.38
125501502950246 31.38
125501503010101 31.38
125501503070965 31.4
125501503130812 31.4
125501503190668 31.4
125501503250525 31.4
125501503310380 31.4
125501503370415 31.4
1255015034385 31.38
125501503490943 31.4
125501503550802 31.38
125501503610657 31.38
125501503670504 31.38
125501503730357 31.38
125501503790212 31.38
1255015038568 31.38
125501503910926 31.38
125501503970964 31.38
125501504030636 31.4
125501504090489 31.4
125501504150344 31.4
125501504210198 31.42
1255015042753 31.46
125501504330909 31.48
125501504390763 31.51
1255015044144 31.53
125501504460594 31.55
125501504520680 31.57
125501504580302 31.57
125501504640156 31.59
1255015047010 31.59
125501504760867 31.59
125501504820734 31.59
125501504880575 31.61
125501504940430 31.61
125501505000285 31.59
125501505060141 31.61
1255015051212 31.61
125501505180854 31.61
125501505240707 31.61
125501505300562 31.61
125501505360417 31.61
125501505420282 31.61
125501505480124 31.61
125501505540980 31.61
125501505600835 31.59
125501505660691 31.61
125501505720513 31.61
125501505780399 31.61
125501505840256 31.61
125501505900111 31.61
125501505960968 31.61
1255015060251 31.61
125501506080682 31.61
125501506140531 31.61
125501506200392 31.61
125501506260241 31.61
125501506320108 31.61
125501506380949 31.61
125501506440806 31.61
125501506500661 31.61
125501506560518 31.61
125501506620370 31.61
125501506680229 31.61
1255015067480 31.59
125501506800940 31.61
125501506860791 31.61
125501506920600 31.61
125501506980500 31.59
125501507040361 31.61
125501507100212 31.61
1255015071667 31.61
125501507220972 31.61
125501507280777 31.61
125501507340632 31.61
125501507400485 31.61
125501507420746 31.61
125501507470317 31.61
125501507530170 31.61
1255015075925 31.61
125501507650880 31.61
125501507710734 31.59
125501507770589 31.59
125501507830443 31.59
125501507890298 31.59
125501507950155 31.59
1255015080110 31.59
125501508070866 31.59
125501508130727 31.59
125501508190581 31.59
125501508250436 31.59
125501508310285 31.59
125501508370140 31.59
125501508430996 31.59
125501508490849 31.59
125501508550704 31.61
125501508610557 31.61
125501508670413 31.61
125501508730268 31.61
125501508790123 31.61
125501508850977 31.61
125501508910833 31.61
125501508970688 31.61
125501509030543 31.61
125501509090398 31.61
125501509150253 31.61
125501509210108 31.61
125501509270962 31.61
125501509330817 31.61
125501509390674 31.61
125501509450533 31.61
125501509510385 31.61
125501509570242 31.61
1255015096393 31.61
125501509690954 31.61
125501509750804 31.61
125501509810663 31.61
125501509870513 31.61
125501509930368 31.61
125501509990227 31.61
1255016050338 31.61
1255016110191 31.61
1255016170046 31.61
1255016230049 31.61
1255016290758 31.61
1255016350611 31.62
1255016410464 31.62
1255016430657 31.61
1255016480296 31.62
1255016540151 31.62
1255016600010 31.62
1255016660860 31.62
1255016720696 31.62
1255016780571 31.62
1255016840426 31.62
1255016900285 31.62
1255016960138 31.62
125501601020222 31.62
125501601080846 31.62
125501601140701 31.62
125501601200556 31.62
125501601260410 31.62
125501601320282 31.62
125501601380123 31.62
125501601440976 31.62
125501601500831 31.62
125501601560872 31.62
125501601620551 31.61
125501601680393 31.62
125501601740248 31.62
125501601800101 31.62
125501601860957 31.62
125501601920803 31.62
125501601980668 31.62
125501602040525 31.64
125501602100376 31.62
125501602160415 31.62
125501602220112 31.62
125501602280943 31.62
125501602340798 31.62
125501602400653 31.62
125501602460506 31.62
125501602520588 31.62
125501602580217 31.62
1255016026472 31.62
125501602700928 31.62
125501602760793 31.62
125501602820652 31.62
125501602880492 31.62
125501602940347 31.62
125501603000200 31.62
1255016030655 31.62
125501603120925 31.62
125501603180769 31.62
125501603240624 31.62
125501603300475 31.62
125501603360256 31.62
125501603420200 31.62
125501603440369 31.62
1255016034913 31.61
125501603550870 31.61
125501603610733 31.61
125501603670590 31.62
125501603730439 31.61
125501603790294 31.61
125501603850149 31.61
1255016039106 31.61
125501603970862 31.61
125501604030717 31.61
125501604090565 31.61
125501604150420 31.61
125501604210273 31.61
125501604270129 31.61
125501604330985 31.61
125501604390840 31.61
125501604450703 31.61
125501604510556 31.61
125501604570411 31.61
125501604630263 31.61
125501604690116 31.61
125501604750970 31.61
125501604810825 31.61
125501604870680 31.61
125501604930538 31.61
125501604990393 31.61
125501605050246 31.61
125501605110105 31.61
125501605170953 31.61
125501605230955 31.61
125501605290664 31.61
125501605350517 31.61
125501605410372 31.61
125501605470227 31.61
1255016055386 31.61
125501605590943 31.61
125501605650796 31.61
125501605710649 31.61
125501605770504 31.61
125501605830360 31.61
125501605890214 31.61
1255016059568 31.61
125501606010924 31.61
125501606070779 31.61
125501606130636 31.61
125501606190490 31.61
125501606250345 31.61
125501606310200 31.61
1255016063755 31.61
125501606430912 31.61
1255016064579 31.61
125501606500745 31.61
125501606560596 31.61
125501606620445 31.61
125501606680305 31.61
125501606740160 31.61
1255016068013 31.61
125501606860869 31.61
125501606920705 31.61
125501606980584 31.61
125501607040437 31.61
125501607100292 31.61
125501607160143 31.61
125501607220951 31.61
125501607280855 31.61
125501607340710 31.61
125501607400563 31.61
125501607460418 31.61
125501607520502 31.61
125501607580131 31.62
125501607640987 31.61
125501607700842 31.61
125501607760695 31.61
125501607820601 31.61
125501607880406 31.61
125501607940259 31.61
125501608000114 31.61
125501608060972 31.61
125501608120839 31.61
125501608180682 31.61
125501608240537 31.61
125501608300392 31.62
125501608360246 31.61
125501608420114 31.61
125501608480958 31.62
125501608540812 31.61
125501608600665 31.61
125501608660518 31.61
125501608720330 31.62
125501608780230 31.62
1255016088486 31.62
125501608900940 31.61
125501608960793 31.61
125501609020873 31.61
125501609080505 31.61
125501609140361 31.61
125501609200216 31.61
1255016092669 31.61
125501609320935 31.61
125501609380777 31.61
125501609440632 31.61
125501609460807 31.61
125501609510462 31.61
125501609570317 31.61
125501609630176 31.61
1255016096929 31.61
1255016097566 31.61
125501609810738 31.61
125501609870597 31.61
125501609930448 31.61
125501609990306 31.62
1255017050415 31.61
1255017110270 31.62
1255017170123 31.61
1255017230129 31.61
1255017290839 31.61
1255017350874 31.61
1255017410545 31.61
1255017470398 31.61
1255017530256 31.61
1255017590111 31.62
1255017650965 31.62
1255017710820 31.62
1255017770673 31.61
1255017830528 31.61
1255017890381 31.61
1255017950247 31.62
1255017010194 31.61
125501701070950 31.61
125501701130803 31.61
125501701190659 31.61
125501701250512 31.61
125501701310371 31.61
125501701370224 31.62
1255017014380 31.61
125501701490937 31.62
125501701550740 31.61
125501701610646 31.62
125501701670499 31.61
125501701730298 31.61
125501701790210 31.62
1255017018567 31.62
125501701910923 31.62
125501701970773 31.61
125501702030630 31.62
125501702090481 31.61
125501702150367 31.62
125501702210193 31.62
1255017022748 31.62
125501702330904 31.62
125501702390761 31.62
125501702450617 31.62
125501702470786 31.62
125501702520671 31.62
125501702580299 31.64
125501702640159 31.66
1255017027010 31.68
125501702760866 31.68
125501702820641 31.7
125501702880574 31.7
125501702940432 31.7
125501703000287 31.7
125501703060138 31.7
1255017031209 31.68
125501703180851 31.68
125501703240707 31.66
125501703300562 31.66
125501703360417 31.66
125501703420278 31.64
125501703480124 31.64
125501703540982 31.64
125501703600835 31.64
125501703660690 31.64
125501703720534 31.64
125501703780399 31.64
125501703840256 31.66
125501703900110 31.66
125501703960965 31.68
1255017040248 31.68
125501704080679 31.68
125501704140531 31.68
125501704200384 31.68
125501704260237 31.7
125501704320137 31.7
125501704380950 31.7
125501704440803 31.7
125501704500657 31.7
125501704560512 31.7
125501704620388 31.7
125501704680226 31.68
1255017047475 31.7
125501704800933 31.7
125501704860787 31.7
125501704920656 31.7
125501704980497 31.7
125501705040351 31.7
125501705100203 31.7
1255017051664 31.7
125501705220956 31.7
125501705280774 31.7
125501705340625 31.7
125501705400486 31.68
125501705460339 31.7
125501705480506 31.7
125501705530167 31.7
1255017055924 31.7
125501705650874 31.7
125501705710732 31.7
125501705770591 31.72
125501705830442 31.7
125501705890295 31.7
125501705950154 31.72