1205404908830946 34.25
1205404908890719 34.25
1205404908950654 34.25
1205404909010507 34.25
1205404909070546 34.23
1205404909130218 34.25
1205404909190104 34.25
1205404909250935 34.25
1205404909310784 34.25
1205404909370639 34.25
1205404909430496 34.23
1205404909490246 34.25
1205404909550205 34.25
1205404909610066 34.23
1205404909670908 34.25
1205404909730769 34.25
1205404909790533 34.25
1205404909850480 34.25
1205404909910339 34.25
1205404909970192 34.25
1205405000030297 34.25
1205405000090054 34.25
1205405000150007 34.25
1205405000210795 34.25
1205405000270650 34.25
1205405000330576 34.23
1205405000390548 34.23
1205405000450290 34.23
1205405000510141 34.25
1205405000570997 34.25
1205405000630852 34.25
1205405000690825 34.25
1205405000750565 34.23
1205405000810416 34.25
1205405000870282 34.23
1205405000930126 34.23
1205405000990096 34.23
1205405001050833 34.25
1205405001110691 34.23
1205405001170546 34.23
1205405001230399 34.23
1205405001290176 34.21
1205405001350105 34.21
1205405001410962 34.21
1205405001470821 34.23
1205405001530670 34.21
1205405001560840 34.21
1205405001600502 34.21
1205405001660355 34.21
1205405001720214 34.23
1205405001780071 34.21
1205405001840921 34.21
1205405001900777 34.21
1205405001960632 34.21
1205405002020497 34.23
1205405002080341 34.21
1205405002140195 34.21
1205405002200052 34.21
1205405002260907 34.21
1205405002320766 34.23
1205405002380615 34.21
1205405002440472 34.21
1205405002500339 34.21
1205405002560184 34.19
1205405002620034 34.17
1205405002680896 34.16
1205405002740751 34.16
1205405002800605 34.14
1205405002860460 34.14
1205405002920311 34.14
1205405002980168 34.12
1205405003040021 34.1
1205405003100880 34.08
1205405003160736 34.06
1205405003220586 34.04
1205405003280441 34.04
1205405003340296 34.03
1205405003400151 34.03
1205405003460006 34.03
1205405003520859 34.03
1205405003580716 34.03
1205405003640571 34.06
1205405003700428 34.08
1205405003760279 34.1
1205405003820135 34.1
1205405003880989 34.12
1205405003940844 34.1
1205405004000715 34.1
1205405004060558 34.08
1205405004120410 34.06
1205405004180266 34.04
1205405004240121 34.03
1205405004300975 34.03
1205405004360830 34.01
1205405004420684 34.01
1205405004480541 34.03
1205405004540396 34.01
1205405004570563 34.01
1205405004610226 34.03
1205405004670083 34.03
1205405004730935 34.03
1205405004790697 34.01
1205405004850647 34.01
1205405004910501 34.01
1205405004970358 33.99
1205405005030207 33.95
1205405005090995 33.97
1205405005150923 33.97
1205405005210713 33.97
1205405005270631 33.97
1205405005330482 33.95
1205405005390269 33.97
1205405005450194 33.97
1205405005510048 33.95
1205405005570904 33.95
1205405005630759 33.97
1205405005690729 33.95
1205405005750465 33.95
1205405005810322 33.95
1205405005870185 33.93
1205405005930038 33.88
1205405005990007 33.84
1205405006050746 33.84
1205405006110601 33.84
1205405006170455 33.82
1205405006230309 33.82
1205405006290084 33.82
1205405006350018 33.82
1205405006410872 33.82
1205405006470729 33.8
1205405006530587 33.8
1205405006590561 33.8
1205405006650295 33.8
1205405006710148 33.76
1205405006770000 33.71
1205405006830856 33.69
1205405006890640 33.69
1205405006950564 33.69
1205405007010421 33.69
1205405007070276 33.69
1205405007130129 33.69
1205405007190888 33.69
1205405007250844 33.69
1205405007310696 33.69
1205405007370549 33.65
1205405007430410 33.62
1205405007490173 33.54
1205405007550118 33.47
1205405007580285 33.41
1205405007620951 33.24
1205405007680802 33.09
1205405007740661 32.98
1205405007800513 32.95
1205405007860315 32.95
1205405007920219 32.93
1205405007980078 32.95
1205405008040930 32.93
1205405008100788 32.91
1205405008160645 32.91
1205405008220500 32.93
1205405008280355 32.93
1205405008340210 32.91
1205405008400065 32.93
1205405008460933 32.91
1205405008520773 32.89
1205405008580626 32.83
1205405008640483 32.78
1205405008700340 32.78
1205405008760197 32.78
1205405008820052 32.78
1205405008880907 32.76
1205405008940760 32.78
1205405009000613 32.78
1205405009060482 32.76
1205405009120325 32.78
1205405009180181 32.76
1205405009240036 32.76
1205405009300888 32.78
1205405009360743 32.78
1205405009420602 32.74
1205405009480452 32.69
1205405009540311 32.65
1205405009600162 32.61
1205405009660017 32.61
1205405009720872 32.61
1205405009780729 32.59
1205405009840584 32.59
1205405009900439 32.59
1205405009960292 32.59
1205405100020401 32.59
1205405100080260 32.59
1205405100140115 32.59
1205405100200971 32.59
1205405100260823 32.57
1205405100320678 32.54
1205405100380537 32.5
1205405100440394 32.48
1205405100500259 32.5
1205405100560103 32.48
1205405100590268 32.48
1205405100630936 32.48
1205405100690902 32.48
1205405100750644 32.48
1205405100810499 32.48
1205405100870354 32.48
1205405100930209 32.48
1205405100990178 32.48
1205405101050915 32.5
1205405101110774 32.48
1205405101170629 32.48
1205405101230482 32.46
1205405101290295 32.44
1205405101350189 32.44
1205405101410044 32.44
1205405101470900 32.44
1205405101530753 32.42
1205405101590730 32.42
1205405101650467 32.44
1205405101710319 32.44
1205405101770175 32.44
1205405101830027 32.42
1205405101890794 32.44
1205405101950739 32.42
1205405102010594 32.44
1205405102070445 32.42
1205405102130302 32.44
1205405102190100 32.42
1205405102250009 32.42
1205405102310867 32.42
1205405102370722 32.42
1205405102430577 32.42
1205405102490346 32.42
1205405102550286 32.42
1205405102610141 32.42
1205405102670997 32.42
1205405102730852 32.42
1205405102790639 32.42
1205405102850566 32.42
1205405102910417 32.41
1205405102970274 32.41
1205405103030124 32.41
1205405103090902 32.39
1205405103150831 32.39
1205405103210634 32.39
1205405103270542 32.39
1205405103330397 32.39
1205405103390168 32.39
1205405103450105 32.37
1205405103510962 32.39
1205405103570819 32.39
1205405103600956 32.39
1205405103640650 32.39
1205405103700504 32.39
1205405103760359 32.39
1205405103820214 32.39
1205405103880069 32.37
1205405103940925 32.35
1205405104000792 32.35
1205405104060631 32.35
1205405104120489 32.33
1205405104180344 32.35
1205405104240199 32.33
1205405104300051 32.33
1205405104360909 32.35
1205405104420764 32.33
1205405104480619 32.33
1205405104540474 32.33
1205405104600327 32.35
1205405104660184 32.33
1205405104720037 32.33
1205405104780893 32.33
1205405104840748 32.33
1205405104900604 32.33
1205405104960459 32.33
1205405105020312 32.33
1205405105080167 32.33
1205405105140022 32.33
1205405105200877 32.33
1205405105260732 32.33
1205405105320587 32.33
1205405105380440 32.33
1205405105440297 32.33
1205405105500164 32.33
1205405105560012 32.33
1205405105620866 32.31
1205405105680717 32.33
1205405105740573 32.33
1205405105800424 32.33
1205405105860281 32.33
1205405105920140 32.33
1205405105980996 32.33
1205405106040847 32.33
1205405106100707 32.33
1205405106160560 32.33
1205405106220411 32.33
1205405106280266 32.33
1205405106340121 32.33
1205405106400978 32.33
1205405106460833 32.33
1205405106520686 32.33
1205405106580545 32.33
1205405106610649 32.33
1205405106650394 32.31
1205405106710234 32.31
1205405106770089 32.31
1205405106830945 32.31
1205405106890750 32.29
1205405106950647 32.29
1205405107010503 32.29
1205405107070354 32.29
1205405107130209 32.29
1205405107190977 32.29
1205405107250922 32.29
1205405107310778 32.29
1205405107370629 32.29
1205405107430486 32.29
1205405107490288 32.29
1205405107550196 32.29
1205405107610050 32.29
1205405107670906 32.29
1205405107730761 32.29
1205405107790548 32.31
1205405107850469 32.29
1205405107910325 32.29
1205405107970184 32.31
1205405108030035 32.29
1205405108090813 32.29
1205405108150746 32.29
1205405108210539 32.29
1205405108270457 32.28
1205405108330312 32.24
1205405108390126 32.18
1205405108450022 32.15
1205405108510876 32.15
1205405108570729 32.13
1205405108630585 32.13
1205405108690559 32.15
1205405108750293 32.13
1205405108810150 32.15
1205405108870003 32.15
1205405108930862 32.15
1205405108990638 32.15
1205405109050572 32.15
1205405109110429 32.13
1205405109170284 32.15
1205405109230137 32.13
1205405109290956 32.13
1205405109350847 32.15
1205405109410704 32.13
1205405109470557 32.13
1205405109530409 32.13
1205405109590184 32.13
1205405109620448 32.11
1205405109660094 32.13
1205405109720952 32.13
1205405109780805 32.11
1205405109840664 32.13
1205405109900515 32.11
1205405109960372 32.11
1205405200020480 32.11
1205405200080339 32.09
1205405200140194 32.09
1205405200200049 32.09
1205405200260904 32.09
1205405200320759 32.09
1205405200380612 32.09
1205405200440467 32.09
1205405200500327 32.09
1205405200560179 32.09
1205405200620031 32.09
1205405200680891 32.09
1205405200740742 32.09
1205405200800598 32.09
1205405200860451 32.09
1205405200920304 32.09
1205405200980161 32.07
1205405201040014 32.05
1205405201100876 32.03
1205405201160733 32.02
1205405201220587 32.02
1205405201280446 32
1205405201340297 32
1205405201400148 32.02
1205405201460005 32
1205405201520862 32
1205405201580717 32
1205405201650755 32
1205405201700427 32
1205405201760282 32
1205405201820133 32.02
1205405201880987 31.98
1205405201940847 32
1205405202000735 32.02
1205405202060555 32.02
1205405202120414 32
1205405202180269 32
1205405202250310 32
1205405202300977 32.02
1205405202360832 32
1205405202420687 32
1205405202480542 32
1205405202540396 32
1205405202600251 32
1205405202630425 32
1205405202670082 32
1205405202730935 31.96
1205405202790713 31.98
1205405202850647 31.96
1205405202910500 31.96
1205405202970353 31.96
1205405203030208 31.96
1205405203090007 31.96
1205405203150918 31.94
1205405203210718 31.96
1205405203270626 31.94
1205405203330485 31.96
1205405203390266 31.96
1205405203450196 31.96
1205405203510049 31.96
1205405203570904 31.96
1205405203630758 31.96
1205405203690731 31.96
1205405203750468 31.96
1205405203810323 31.96
1205405203870180 31.96
1205405203930032 31.96
1205405203990857 31.96
1205405204050747 31.96
1205405204110602 31.96
1205405204170455 31.94
1205405204230309 31.96
1205405204290091 31.96
1205405204350017 31.96
1205405204410873 31.96
1205405204470732 31.96
1205405204530582 31.94
1205405204590390 31.94
1205405204650290 31.94
1205405204710145 31.94
1205405204770002 31.94
1205405204830859 31.94
1205405204890651 31.94
1205405204950569 31.96
1205405205010420 31.94
1205405205070275 31.94
1205405205130131 31.94
1205405205190914 31.94
1205405205250840 31.94
1205405205310697 31.94
1205405205370548 31.94
1205405205430403 31.94
1205405205490231 31.94
1205405205550111 31.94
1205405205610968 31.94
1205405205640138 31.94
1205405205680799 31.94
1205405205740653 31.94
1205405205800508 31.94
1205405205860363 31.94
1205405205920218 31.94
1205405205980072 31.94
1205405206040932 31.94
1205405206100784 31.94
1205405206160638 31.94
1205405206220495 31.94
1205405206280349 31.94
1205405206340208 31.94
1205405206400059 31.94
1205405206460911 31.94
1205405206520772 31.94
1205405206580625 31.94
1205405206640477 31.94
1205405206700332 31.94
1205405206760189 31.94
1205405206820042 31.94
1205405206880898 31.94
1205405206940751 31.94
1205405207000621 31.94
1205405207060464 31.94
1205405207120318 31.94
1205405207180173 31.92
1205405207240026 31.9
1205405207300885 31.89
1205405207360742 31.87
1205405207420597 31.87
1205405207480444 31.85
1205405207540299 31.85
1205405207600154 31.85
1205405207660009 31.83
1205405207720863 31.85
1205405207780722 31.85
1205405207840576 31.83
1205405207900429 31.85
1205405207960280 31.85
1205405208020135 31.85
1205405208080993 31.85
1205405208140853 31.87
1205405208200702 31.85
1205405208260563 31.87
1205405208320416 31.87
1205405208380273 31.87
1205405208440125 31.85
1205405208500991 31.85
1205405208560834 31.87
1205405208620686 31.85
1205405208650874 31.87
1205405208700635 31.87
1205405208750370 31.85
1205405208810226 31.85
1205405208870081 31.85
1205405208930935 31.85
1205405208990720 31.85
1205405209050653 31.85
1205405209110500 31.85
1205405209170357 31.85
1205405209230211 31.85
1205405209290037 31.87
1205405209350926 31.87
1205405209410777 31.87
1205405209470630 31.87
1205405209530484 31.89
1205405209590271 31.89
1205405209650200 31.89
1205405209710052 31.89
1205405209770904 31.89
1205405209840946 31.89
1205405209890555 31.89
1205405209950472 31.89
1205405300010582 31.89
1205405300070437 31.89
1205405300130290 31.89
1205405300190114 31.89
1205405300260000 31.89
1205405300310857 31.89
1205405300370716 31.89
1205405300440755 31.89
1205405300490364 31.89
1205405300550277 31.9
1205405300610132 31.89
1205405300670985 31.89
1205405300730840 31.87
1205405300790625 31.89
1205405300850550 31.89
1205405300910407 31.89
1205405300970260 31.89
1205405301030126 31.89
1205405301100086 31.89
1205405301150831 31.89
1205405301210624 31.89
1205405301270536 31.89
1205405301330391 31.89
1205405301390184 31.89
1205405301450101 31.89
1205405301510961 31.89
1205405301570812 31.89
1205405301630601 31.87
1205405301660839 31.89
1205405301700502 31.89
1205405301760357 31.89
1205405301820210 31.89
1205405301880061 31.89
1205405301940921 31.89
1205405302000796 31.89
1205405302060630 31.89
1205405302120481 31.89
1205405302180336 31.89
1205405302240196 31.87
1205405302300043 31.89
1205405302360899 31.89
1205405302420754 31.89
1205405302480612 31.89
1205405302540469 31.89
1205405302600324 31.89
1205405302660179 31.89
1205405302720034 31.89
1205405302780890 31.89
1205405302840745 31.89
1205405302900595 31.89
1205405302960448 31.89
1205405303020303 31.89
1205405303080158 31.89
1205405303140014 31.89
1205405303200870 31.89
1205405303260729 31.89
1205405303320584 31.89
1205405303380439 31.89
1205405303440294 31.89
1205405303500038 31.89
1205405303570000 31.89
1205405303620853 31.89
1205405303680708 31.89
1205405303740564 31.89
1205405303800421 31.89
1205405303860274 31.89
1205405303920129 31.89
1205405303980987 31.89
1205405304040839 31.89
1205405304100694 31.89
1205405304160549 31.89
1205405304220408 31.89
1205405304280263 31.89
1205405304340118 31.89
1205405304400965 31.89
1205405304460828 31.89
1205405304520679 31.89
1205405304580534 31.89
1205405304640389 31.89
1205405304670556 31.89
1205405304710217 31.89
1205405304770073 31.89
1205405304830928 31.89
1205405304890739 31.89
1205405304950635 31.89
1205405305010490 31.89
1205405305070345 31.89
1205405305130201 31.89
1205405305190003 31.89
1205405305250910 31.89
1205405305310765 31.89
1205405305370620 31.89
1205405305430483 31.89
1205405305490301 31.89
1205405305550193 31.89
1205405305610043 31.89
1205405305670899 31.89
1205405305730754 31.89
1205405305790578 31.89
1205405305850464 31.89
1205405305910316 31.89
1205405305970173 31.89
1205405306030030 31.87
1205405306090829 31.89
1205405306150739 31.9
1205405306210546 31.89
1205405306270446 31.89
1205405306330301 31.89
1205405306390111 31.89
1205405306450012 31.89
1205405306510866 31.89
1205405306570723 31.89
1205405306630574 31.89
1205405306690429 31.89
1205405306750284 31.89
1205405306810138 31.89
1205405306870994 31.89
1205405306930849 31.89
1205405306990645 31.89
1205405307050565 31.89
1205405307110414 31.89
1205405307170269 31.89
1205405307230125 31.89
1205405307300097 31.89
1205405307350834 31.89
1205405307410690 31.89
1205405307470545 31.89
1205405307530398 31.89
1205405307590195 31.89
1205405307650108 31.89
1205405307680283 31.87
1205405307720939 31.89
1205405307780794 31.89
1205405307840649 31.89
1205405307900502 31.89
1205405307960359 31.89
1205405308030398 31.87
1205405308080075 31.89
1205405308140932 31.89
1205405308200785 31.89
1205405308260636 31.89
1205405308320492 31.89
1205405308380350 31.89
1205405308440198 31.89
1205405308500078 31.89
1205405308560907 31.89
1205405308630946 31.89
1205405308680617 31.89
1205405308740473 31.89
1205405308800328 31.89
1205405308860182 31.89
1205405308920038 31.87
1205405308980892 31.89
1205405309040748 31.89
1205405309100603 31.89
1205405309160458 31.89
1205405309220342 31.89
1205405309280168 31.87
1205405309340021 31.89
1205405309400880 31.87
1205405309460733 31.89
1205405309520588 31.87
1205405309580441 31.89
1205405309640300 31.89
1205405309700154 31.89
1205405309760011 31.87
1205405309820808 31.89
1205405309880722 31.89
1205405309940575 31.89
1205405400000706 31.89
1205405400060541 31.89
1205405400120399 31.87
1205405400180250 31.87
1205405400240105 31.87
1205405400300958 31.89
1205405400360815 31.89
1205405400420684 31.89
1205405400480525 31.89
1205405400540378 31.89
1205405400600233 31.89
1205405400660088 31.89
1205405400690255 31.89
1205405400730923 31.89
1205405400790746 31.87
1205405400850631 31.89
1205405400910485 31.89
1205405400970339 31.87
1205405401030195 31.87
1205405401090013 31.89
1205405401150906 31.87
1205405401210708 31.87
1205405401270612 31.89
1205405401330470 31.87
1205405401400444 31.89
1205405401450180 31.87
1205405401510033 31.87
1205405401570893 31.87
1205405401630748 31.87
1205405401690602 31.89
1205405401750455 31.87
1205405401810304 31.89
1205405401870163 31.87
1205405401930019 31.87
1205405401990847 31.87
1205405402050734 31.87
1205405402110581 31.89
1205405402170438 31.87
1205405402230292 31.87
1205405402300262 31.89
1205405402350002 31.87
1205405402410856 31.87
1205405402470711 31.87
1205405402530564 31.89
1205405402600539 31.87
1205405402650277 31.87
1205405402710130 31.87
1205405402770986 31.87
1205405402830842 31.87
1205405402890656 31.87
1205405402950552 31.87
1205405403010405 31.87
1205405403070260 31.87
1205405403130116 31.87
1205405403190930 31.87
1205405403250827 31.87
1205405403310680 31.87
1205405403370543 31.87
1205405403430390 31.87
1205405403490212 31.87
1205405403550101 31.87
1205405403610955 31.87
1205405403670810 31.87
1205405403700093 31.87
1205405403740642 31.87
1205405403800497 31.87
1205405403860350 31.87
1205405403920205 31.87
1205405403980061 31.87
1205405404040925 31.87
1205405404100778 31.87
1205405404160629 31.87
1205405404220485 31.87
1205405404280340 31.87
1205405404340199 31.87
1205405404400044 31.87
1205405404460901 31.87
1205405404520755 31.87
1205405404580610 31.87
1205405404640465 31.87
1205405404700321 31.87
1205405404760174 31.87
1205405404820029 31.87
1205405404880884 31.89
1205405404940741 31.87
1205405405000620 31.89
1205405405060449 31.87
1205405405120302 31.89
1205405405180157 31.89
1205405405240013 31.87
1205405405300867 31.89
1205405405360724 31.87
1205405405420580 31.87
1205405405480433 31.85
1205405405540288 31.83
1205405405600141 31.83
1205405405660997 31.83
1205405405720852 31.83
1205405405780707 31.83
1205405405840570 31.83
1205405405900418 31.83
1205405405960275 31.83
1205405406020131 31.83
1205405406080988 31.83
1205405406140840 31.83
1205405406200699 31.83
1205405406260546 31.83
1205405406320401 31.83
1205405406380258 31.83
1205405406440116 31.85
1205405406500980 31.83
1205405406560823 31.83
1205405406620682 31.83
1205405406680534 31.83
1205405406710609 31.83
1205405406750361 31.83
1205405406820408 31.83
1205405406870074 31.83
1205405406930934 31.83
1205405406990738 31.81
1205405407050638 31.79
1205405407110493 31.79
1205405407170350 31.77
1205405407230206 31.79
1205405407300178 31.77
1205405407350917 31.77
1205405407410766 31.79
1205405407470625 31.79
1205405407530487 31.77
1205405407590287 31.77
1205405407650193 31.79
1205405407710046 31.77
1205405407770900 31.79
1205405407830754 31.77
1205405407890579 31.77
1205405407950460 31.79
1205405408010261 31.77
1205405408070173 31.77
1205405408130026 31.77
1205405408190854 31.79
1205405408250737 31.77
1205405408310592 31.77
1205405408370455 31.77
1205405408430304 31.79
1205405408500276 31.77
1205405408550017 31.77
1205405408610890 31.77
1205405408670730 31.77
1205405408730575 31.79
1205405408800550 31.79
1205405408850286 31.79
1205405408910143 31.77
1205405408970999 31.77
1205405409030856 31.79
1205405409100827 31.77
1205405409150563 31.77
1205405409210375 31.79
1205405409270271 31.79
1205405409330124 31.79
1205405409390938 31.79
1205405409450836 31.77
1205405409510689 31.79
1205405409570545 31.79
1205405409630400 31.79
1205405409690260 31.77
1205405409720451 31.77
1205405409760090 31.79
1205405409820948 31.77
1205405409880797 31.79
1205405409940655 31.79
1205405500000791 31.79
1205405500060617 31.79
1205405500120472 31.79
1205405500180327 31.77
1205405500240181 31.79
1205405500300038 31.77
1205405500360892 31.79
1205405500420747 31.77
1205405500480604 31.79
1205405500540461 31.77
1205405500600311 31.79
1205405500660172 31.77
1205405500720027 31.77
1205405500780881 31.77
1205405500840736 31.77
1205405500900586 31.79
1205405500960443 31.77
1205405501020296 31.77
1205405501080151 31.77
1205405501140010 31.77
1205405501200862 31.77
1205405501260718 31.77
1205405501320575 31.77
1205405501380430 31.77
1205405501440285 31.77
1205405501500029 31.79
1205405501560991 31.79
1205405501620847 31.77
1205405501680701 31.77
1205405501740555 31.79
1205405501800412 31.77
1205405501860271 31.77
1205405501920118 31.79
1205405501980974 31.79
1205405502040832 31.77
1205405502100687 31.77
1205405502160540 31.77
1205405502220395 31.77
1205405502280254 31.77
1205405502340109 31.77
1205405502400966 31.77
1205405502460821 31.77
1205405502520670 31.77
1205405502580529 31.77
1205405502640381 31.77
1205405502700250 31.77
1205405502730415 31.77
1205405502770070 31.77
1205405502830922 31.77
1205405502890740 31.77
1205405502950636 31.77
1205405503010486 31.77
1205405503070341 31.77
1205405503130200 31.77
1205405503190020 31.77
1205405503250905 31.77
1205405503310761 31.77
1205405503370616 31.77
1205405503430471 31.77
1205405503500444 31.77
1205405503550180 31.77
1205405503610035 31.77
1205405503670895 31.77
1205405503730746 31.77
1205405503790572 31.77
1205405503850458 31.77
1205405503910310 31.77
1205405503970169 31.77
1205405504030024 31.77
1205405504090839 31.77
1205405504150734 31.77
1205405504210544 31.77
1205405504270440 31.77
1205405504330293 31.77
1205405504400266 31.77
1205405504450002 31.77
1205405504510858 31.77
1205405504570717 31.77
1205405504630576 31.77
1205405504700541 31.77
1205405504750280 31.77
1205405504810136 31.77
1205405504870996 31.77
1205405504930843 31.77
1205405505000815 31.77
1205405505050551 31.77
1205405505110406 31.77
1205405505170262 31.77
1205405505230117 31.77
1205405505300089 31.77
1205405505350834 31.77
1205405505410685 31.77
1205405505470538 31.77
1205405505530394 31.77
1205405505590219 31.79
1205405505650104 31.77
1205405505710964 31.77
1205405505740126 31.77
1205405505780788 31.77
1205405505840641 31.77
1205405505900498 31.77
1205405505960351 31.77
1205405506020206 31.77
1205405506080061 31.77
1205405506140917 31.77
1205405506210966 31.77
1205405506260634 31.77
1205405506320495 31.76
1205405506380338 31.77
1205405506440193 31.77
1205405506500942 31.77
1205405506560903 31.77
1205405506620758 31.77
1205405506680615 31.77
1205405506740471 31.77
1205405506800222 31.77
1205405506860179 31.77
1205405506920034 31.77
1205405506980890 31.77
1205405507040742 31.77
1205405507100597 31.77
1205405507160452 31.77
1205405507220307 31.77
1205405507280164 31.79
1205405507340021 31.77
1205405507400780 31.77
1205405507460727 31.77
1205405507520582 31.79
1205405507580439 31.77
1205405507640295 31.77
1205405507710168 31.77
1205405507760007 31.77
1205405507820859 31.77
1205405507880712 31.77
1205405507940568 31.77
1205405508010503 31.77
1205405508060278 31.77
1205405508120134 31.77
1205405508180990 31.77
1205405508240845 31.77
1205405508300700 31.77
1205405508360553 31.77
1205405508420408 31.77
1205405508480267 31.76
1205405508540117 31.77
1205405508600973 31.77
1205405508660828 31.77
1205405508720681 31.77
1205405508750854 31.76
1205405508800628 31.77
1205405508850366 31.77
1205405508910225 31.77
1205405508970078 31.77
1205405509030938 31.77
1205405509100909 31.77
1205405509150647 31.77
1205405509210457 31.77
1205405509270351 31.77
1205405509330210 31.77
1205405509390028 31.77
1205405509450916 31.77
1205405509510775 31.77
1205405509570630 31.77
1205405509630483 31.77
1205405509690338 31.77
1205405509750197 31.77
1205405509810050 31.77
1205405509870903 31.77
1205405509930758 31.77
1205405509990584 31.77
1205405600050724 31.77
1205405600110577 31.77
1205405600170436 31.77
1205405600230287 31.77
1205405600300264 31.77
1205405600350001 31.77
1205405600410856 31.77
1205405600470711 31.77
1205405600530562 31.77
1205405600600538 31.77
1205405600650276 31.77
1205405600710130 31.77
1205405600770982 31.77
1205405600830837 31.77
1205405600900813 31.77
1205405600950547 31.77
1205405601010406 31.76
1205405601070255 31.77
1205405601130113 31.77
1205405601190938 31.77
1205405601250822 31.77
1205405601310676 31.77
1205405601370531 31.77
1205405601430390 31.77
1205405601500362 31.77
1205405601560106 31.76
1205405601610955 31.77
1205405601670810 31.77
1205405601730661 31.77
1205405601760834 31.77
1205405601810524 31.77
1205405601870354 31.76
1205405601920199 31.77
1205405601980054 31.77
1205405602040909 31.77
1205405602100764 31.77
1205405602160621 31.77
1205405602220476 31.77
1205405602280329 31.77
1205405602340185 31.77
1205405602400038 31.77
1205405602460894 31.77
1205405602520753 31.77
1205405602580606 31.77
1205405602640459 31.77
1205405602710332 31.76
1205405602760168 31.77
1205405602820023 31.77
1205405602880879 31.77
1205405602940736 31.77
1205405603010625 31.77
1205405603060443 31.77
1205405603130308 31.76
1205405603190159 31.77
1205405603250010 31.77
1205405603310867 31.77
1205405603370722 31.77
1205405603430577 31.77
1205405603490432 31.77
1205405603550289 31.77
1205405603610142 31.77
1205405603670998 31.77
1205405603730850 31.77
1205405603790705 31.77
1205405603850560 31.77
1205405603910417 31.77
1205405603970268 31.77
1205405604020122 31.79
1205405604090982 31.77
1205405604150835 31.77
1205405604210690 31.77
1205405604270549 31.77
1205405604330402 31.77
1205405604390258 31.77
1205405604450113 31.77
1205405604500858 31.77
1205405604570822 31.77
1205405604630674 31.77
1205405604690529 31.77
1205405604750384 31.77
1205405604770551 31.77
1205405604820218 31.77
1205405604880069 31.77
1205405604940925 31.77
1205405605000909 31.77
1205405605060635 31.77
1205405605120490 31.77
1205405605180345 31.77
1205405605240201 31.77
1205405605300171 31.77
1205405605360908 31.77
1205405605420768 31.77
1205405605480619 31.77
1205405605540478 31.77
1205405605600450 31.77
1205405605660186 31.77
1205405605720041 31.77
1205405605780897 31.77
1205405605840749 31.77
1205405605900725 31.77
1205405605960457 31.77
1205405606020317 31.77
1205405606080172 31.77
1205405606140027 31.77
1205405606200996 31.77
1205405606260734 31.77
1205405606320589 31.77
1205405606380444 31.77
1205405606440299 31.77
1205405606500270 31.79
1205405606560008 31.79
1205405606620862 31.77
1205405606680727 31.76
1205405606740577 31.77
1205405606800545 31.77
1205405606860285 31.77
1205405606920141 31.77
1205405606980996 31.77
1205405607040848 31.77
1205405607100818 31.77
1205405607160554 31.77
1205405607210374 31.77
1205405607280265 31.77
1205405607340120 31.77
1205405607400092 31.77
1205405607460833 31.77
1205405607520688 31.77
1205405607580543 31.77
1205405607640403 31.76
1205405607700250 31.77
1205405607760105 31.77
1205405607780272 31.77
1205405607830937 31.77
1205405607890795 31.77
1205405607950650 31.77
1205405608000458 31.77
1205405608070354 31.77
1205405608130209 31.77
1205405608190064 31.77
1205405608250921 31.77
1205405608310780 31.76
1205405608370633 31.77
1205405608430488 31.77
1205405608490340 31.77
1205405608550197 31.77
1205405608610052 31.77
1205405608670908 31.77
1205405608730764 31.77
1205405608790615 31.77
1205405608850474 31.76
1205405608910325 31.77
1205405608970180 31.77
1205405609030035 31.77
1205405609090895 31.77
1205405609150748 31.77
1205405609210600 31.77
1205405609270455 31.77
1205405609330312 31.77
1205405609390351 31.77
1205405609450021 31.77
1205405609500809 31.77
1205405609570734 31.77
1205405609630590 31.77
1205405609690441 31.77
1205405609750298 31.77
1205405609810149 31.77
1205405609870003 31.77
1205405609930859 31.77
1205405609990898 31.77
1205405700050823 31.77
1205405700110682 31.77
1205405700170533 31.77
1205405700230390 31.77
1205405700290245 31.77
1205405700350108 31.76
1205405700410959 31.77
1205405700470812 31.77
1205405700530665 31.77
1205405700590710 31.77
1205405700650377 31.77
1205405700710233 31.77
1205405700770084 31.77
1205405700790298 31.76
1205405700840915 31.77
1205405700900891 31.77
1205405700960629 31.77