1205500105930950 32.63
1205500105950124 32.63
1205500106000778 32.59
1205500106060633 32.54
1205500106120485 32.48
1205500106180338 32.42
1205500106240191 32.35
1205500106300050 32.31
1205500106360906 32.26
1205500106420760 32.16
1205500106480615 32.09
1205500106540470 32.03
1205500106600329 32
1205500106660180 31.96
1205500106720036 31.92
1205500106780890 31.9
1205500106840743 31.89
1205500106900598 31.87
1205500106960453 31.85
1205500107020289 31.83
1205500107080160 31.79
1205500107140210 31.76
1205500107200881 31.76
1205500107260728 31.74
1205500107320588 31.72
1205500107380439 31.7
1205500107440296 31.68
1205500107500151 31.66
1205500107560006 31.66
1205500107620859 31.62
1205500107680714 31.62
1205500107740755 31.62
1205500107800422 31.61
1205500107860277 31.61
1205500107920131 31.59
1205500107980987 31.59
1205500108040842 31.59
1205500108100697 31.59
1205500108160551 31.59
1205500108220406 31.57
1205500108280259 31.57
1205500108340108 31.55
1205500108400968 31.55
1205500108460826 31.55
1205500108520730 31.55
1205500108580538 31.55
1205500108640397 31.55
1205500108700246 31.55
1205500108760100 31.55
1205500108820956 31.53
1205500108880813 31.53
1205500108940583 31.53
1205500108960839 31.51
1205500109010498 31.51
1205500109070353 31.51
1205500109130212 31.51
1205500109190062 31.51
1205500109250922 31.51
1205500109310888 31.51
1205500109370624 31.51
1205500109430478 31.51
1205500109490335 31.51
1205500109550190 31.49
1205500109610160 31.51
1205500109670901 31.49
1205500109730756 31.49
1205500109790609 31.46
1205500109850465 31.46
1205500109910437 31.42
1205500109970175 31.42
1205500200030287 31.4
1205500200090141 31.38
1205500200150997 31.38
1205500200210969 31.36
1205500200270707 31.36
1205500200330562 31.35
1205500200390418 31.35
1205500200450269 31.33
1205500200510243 31.29
1205500200570982 31.25
1205500200630839 31.18
1205500200690696 31.12
1205500200750546 31.09
1205500200810516 31.05
1205500200870260 31.03
1205500200930111 30.99
1205500200990967 30.97
1205500201050824 30.94
1205500201110791 30.94
1205500201170528 30.9
1205500201230382 30.88
1205500201290241 30.88
1205500201350098 30.86
1205500201410068 30.84
1205500201470809 30.84
1205500201530669 30.82
1205500201590524 30.82
1205500201650371 30.81
1205500201710226 30.81
1205500201770079 30.81
1205500201830938 30.81
1205500201890791 30.81
1205500201950648 30.79
1205500201970805 30.81
1205500202020467 30.81
1205500202080331 30.81
1205500202140185 30.79
1205500202200042 30.79
1205500202260898 30.79
1205500202320753 30.77
1205500202380608 30.77
1205500202440459 30.77
1205500202500313 30.77
1205500202560168 30.77
1205500202620023 30.77
1205500202680881 30.75
1205500202740736 30.77
1205500202800589 30.77
1205500202860447 30.75
1205500202920300 30.75
1205500202980157 30.75
1205500203040012 30.75
1205500203100866 30.75
1205500203160721 30.75
1205500203220588 30.75
1205500203280430 30.75
1205500203340285 30.75
1205500203400140 30.75
1205500203460999 30.73
1205500203520903 30.73
1205500203580711 30.73
1205500203640564 30.73
1205500203700417 30.73
1205500203760273 30.73
1205500203820128 30.73
1205500203880988 30.73
1205500203940841 30.75
1205500204000692 30.73
1205500204060549 30.73
1205500204120401 30.73
1205500204180256 30.73
1205500204240115 30.73
1205500204300969 30.71
1205500204360822 30.73
1205500204420677 30.73
1205500204480535 30.73
1205500204540394 30.73
1205500204600247 30.73
1205500204660098 30.73
1205500204720966 30.75
1205500204780814 30.73
1205500204840667 30.73
1205500204900518 30.71
1205500204960372 30.71
1205500204980538 30.69
1205500205030199 30.68
1205500205090055 30.68
1205500205150911 30.68
1205500205210881 30.68
1205500205270621 30.66
1205500205330664 30.66
1205500205390333 30.66
1205500205450188 30.66
1205500205510157 30.68
1205500205570898 30.66
1205500205630751 30.68
1205500205690606 30.66
1205500205750459 30.68
1205500205810432 30.66
1205500205870169 30.66
1205500205930038 30.68
1205500205990879 30.68
1205500206050732 30.68
1205500206110707 30.66
1205500206170444 30.66
1205500206230298 30.68
1205500206290153 30.68
1205500206350006 30.68
1205500206410979 30.68
1205500206470717 30.68
1205500206530606 30.66
1205500206590428 30.68
1205500206650285 30.66
1205500206710142 30.68
1205500206770998 30.68
1205500206830851 30.66
1205500206890704 30.68
1205500206950560 30.66
1205500207010534 30.68
1205500207070272 30.68
1205500207130149 30.68
1205500207190979 30.68
1205500207250841 30.66
1205500207310811 30.66
1205500207370545 30.66
1205500207430404 30.66
1205500207490253 30.68
1205500207550114 30.66
1205500207610085 30.66
1205500207670820 30.64
1205500207730628 30.66
1205500207790528 30.64
1205500207850384 30.66
1205500207910354 30.64
1205500207970092 30.64
1205500207990257 30.64
1205500208040925 30.64
1205500208100778 30.64
1205500208160633 30.64
1205500208220488 30.64
1205500208280343 30.64
1205500208340198 30.64
1205500208400053 30.64
1205500208460911 30.66
1205500208520818 30.64
1205500208580622 30.66
1205500208640476 30.64
1205500208700330 30.64
1205500208760188 30.66
1205500208820039 30.66
1205500208880895 30.64
1205500208940750 30.64
1205500209000607 30.66
1205500209060457 30.64
1205500209120312 30.64
1205500209180167 30.64
1205500209240021 30.64
1205500209300879 30.64
1205500209360732 30.66
1205500209420587 30.64
1205500209480446 30.64
1205500209540301 30.64
1205500209600152 30.64
1205500209660010 30.66
1205500209720873 30.64
1205500209780721 30.64
1205500209840576 30.64
1205500209900431 30.66
1205500209960282 30.66
1205500300020380 30.64
1205500300080247 30.66
1205500300140102 30.66
1205500300200958 30.66
1205500300260811 30.66
1205500300320668 30.66
1205500300380523 30.68
1205500300440379 30.66
1205500300500230 30.66
1205500300560085 30.66
1205500300620942 30.66
1205500300680797 30.66
1205500300740650 30.64
1205500300800505 30.66
1205500300860360 30.66
1205500300920218 30.64
1205500300980071 30.66
1205500301000237 30.66
1205500301050901 30.66
1205500301110876 30.66
1205500301170612 30.66
1205500301230473 30.66
1205500301290320 30.66
1205500301350176 30.66
1205500301410148 30.66
1205500301470887 30.66
1205500301530740 30.66
1205500301590595 30.66
1205500301650450 30.66
1205500301710306 30.66
1205500301770167 30.66
1205500301830020 30.66
1205500301890872 30.66
1205500301950731 30.66
1205500302010704 30.66
1205500302070442 30.66
1205500302130289 30.66
1205500302190147 30.66
1205500302250000 30.66
1205500302310975 30.66
1205500302370711 30.66
1205500302430564 30.66
1205500302490419 30.66
1205500302550275 30.66
1205500302610247 30.66
1205500302670984 30.66
1205500302730839 30.66
1205500302790694 30.66
1205500302850550 30.66
1205500302910524 30.66
1205500302970258 30.66
1205500303030115 30.66
1205500303090973 30.66
1205500303150829 30.66
1205500303210801 30.66
1205500303270539 30.66
1205500303330392 30.66
1205500303390245 30.66
1205500303450101 30.66
1205500303510955 30.66
1205500303570809 30.66
1205500303630664 30.66
1205500303690521 30.66
1205500303750376 30.66
1205500303810347 30.66
1205500303870082 30.66
1205500303930939 30.64
1205500303990796 30.66
1205500304010079 30.64
1205500304060625 30.66
1205500304120520 30.66
1205500304180338 30.66
1205500304240191 30.66
1205500304300044 30.66
1205500304360900 30.66
1205500304420756 30.66
1205500304480611 30.66
1205500304540466 30.66
1205500304600319 30.66
1205500304660174 30.66
1205500304720127 30.64
1205500304780888 30.66
1205500304840741 30.66
1205500304900596 30.66
1205500304960451 30.66
1205500305020324 30.66
1205500305080160 30.66
1205500305140017 30.66
1205500305200871 30.66
1205500305260727 30.66
1205500305320562 30.66
1205500305380437 30.66
1205500305440290 30.66
1205500305500145 30.66
1205500305570000 30.66
1205500305620855 30.66
1205500305680712 30.66
1205500305740567 30.66
1205500305800426 30.66
1205500305860279 30.66
1205500305920131 30.66
1205500305980991 30.66
1205500306040846 30.66
1205500306100699 30.66
1205500306160550 30.66
1205500306220406 30.66
1205500306280261 30.66
1205500306340116 30.66
1205500306400972 30.66
1205500306460825 30.66
1205500306520647 30.66
1205500306580536 30.66
1205500306640387 30.66
1205500306700244 30.66
1205500306760100 30.66
1205500306820956 30.66
1205500306880809 30.66
1205500306940664 30.66
1205500307000519 30.66
1205500307020719 30.66
1205500307070348 30.66
1205500307130204 30.66
1205500307190059 30.66
1205500307250911 30.66
1205500307310766 30.66
1205500307370621 30.66
1205500307430477 30.66
1205500307490334 30.66
1205500307550187 30.66
1205500307610157 30.66
1205500307670896 30.66
1205500307730752 30.66
1205500307790607 30.66
1205500307850460 30.66
1205500307910432 30.66
1205500307970171 30.66
1205500308030026 30.66
1205500308090882 30.66
1205500308150736 30.66
1205500308210710 30.66
1205500308270448 30.66
1205500308330303 30.66
1205500308390158 30.66
1205500308450009 30.66
1205500308510982 30.66
1205500308570721 30.66
1205500308630576 30.66
1205500308690429 30.66
1205500308750286 30.66
1205500308810257 30.66
1205500308870997 30.66
1205500308930851 30.66
1205500308990712 30.66
1205500309050561 30.66
1205500309110416 30.66
1205500309170275 30.66
1205500309230134 30.66
1205500309290983 30.66
1205500309350840 30.66
1205500309410806 30.66
1205500309470546 30.66
1205500309530400 30.66
1205500309590261 30.64
1205500309650108 30.66
1205500309710153 30.66
1205500309770825 30.66
1205500309830681 30.66
1205500309890532 30.66
1205500309950385 30.66
1205500400010613 30.66
1205500400030709 30.66
1205500400080327 30.66
1205500400140180 30.66
1205500400200035 30.66
1205500400260893 30.68
1205500400320755 30.66
1205500400380600 30.68
1205500400440455 30.66
1205500400500312 30.68
1205500400560167 30.68
1205500400620019 30.68
1205500400680875 30.68
1205500400740732 30.68
1205500400800585 30.68
1205500400860441 30.68
1205500400920292 30.68
1205500400980153 30.66
1205500401040004 30.68
1205500401100863 30.66
1205500401160716 30.68
1205500401220569 30.68
1205500401280430 30.66
1205500401340281 30.68
1205500401400134 30.66
1205500401460990 30.66
1205500401520865 30.68
1205500401580699 30.68
1205500401640552 30.68
1205500401700405 30.68
1205500401760261 30.69
1205500401820116 30.69
1205500401880976 30.71
1205500401940827 30.71
1205500402000684 30.73
1205500402060538 30.73
1205500402120393 30.73
1205500402180246 30.75
1205500402240102 30.75
1205500402300956 30.75
1205500402360811 30.75
1205500402420663 30.77
1205500402480520 30.75
1205500402540375 30.75
1205500402600232 30.75
1205500402660089 30.75
1205500402720955 30.77
1205500402780797 30.77
1205500402840652 30.77
1205500402900507 30.77
1205500402960364 30.75
1205500403020235 30.77
1205500403040410 30.77
1205500403090045 30.77
1205500403150901 30.77
1205500403210875 30.77
1205500403270610 30.77
1205500403330465 30.77
1205500403390320 30.77
1205500403450177 30.77
1205500403510149 30.77
1205500403570887 30.77
1205500403630746 30.77
1205500403690597 30.77
1205500403750452 30.77
1205500403810309 30.75
1205500403870164 30.77
1205500403930016 30.77
1205500403990876 30.77
1205500404050731 30.77
1205500404110586 30.77
1205500404170441 30.75
1205500404230443 30.77
1205500404290148 30.75
1205500404350007 30.75
1205500404410978 30.77
1205500404470712 30.77
1205500404530569 30.77
1205500404590425 30.77
1205500404650280 30.77
1205500404710135 30.77
1205500404770985 30.77
1205500404830840 30.77
1205500404890693 30.77
1205500404950551 30.77
1205500405010523 30.77
1205500405070265 30.77
1205500405130118 30.77
1205500405190974 30.77
1205500405250832 30.75
1205500405310800 30.77
1205500405370540 30.77
1205500405430392 30.77
1205500405490247 30.77
1205500405550098 30.77
1205500405610074 30.77
1205500405670807 30.77
1205500405730662 30.77
1205500405790519 30.77
1205500405850375 30.77
1205500405910351 30.77
1205500405970087 30.77
1205500406030937 30.77
1205500406050105 30.77
1205500406100769 30.77
1205500406160624 30.77
1205500406220477 30.77
1205500406280336 30.77
1205500406340187 30.77
1205500406400043 30.79
1205500406460899 30.77
1205500406520793 30.77
1205500406580607 30.77
1205500406640463 30.77
1205500406700322 30.77
1205500406760175 30.77
1205500406820030 30.77
1205500406880886 30.77
1205500406940742 30.77
1205500407000597 30.77
1205500407060450 30.77
1205500407120301 30.77
1205500407180156 30.77
1205500407240012 30.77
1205500407300868 30.77
1205500407360721 30.77
1205500407420576 30.77
1205500407480431 30.77
1205500407540287 30.77
1205500407600146 30.77
1205500407660998 30.77
1205500407720869 30.77
1205500407780710 30.77
1205500407840565 30.77
1205500407900606 30.77
1205500407960274 30.75
1205500408020135 30.77
1205500408080979 30.77
1205500408140835 30.77
1205500408200690 30.77
1205500408260543 30.77
1205500408320398 30.77
1205500408380255 30.77
1205500408440111 30.77
1205500408500977 30.77
1205500408560828 30.75
1205500408620681 30.77
1205500408680533 30.77
1205500408740388 30.77
1205500408800241 30.77
1205500408860100 30.77
1205500408920964 30.77
1205500408980806 30.75
1205500409040665 30.77
1205500409060828 30.77
1205500409110494 30.77
1205500409170346 30.77
1205500409230351 30.77
1205500409290054 30.77
1205500409350910 30.75
1205500409410881 30.77
1205500409470620 30.77
1205500409530474 30.77
1205500409590331 30.75
1205500409650184 30.77
1205500409710037 30.77
1205500409770893 30.77
1205500409830749 30.77
1205500409890604 30.77
1205500409950457 30.77
1205500500010568 30.77
1205500500070423 30.77
1205500500130279 30.77
1205500500190132 30.77
1205500500250988 30.77
1205500500310845 30.77
1205500500370700 30.77
1205500500430561 30.75
1205500500490414 30.77
1205500500550270 30.77
1205500500610239 30.77
1205500500670978 30.77
1205500500730830 30.77
1205500500790685 30.77
1205500500850540 30.77
1205500500910397 30.75
1205500500970250 30.75
1205500501030106 30.75
1205500501090962 30.75
1205500501150815 30.77
1205500501210668 30.77
1205500501270527 30.77
1205500501330385 30.75
1205500501390236 30.75
1205500501450089 30.77
1205500501510065 30.75
1205500501570799 30.77
1205500501630654 30.77
1205500501690509 30.77
1205500501750362 30.79
1205500501810215 30.81
1205500501870072 30.84
1205500501930928 30.84
1205500501990783 30.86
1205500502050639 30.86
1205500502070804 30.86
1205500502120471 30.88
1205500502180329 30.88
1205500502240185 30.88
1205500502300038 30.9
1205500502360894 30.9
1205500502420749 30.88
1205500502480598 30.9
1205500502540454 30.9
1205500502600307 30.9
1205500502660162 30.88
1205500502720033 30.88
1205500502780876 30.88
1205500502840733 30.9
1205500502900584 30.9
1205500502960435 30.9
1205500503020310 30.9
1205500503080146 30.9
1205500503140001 30.9
1205500503200855 30.9
1205500503260712 30.9
1205500503320568 30.9
1205500503380423 30.9
1205500503440276 30.9
1205500503500131 30.9
1205500503560985 30.9
1205500503620841 30.9
1205500503680695 30.9
1205500503740550 30.9
1205500503800405 30.9
1205500503860259 30.9
1205500503920114 30.9
1205500503980970 30.9
1205500504040825 30.9
1205500504100681 30.9
1205500504160538 30.88
1205500504220403 30.9
1205500504280244 30.9
1205500504340100 30.9
1205500504400956 30.9
1205500504460809 30.9
1205500504520733 30.9
1205500504580520 30.9
1205500504640377 30.9
1205500504700230 30.9
1205500504760085 30.9
1205500504820945 30.9
1205500504880800 30.9
1205500504940655 30.9
1205500505000506 30.9
1205500505060360 30.9
1205500505080525 30.9
1205500505130191 30.9
1205500505190047 30.9
1205500505250899 30.9
1205500505310872 30.92
1205500505370609 30.9
1205500505430465 30.9
1205500505490505 30.9
1205500505550175 30.88
1205500505610028 30.9
1205500505670886 30.9
1205500505730742 30.9
1205500505790597 30.9
1205500505850452 30.9
1205500505910422 30.9
1205500505970160 30.9
1205500506030016 30.9
1205500506090056 30.9
1205500506150727 30.9
1205500506210699 30.88
1205500506270435 30.9
1205500506330290 30.9
1205500506390145 30.9
1205500506450000 30.9
1205500506510854 30.9
1205500506570710 30.9
1205500506630569 30.9
1205500506690448 30.9
1205500506750279 30.9
1205500506810250 30.9
1205500506870988 30.92
1205500506930840 30.9
1205500506990695 30.9
1205500507050550 30.9
1205500507110521 30.9
1205500507170257 30.9
1205500507230265 30.9
1205500507290944 30.9
1205500507350823 30.9
1205500507410678 30.9
1205500507470532 30.9
1205500507530389 30.9
1205500507590244 30.9
1205500507650098 30.9
1205500507710954 30.92
1205500507770811 30.88
1205500507830664 30.9
1205500507890546 30.9
1205500507950372 30.9
1205500508010227 30.9
1205500508070084 30.9
1205500508090288 30.9
1205500508140915 30.9
1205500508200772 30.88
1205500508260625 30.9
1205500508320478 30.9
1205500508380333 30.9
1205500508440193 30.9
1205500508500044 30.9
1205500508560902 30.9
1205500508620753 30.9
1205500508680608 30.9
1205500508740464 30.9
1205500508800319 30.9
1205500508860172 30.9
1205500508920028 30.9
1205500508980882 30.9
1205500509040739 30.9
1205500509100593 30.9
1205500509160448 30.9
1205500509220305 30.88
1205500509280158 30.9
1205500509340017 30.9
1205500509400871 30.88
1205500509460724 30.88
1205500509520634 30.9
1205500509580433 30.9
1205500509640288 30.9
1205500509700141 30.9
1205500509760998 30.9
1205500509820853 30.92
1205500509880708 30.9
1205500509940563 30.9
1205500600000418 30.9
1205500600060528 30.9
1205500600120401 30.9
1205500600180242 30.9
1205500600240094 30.9
1205500600300948 30.9
1205500600360803 30.9
1205500600420658 30.9
1205500600480513 30.9
1205500600540367 30.9
1205500600600224 30.88
1205500600660081 30.9
1205500600720947 30.9
1205500600780789 30.9
1205500600840642 30.9
1205500600900497 30.9
1205500600960352 30.92
1205500601020233 30.9
1205500601080063 30.9
1205500601100245 30.9
1205500601150897 30.88
1205500601210872 30.9
1205500601270610 30.9
1205500601330459 30.9
1205500601390320 30.88
1205500601450175 30.88
1205500601510029 30.88
1205500601570879 30.9
1205500601630734 30.88
1205500601690587 30.9
1205500601750442 30.9
1205500601810298 30.9
1205500601870153 30.9
1205500601930008 30.88
1205500601990864 30.9
1205500602050724 30.9
1205500602110579 30.9
1205500602170432 30.9
1205500602230440 30.9
1205500602290143 30.9
1205500602350999 30.9
1205500602410967 30.9
1205500602470709 30.9
1205500602530556 30.9
1205500602590411 30.9
1205500602650268 30.88
1205500602710124 30.88
1205500602770980 30.88
1205500602830831 30.86
1205500602890686 30.86
1205500602950541 30.86
1205500603010396 30.86
1205500603070251 30.86
1205500603130105 30.86
1205500603190961 30.86
1205500603250816 30.86
1205500603310672 30.86
1205500603370525 30.86
1205500603430380 30.86
1205500603490239 30.86
1205500603550098 30.88
1205500603610954 30.88
1205500603670804 30.88
1205500603730657 30.88
1205500603790512 30.88
1205500603850366 30.88
1205500603910223 30.88
1205500603970078 30.88
1205500604030938 30.88
1205500604090793 30.88
1205500604110070 30.88
1205500604160623 30.88
1205500604220485 30.88
1205500604280511 30.88
1205500604340180 30.88
1205500604400035 30.88
1205500604460892 30.88
1205500604520811 30.88
1205500604580600 30.9
1205500604640457 30.88
1205500604700312 30.88
1205500604760173 30.88
1205500604820037 30.88
1205500604880875 30.88
1205500604940734 30.88
1205500605000593 30.88
1205500605060449 30.88
1205500605120314 30.88
1205500605180149 30.9
1205500605240007 30.88
1205500605300867 30.88
1205500605360716 30.88
1205500605420579 30.88
1205500605480352 30.88
1205500605540288 30.88
1205500605600139 30.88
1205500605660997 30.88
1205500605720866 30.88
1205500605780707 30.88
1205500605840557 30.9
1205500605900418 30.88
1205500605960271 30.88
1205500606020185 30.88
1205500606080988 30.88
1205500606140834 30.88
1205500606200689 30.88
1205500606260546 30.88
1205500606320394 30.9
1205500606380251 30.88
1205500606440102 30.88
1205500606500958 30.88
1205500606560811 30.9
1205500606620671 30.88
1205500606680527 30.88
1205500606740381 30.88
1205500606800234 30.88
1205500606860085 30.9
1205500606920946 30.88
1205500606980801 30.88
1205500607040656 30.88
1205500607100509 30.88
1205500607120725 30.88
1205500607170338 30.86
1205500607230348 30.88
1205500607290051 30.88
1205500607350903 30.88
1205500607410758 30.88
1205500607470613 30.88
1205500607530471 30.88
1205500607590324 30.88
1205500607650177 30.88
1205500607710032 30.88
1205500607770886 30.9
1205500607830743 30.88
1205500607890599 30.88
1205500607950456 30.88
1205500608010305 30.9
1205500608070162 30.88
1205500608130020 30.88
1205500608190876 30.88
1205500608250729 30.88
1205500608310584 30.88
1205500608370440 30.88
1205500608430291 30.88
1205500608490146 30.88
1205500608550001 30.88
1205500608610859 30.88
1205500608670715 30.88
1205500608730568 30.9
1205500608790425 30.88
1205500608850280 30.88
1205500608910134 30.88
1205500608970990 30.88
1205500609030843 30.88
1205500609090698 30.88
1205500609150551 30.88
1205500609210406 30.88
1205500609270262 30.88
1205500609330115 30.9
1205500609390971 30.9
1205500609450829 30.88
1205500609510681 30.88
1205500609570539 30.88
1205500609630392 30.88
1205500609690247 30.88
1205500609750100 30.88
1205500609810957 30.88
1205500609870812 30.88
1205500609930666 30.88
1205500609990521 30.88
1205500700050631 30.88
1205500700110488 30.88
1205500700130679 30.88
1205500700180318 30.88
1205500700240173 30.88
1205500700300026 30.88
1205500700360884 30.88
1205500700420739 30.88
1205500700480593 30.88
1205500700540448 30.88
1205500700600303 30.88
1205500700660158 30.88
1205500700720025 30.88
1205500700780863 30.86
1205500700840721 30.88
1205500700900576 30.88
1205500700960433 30.88
1205500701020347 30.88
1205500701080141 30.88
1205500701140998 30.88
1205500701200853 30.88
1205500701260708 30.88
1205500701320562 30.88
1205500701380415 30.88
1205500701440272 30.88
1205500701500125 30.88
1205500701560983 30.88
1205500701620836 30.88
1205500701680689 30.88
1205500701740545 30.88
1205500701800400 30.88
1205500701860255 30.88
1205500701920108 30.88