1205001308090983 33.52
1205001308150839 33.52
1205001308210694 33.5
1205001308270549 33.5
1205001308330403 33.5
1205001308390256 33.49
1205001308450111 33.49
1205001308510967 33.49
1205001308570819 33.47
1205001308590999 33.47
1205001308640650 33.45
1205001308700505 33.45
1205001308760358 33.41
1205001308820229 33.41
1205001308880067 33.41
1205001308940923 33.15
1205001309000780 33.15
1205001309060635 33.15
1205001309120485 33.15
1205001309180344 33.15
1205001309240197 33.15
1205001309300052 33.15
1205001309360914 33.13
1205001309420762 33
1205001309480621 32.83
1205001309540476 32.69
1205001309600335 32.63
1205001309660190 32.63
1205001309720264 32.61
1205001309780892 32.61
1205001309840755 32.63
1205001309900606 32.61
1205001309960462 32.63
1205001400020793 32.61
1205001400080425 32.61
1205001400140281 32.61
1205001400200132 32.61
1205001400260992 32.61
1205001400320845 32.61
1205001400380700 32.63
1205001400440556 32.61
1205001400500407 32.61
1205001400560264 32.63
1205001400620127 32.63
1205001400680979 32.63
1205001400740827 32.69
1205001400800686 32.69
1205001400860539 32.69
1205001400920406 32.7
1205001400980248 32.7
1205001401040103 32.7
1205001401100959 32.7
1205001401160815 32.69
1205001401220687 32.69
1205001401280525 32.7
1205001401340378 32.69
1205001401400233 32.7
1205001401460089 32.7
1205001401520174 32.7
1205001401580798 32.7
1205001401600979 32.7
1205001401650631 32.76
1205001401710485 32.8
1205001401770338 32.82
1205001401830189 32.83
1205001401890042 32.83
1205001401950899 32.83
1205001402010756 32.82
1205001402070615 32.8
1205001402130484 32.82
1205001402190323 32.82
1205001402250179 32.8
1205001402310038 32.8
1205001402370888 32.78
1205001402430747 32.78
1205001402490597 32.78
1205001402550454 32.76
1205001402610309 32.76
1205001402670165 32.76
1205001402730936 32.7
1205001402790874 32.65
1205001402850729 32.59
1205001402910588 32.52
1205001402970439 32.48
1205001403030294 32.48
1205001403090151 32.48
1205001403150003 32.48
1205001403210855 32.5
1205001403270712 32.48
1205001403330581 32.48
1205001403390422 32.48
1205001403450280 32.48
1205001403510135 32.48
1205001403570989 32.46
1205001403630842 32.46
1205001403690697 32.46
1205001403750553 32.44
1205001403810406 32.42
1205001403870263 32.41
1205001403930118 32.37
1205001403990971 32.35
1205001404050826 32.33
1205001404110681 32.33
1205001404170537 32.33
1205001404230394 32.31
1205001404290245 32.29
1205001404350100 32.29
1205001404410958 32.26
1205001404470812 32.22
1205001404530667 32.16
1205001404590521 32.11
1205001404610701 32.09
1205001404660348 32.05
1205001404720434 32.03
1205001404780068 32
1205001404840921 31.98
1205001404900777 31.94
1205001404960632 31.92
1205001405020710 31.92
1205001405080338 31.92
1205001405140194 31.92
1205001405200047 31.9
1205001405260901 31.89
1205001405320774 31.85
1205001405380610 31.81
1205001405440473 31.76
1205001405500328 31.76
1205001405560179 31.74
1205001405620034 31.74
1205001405680886 31.74
1205001405740744 31.74
1205001405800603 31.72
1205001405860452 31.74
1205001405920311 31.74
1205001405980162 31.74
1205001406040020 31.72
1205001406100873 31.7
1205001406160728 31.7
1205001406220596 31.68
1205001406280437 31.62
1205001406340290 31.59
1205001406400143 31.57
1205001406470000 31.55
1205001406520081 31.55
1205001406580708 31.55
1205001406640563 31.55
1205001406700418 31.55
1205001406760273 31.53
1205001406820185 31.53
1205001406880984 31.51
1205001406940840 31.46
1205001407000701 31.44
1205001407060550 31.42
1205001407120421 31.44
1205001407180260 31.42
1205001407240114 31.42
1205001407300968 31.42
1205001407360823 31.42
1205001407420681 31.42
1205001407480534 31.42
1205001407540389 31.42
1205001407600242 31.42
1205001407620521 31.42
1205001407670076 31.4
1205001407730930 31.35
1205001407790784 31.33
1205001407850641 31.33
1205001407910494 31.31
1205001407970347 31.31
1205001408030203 31.31
1205001408090058 31.31
1205001408150914 31.31
1205001408210769 31.31
1205001408270625 31.31
1205001408330478 31.31
1205001408390333 31.31
1205001408450190 31.29
1205001408510043 31.29
1205001408570900 31.27
1205001408630753 31.29
1205001408690608 31.27
1205001408750463 31.27
1205001408810316 31.27
1205001408870171 31.29
1205001408930027 31.27
1205001408990884 31.27
1205001409050738 31.29
1205001409110593 31.27
1205001409170448 31.27
1205001409230303 31.25
1205001409290159 31.25
1205001409350014 31.25
1205001409410868 31.25
1205001409470721 31.23
1205001409530579 31.23
1205001409590432 31.23
1205001409650289 31.23
1205001409710142 31.23
1205001409770999 31.23
1205001409830852 31.23
1205001409890707 31.23
1205001409950562 31.22
1205001500010673 31.18
1205001500070528 31.14
1205001500130383 31.1
1205001500190241 31.12
1205001500250094 31.12
1205001500310950 31.12
1205001500370805 31.12
1205001500430660 31.12
1205001500490513 31.1
1205001500550367 31.1
1205001500610222 31.1
1205001500630426 31.09
1205001500680052 31.09
1205001500740906 31.05
1205001500800766 31.03
1205001500860617 30.99
1205001500920466 30.97
1205001500980323 30.97
1205001501040184 30.96
1205001501100040 30.96
1205001501160894 30.96
1205001501220757 30.96
1205001501280602 30.96
1205001501340458 30.94
1205001501400313 30.96
1205001501460166 30.94
1205001501520035 30.96
1205001501580875 30.92
1205001501640731 30.92
1205001501700586 30.9
1205001501760441 30.92
1205001501820301 30.92
1205001501880151 30.92
1205001501940006 30.92
1205001502000863 30.92
1205001502060718 30.92
1205001502120799 30.9
1205001502180426 30.92
1205001502240279 30.9
1205001502300136 30.88
1205001502360991 30.84
1205001502420853 30.79
1205001502480705 30.71
1205001502540558 30.64
1205001502600411 30.58
1205001502660267 30.56
1205001502720346 30.55
1205001502780976 30.55
1205001502840832 30.55
1205001502900686 30.55
1205001502960542 30.53
1205001503020624 30.55
1205001503080250 30.53
1205001503140105 30.53
1205001503200959 30.51
1205001503260815 30.45
1205001503320713 30.43
1205001503380525 30.42
1205001503440386 30.4
1205001503500241 30.4
1205001503560097 30.4
1205001503620963 30.4
1205001503640142 30.38
1205001503690775 30.38
1205001503750628 30.38
1205001503810489 30.4
1205001503870339 30.38
1205001503930196 30.38
1205001503990051 30.34
1205001504050909 30.32
1205001504110950 30.32
1205001504170614 30.34
1205001504230475 30.32
1205001504290328 30.32
1205001504350181 30.32
1205001504410037 30.32
1205001504470889 30.34
1205001504530749 30.32
1205001504590604 30.32
1205001504650459 30.32
1205001504710498 30.32
1205001504770165 30.32
1205001504830023 30.32
1205001504890879 30.32
1205001504950734 30.32
1205001505010589 30.32
1205001505070444 30.32
1205001505130301 30.32
1205001505190154 30.32
1205001505250008 30.3
1205001505310899 30.32
1205001505370721 30.32
1205001505430573 30.3
1205001505490427 30.3
1205001505550277 30.29
1205001505610132 30.29
1205001505670990 30.29
1205001505730843 30.29
1205001505790698 30.29
1205001505850554 30.27
1205001505910347 30.27
1205001505970262 30.27
1205001506030115 30.29
1205001506090971 30.27
1205001506150827 30.27
1205001506210682 30.27
1205001506270537 30.27
1205001506330391 30.27
1205001506390246 30.27
1205001506450101 30.25
1205001506510971 30.25
1205001506570811 30.25
1205001506630666 30.25
1205001506650846 30.25
1205001506700497 30.25
1205001506760352 30.25
1205001506820247 30.25
1205001506880061 30.25
1205001506940917 30.25
1205001507000772 30.25
1205001507060627 30.25
1205001507120502 30.25
1205001507180336 30.25
1205001507240191 30.25
1205001507300046 30.25
1205001507360901 30.25
1205001507420801 30.25
1205001507480611 30.25
1205001507540467 30.25
1205001507600320 30.23
1205001507660175 30.25
1205001507720259 30.25
1205001507780886 30.25
1205001507840742 30.25
1205001507900595 30.25
1205001507960451 30.23
1205001508020532 30.23
1205001508080161 30.25
1205001508140014 30.23
1205001508200870 30.25
1205001508260725 30.23
1205001508320620 30.23
1205001508380438 30.23
1205001508440289 30.23
1205001508500144 30.23
1205001508570000 30.23
1205001508620902 30.23
1205001508680710 30.23
1205001508740564 30.23
1205001508800419 30.25
1205001508860274 30.25
1205001508920151 30.23
1205001508980986 30.23
1205001509040839 30.23
1205001509100694 30.25
1205001509160549 30.23
1205001509220440 30.25
1205001509280258 30.23
1205001509340113 30.23
1205001509400969 30.25
1205001509460824 30.25
1205001509520908 30.23
1205001509580533 30.23
1205001509640388 30.25
1205001509660569 30.25
1205001509710220 30.23
1205001509770073 30.25
1205001509830931 30.23
1205001509890786 30.23
1205001509950642 30.23
1205001600010752 30.25
1205001600070605 30.23
1205001600130461 30.23
1205001600190316 30.23
1205001600250171 30.23
1205001600310026 30.25
1205001600370880 30.23
1205001600430736 30.23
1205001600490589 30.23
1205001600550444 30.25
1205001600610295 30.23
1205001600670152 30.23
1205001600730004 30.23
1205001600790860 30.23
1205001600850717 30.23
1205001600910572 30.23
1205001600970424 30.23
1205001601030281 30.25
1205001601090136 30.25
1205001601150992 30.25
1205001601210847 30.23
1205001601270701 30.25
1205001601330556 30.23
1205001601390413 30.23
1205001601450263 30.23
1205001601510122 30.23
1205001601570978 30.23
1205001601630833 30.23
1205001601690684 30.23
1205001601750540 30.23
1205001601810393 30.23
1205001601870248 30.25
1205001601930107 30.23
1205001601990959 30.23
1205001602050815 30.25
1205001602110672 30.23
1205001602170527 30.23
1205001602230382 30.23
1205001602290233 30.23
1205001602350088 30.23
1205001602410942 30.25
1205001602470798 30.23
1205001602530654 30.25
1205001602590508 30.25
1205001602650363 30.23
1205001602670542 30.25
1205001602720423 30.23
1205001602780048 30.25
1205001602840904 30.23
1205001602900720 30.25
1205001602960613 30.23
1205001603020468 30.23
1205001603080325 30.19
1205001603140182 30.16
1205001603200033 30.14
1205001603260892 30.16
1205001603320798 30.14
1205001603380606 30.14
1205001603440461 30.14
1205001603500334 30.14
1205001603560170 30.14
1205001603620044 30.14
1205001603680875 30.14
1205001603740728 30.14
1205001603800584 30.14
1205001603860439 30.14
1205001603920349 30.14
1205001603980151 30.14
1205001604040002 30.14
1205001604100872 30.14
1205001604160720 30.14
1205001604220624 30.14
1205001604280430 30.16
1205001604340285 30.14
1205001604400139 30.14
1205001604460995 30.14
1205001604520850 30.14
1205001604580706 30.14
1205001604640559 30.14
1205001604700410 30.14
1205001604760265 30.14
1205001604820165 30.14
1205001604880980 30.14
1205001604940834 30.14
1205001605000689 30.14
1205001605060540 30.14
1205001605120431 30.14
1205001605180248 30.14
1205001605240104 30.14
1205001605300960 30.14
1205001605360813 30.14
1205001605420711 30.12
1205001605480523 30.14
1205001605540377 30.14
1205001605600234 30.12
1205001605660089 30.12
1205001605680272 30.14
1205001605730918 30.14
1205001605790773 30.14
1205001605850628 30.14
1205001605910483 30.14
1205001605970338 30.14
1205001606030192 30.14
1205001606090049 30.12
1205001606150903 30.14
1205001606210758 30.14
1205001606270612 30.14
1205001606330469 30.12
1205001606390322 30.14
1205001606450178 30.14
1205001606510035 30.12
1205001606570889 30.14
1205001606630746 30.12
1205001606690599 30.14
1205001606750454 30.14
1205001606810311 30.12
1205001606870165 30.14
1205001606930016 30.14
1205001606990872 30.14
1205001607050727 30.14
1205001607110582 30.14
1205001607170436 30.14
1205001607230295 30.12
1205001607290146 30.14
1205001607350002 30.14
1205001607410856 30.14
1205001607470713 30.14
1205001607530566 30.14
1205001607590422 30.14
1205001607650281 30.14
1205001607710134 30.14
1205001607770992 30.12
1205001607830847 30.12
1205001607890701 30.14
1205001607950554 30.14
1205001608010409 30.14
1205001608070264 30.14
1205001608130124 30.14
1205001608190980 30.14
1205001608250829 30.14
1205001608310686 30.12
1205001608370539 30.14
1205001608430396 30.12
1205001608490437 30.12
1205001608550105 30.12
1205001608610959 30.14
1205001608670814 30.12
1205001608690037 30.14
1205001608740646 30.14
1205001608800499 30.14
1205001608860354 30.14
1205001608920240 30.14
1205001608980064 30.14
1205001609040921 30.14
1205001609100774 30.14
1205001609160627 30.14
1205001609220535 30.14
1205001609280339 30.14
1205001609340193 30.14
1205001609400048 30.14
1205001609460904 30.14
1205001609520759 30.14
1205001609580614 30.14
1205001609640467 30.14
1205001609700323 30.12
1205001609760176 30.14
1205001609820074 30.14
1205001609880888 30.14
1205001609940741 30.14
1205001700000600 30.12
1205001700060707 30.14
1205001700120636 30.12
1205001700180419 30.14
1205001700240275 30.14
1205001700300128 30.12
1205001700360986 30.14
1205001700420880 30.12
1205001700480690 30.14
1205001700540544 30.14
1205001700600399 30.14
1205001700660254 30.14
1205001700720338 30.14
1205001700780963 30.14
1205001700840819 30.14
1205001700900674 30.14
1205001700960531 30.12
1205001701020383 30.14
1205001701080246 30.14
1205001701140099 30.12
1205001701200959 30.12
1205001701260811 30.12
1205001701320744 30.12
1205001701380517 30.12
1205001701440370 30.1
1205001701500225 30.1
1205001701560081 30.12
1205001701620995 30.1
1205001701680792 30.12
1205001701700990 30.1
1205001701750622 30.12
1205001701810473 30.1
1205001701870336 30.12
1205001701930187 30.12
1205001701990046 30.12
1205001702050897 30.12
1205001702110748 30.1
1205001702170609 30.1
1205001702230458 30.1
1205001702290314 30.1
1205001702350169 30.1
1205001702410026 30.08
1205001702470878 30.1
1205001702530735 30.1
1205001702590594 30.08
1205001702650447 30.08
1205001702710303 30.1
1205001702770162 30.08
1205001702830015 30.08
1205001702890869 30.08
1205001702950725 30.08
1205001703010580 30.08
1205001703070433 30.08
1205001703130290 30.08
1205001703190145 30.08
1205001703260000 30.08
1205001703310855 30.08
1205001703370709 30.08
1205001703430562 30.08
1205001703490417 30.08
1205001703550272 30.08
1205001703610127 30.08
1205001703670984 30.08
1205001703730837 30.08
1205001703790692 30.08
1205001703850553 30.08
1205001703910403 30.08
1205001703970256 30.08
1205001704030109 30.08
1205001704090965 30.06
1205001704150824 30.08
1205001704210679 30.08
1205001704270533 30.06
1205001704330388 30.06
1205001704390241 30.08
1205001704450100 30.08
1205001704510955 30.06
1205001704570808 30.06
1205001704630665 30.08
1205001704690514 30.06
1205001704710703 30.08
1205001704760346 30.08
1205001704820262 30.06
1205001704880058 30.06
1205001704940916 30.08
1205001705000768 30.08
1205001705060617 30.06
1205001705120523 30.04
1205001705180327 30.04
1205001705240183 30.01
1205001705300038 30.01
1205001705360890 29.99
1205001705420814 29.97
1205001705480788 29.95
1205001705540456 29.93
1205001705600311 29.93
1205001705660166 29.93
1205001705720254 29.91
1205001705780879 29.91
1205001705840735 29.89
1205001705900590 29.89
1205001705960445 29.88
1205001706020304 29.88
1205001706080337 29.89
1205001706140011 29.88
1205001706200863 29.89
1205001706260718 29.88
1205001706320636 29.88
1205001706380429 29.86
1205001706440284 29.86
1205001706500139 29.86
1205001706560993 29.86
1205001706620911 29.86
1205001706680717 29.86
1205001706740561 29.86
1205001706800414 29.86
1205001706860270 29.86
1205001706920169 29.86
1205001706980984 29.86
1205001707040838 29.86
1205001707100691 29.84
1205001707160544 29.86
1205001707220628 29.84
1205001707280221 29.84
1205001707340106 29.84
1205001707400962 29.86
1205001707460817 29.84
1205001707520673 29.84
1205001707580530 29.86
1205001707640381 29.84
1205001707700238 29.86
1205001707730556 29.86
1205001707770068 29.84
1205001707830924 29.86
1205001707890780 29.86
1205001707950635 29.86
1205001708010488 29.84
1205001708070343 29.84
1205001708130196 29.84
1205001708190051 29.84
1205001708250908 29.84
1205001708310763 29.84
1205001708370618 29.84
1205001708430472 29.84
1205001708490327 29.84
1205001708550182 29.84
1205001708610037 29.84
1205001708670893 29.84
1205001708730746 29.84
1205001708790601 29.84
1205001708850456 29.84
1205001708910312 29.84
1205001708970167 29.84
1205001709030020 29.84
1205001709090876 29.84
1205001709150733 29.86
1205001709210586 29.84
1205001709270442 29.84
1205001709330295 29.84
1205001709390151 29.84
1205001709450006 29.84
1205001709510862 29.84
1205001709570717 29.84
1205001709630570 29.84
1205001709690426 29.84
1205001709750281 29.84
1205001709810136 29.84
1205001709870990 29.84
1205001709930846 29.84
1205001709990703 29.84
1205001800050814 29.84
1205001800110669 29.86
1205001800170521 29.84
1205001800230376 29.84
1205001800290231 29.84
1205001800350086 29.84
1205001800410944 29.86
1205001800470797 29.86
1205001800530650 29.84
1205001800590505 29.84
1205001800650362 29.86
1205001800710215 29.84
1205001800730425 29.86
1205001800780048 29.86
1205001800840903 29.86
1205001800900760 29.86
1205001800960615 29.86
1205001801020468 29.86
1205001801080319 29.84
1205001801140178 29.86
1205001801200029 29.84
1205001801260888 29.86
1205001801320811 29.84
1205001801380594 29.84
1205001801440451 29.86
1205001801500305 29.84
1205001801560160 29.84
1205001801620068 29.84
1205001801680871 29.84
1205001801740725 29.84
1205001801800582 29.86
1205001801860439 29.86
1205001801920367 29.86
1205001801980146 29.84
1205001802050000 29.84
1205001802100857 29.86
1205001802160708 29.84
1205001802220610 29.84
1205001802280417 29.84
1205001802340272 29.84
1205001802400129 29.86
1205001802460985 29.86
1205001802520838 29.84
1205001802580691 29.84
1205001802640548 29.86
1205001802700401 29.84
1205001802760257 29.84
1205001802820170 29.84
1205001802880966 29.84
1205001802940821 29.84
1205001803000677 29.84
1205001803060532 29.84
1205001803120448 29.84
1205001803180242 29.84
1205001803240097 29.86
1205001803300952 29.84
1205001803360809 29.86
1205001803420719 29.86
1205001803480517 29.86
1205001803540371 29.84
1205001803600228 29.86
1205001803660081 29.84
1205001803720165 29.84
1205001803740134 29.86
1205001803790769 29.86
1205001803850624 29.86
1205001803910481 29.86
1205001803970332 29.86
1205001804030188 29.86
1205001804090043 29.86
1205001804150899 29.86
1205001804210754 29.86
1205001804270637 29.86
1205001804330463 29.86
1205001804390320 29.86
1205001804450175 29.86
1205001804510028 29.84
1205001804570882 29.86
1205001804630736 29.84
1205001804690596 29.86
1205001804750452 29.86
1205001804810305 29.84
1205001804870088 29.84
1205001804930015 29.86
1205001804990868 29.86
1205001805050727 29.86
1205001805110580 29.86
1205001805170433 29.86
1205001805230285 29.84
1205001805290142 29.84
1205001805350996 29.84
1205001805410855 29.86
1205001805470722 29.86
1205001805530564 29.86
1205001805590419 29.86
1205001805650274 29.86
1205001805710127 29.86
1205001805770983 29.86
1205001805830840 29.86
1205001805890696 29.86
1205001805950549 29.84
1205001806010398 29.84
1205001806070255 29.84
1205001806130112 29.86
1205001806190969 29.86
1205001806250822 29.84
1205001806310679 29.86
1205001806370532 29.86
1205001806430386 29.84
1205001806490243 29.86
1205001806550099 29.86
1205001806610952 29.86
1205001806670806 29.84
1205001806730661 29.86
1205001806750843 29.84
1205001806800490 29.86
1205001806860349 29.86
1205001806920271 29.86
1205001806980058 29.86
1205001807040914 29.86
1205001807100765 29.84
1205001807160622 29.86
1205001807220712 29.86
1205001807280331 29.84
1205001807340188 29.86
1205001807400043 29.86
1205001807460897 29.86
1205001807520751 29.84
1205001807580608 29.86
1205001807640463 29.86
1205001807700312 29.84
1205001807760169 29.86
1205001807820257 29.86
1205001807880880 29.86
1205001807940736 29.86
1205001808000591 29.86
1205001808060444 29.86
1205001808120384 29.86
1205001808180154 29.86
1205001808240012 29.86
1205001808300868 29.86
1205001808360721 29.86
1205001808420652 29.86
1205001808480429 29.84
1205001808540287 29.86
1205001808600138 29.84
1205001808660996 29.86
1205001808720085 29.86
1205001808780706 29.86
1205001808840562 29.86
1205001808900417 29.86
1205001808960270 29.86
1205001809020125 29.86
1205001809080981 29.86
1205001809140837 29.86
1205001809200690 29.86
1205001809260543 29.84
1205001809320478 29.84
1205001809380255 29.86
1205001809440111 29.86
1205001809500967 29.86
1205001809560818 29.84
1205001809620754 29.84
1205001809680530 29.86
1205001809740386 29.86
1205001809760566 29.86
1205001809810213 29.84
1205001809870070 29.86
1205001809930927 29.86
1205001809990780 29.84
1205001900050889 29.84
1205001900110746 29.86
1205001900170601 29.86
1205001900230454 29.84
1205001900290312 29.86
1205001900350165 29.86
1205001900410020 29.86
1205001900470876 29.86
1205001900530730 29.86
1205001900590585 29.86
1205001900650440 29.86
1205001900710295 29.86
1205001900770150 29.86
1205001900830003 29.84
1205001900890861 29.86
1205001900950716 29.86
1205001901010569 29.86
1205001901070424 29.86
1205001901130280 29.88
1205001901190135 29.88
1205001901250989 29.88
1205001901310844 29.86
1205001901370700 29.88
1205001901430555 29.88
1205001901490410 29.88
1205001901550263 29.88
1205001901610118 29.88
1205001901670975 29.88
1205001901730830 29.88
1205001901790685 29.88
1205001901850539 29.88
1205001901910394 29.88
1205001901970249 29.88
1205001902030102 29.88
1205001902090958 29.88
1205001902150814 29.88
1205001902210669 29.88
1205001902270524 29.88
1205001902330379 29.88
1205001902390233 29.88
1205001902450088 29.88
1205001902510944 29.88
1205001902570799 29.88
1205001902630650 29.89
1205001902690508 29.88
1205001902750359 29.89
1205001902770543 29.89
1205001902820262 29.89
1205001902880043 29.89
1205001902940900 29.89
1205001903000759 29.88
1205001903060628 29.88
1205001903120539 29.89
1205001903180319 29.89
1205001903240174 29.89
1205001903300029 29.89
1205001903360885 29.89
1205001903420971 29.89
1205001903480595 29.89
1205001903540449 29.89
1205001903600304 29.89
1205001903660159 29.89
1205001903720245 29.89
1205001903780870 29.89
1205001903840723 29.89
1205001903900579 29.89
1205001903960438 29.88
1205001904020289 29.89
1205001904080142 29.89
1205001904140999 29.89
1205001904200854 29.89
1205001904260709 29.89
1205001904320793 29.89
1205001904380419 29.89
1205001904440272 29.89
1205001904500127 29.89
1205001904560988 29.88
1205001904620911 29.88
1205001904680692 29.89
1205001904740548 29.89
1205001904800402 29.89
1205001904860258 29.89
1205001904920342 29.89
1205001904980973 29.88
1205001905040822 29.89
1205001905100677 29.89
1205001905160537 29.88
1205001905220619 29.89
1205001905280247 29.88
1205001905340100 29.88
1205001905400952 29.89
1205001905460808 29.89
1205001905520663 29.89
1205001905580516 29.89
1205001905640372 29.89
1205001905700227 29.89
1205001905760086 29.88
1205001905780265 29.89
1205001905830913 29.89
1205001905890768 29.89
1205001905950623 29.89
1205001906010478 29.89
1205001906070332 29.89
1205001906130187 29.89
1205001906190042 29.89
1205001906250899 29.89
1205001906310753 29.89
1205001906370606 29.89
1205001906430465 29.88
1205001906490316 29.89
1205001906550172 29.89
1205001906610027 29.89
1205001906670881 29.89
1205001906730740 29.88
1205001906790595 29.88
1205001906850447 29.89
1205001906910302 29.89
1205001906970159 29.88
1205001907030011 29.89
1205001907090871 29.88
1205001907150726 29.88
1205001907210577 29.89
1205001907270431 29.89
1205001907330286 29.89
1205001907390141 29.89
1205001907450180 29.89
1205001907510854 29.88
1205001907570705 29.89
1205001907630560 29.89
1205001907690420 29.88
1205001907750271 29.89
1205001907810126 29.89
1205001907870984 29.88
1205001907930836 29.89
1205001907990691 29.89
1205001908050734 29.88
1205001908110399 29.89
1205001908170255 29.89
1205001908230114 29.88
1205001908290966 29.89
1205001908350823 29.88
1205001908410678 29.88
1205001908470530 29.89
1205001908530385 29.89
1205001908590240 29.89
1205001908650107 29.89
1205001908710954 29.88
1205001908770809 29.88
1205001908790988 29.89
1205001908840635 29.89
1205001908900490 29.89
1205001908960349 29.88
1205001909020201 29.89
1205001909080054 29.89
1205001909140910 29.89
1205001909200765 29.89
1205001909260621 29.89
1205001909320558 29.89
1205001909380333 29.88
1205001909440184 29.89
1205001909500043 29.88
1205001909560896 29.89
1205001909620977 29.89
1205001909680604 29.89
1205001909740459 29.89
1205001909800318 29.88
1205001909860173 29.88
1205001909920253 29.89
1205001909980878 29.89
1205002000040994 29.88
1205002000100845 29.89
1205002000160705 29.88
1205002000220640 29.88
1205002000280409 29.89
1205002000340268 29.88
1205002000400119 29.89
1205002000460980 29.88
1205002000520831 29.89
1205002000580688 29.88
1205002000640540 29.89
1205002000700395 29.89
1205002000760254 29.88
1205002000820332 29.89
1205002000880965 29.88
1205002000940814 29.89
1205002001000669 29.89
1205002001060525 29.89
1205002001120607 29.89
1205002001180237 29.88
1205002001240088 29.89
1205002001300944 29.89
1205002001360804 29.88
1205002001420887 29.88
1205002001480508 29.89
1205002001540367 29.88
1205002001600222 29.88
1205002001660074 29.89
1205002001720159 29.88
1205002001780783 29.89
1205002001800968 29.89
1205002001850615 29.89
1205002001910470 29.89
1205002001970323 29.89
1205002002030182 29.88
1205002002090034 29.89
1205002002150894 29.88
1205002002210749 29.88
1205002002270599 29.89
1205002002330458 29.88
1205002002390309 29.89
1205002002450164 29.89
1205002002510017 29.89
1205002002570877 29.88
1205002002630729 29.89
1205002002690584 29.89
1205002002750439 29.89
1205002002810294 29.89
1205002002870151 29.88
1205002002930002 29.89
1205002002990862 29.88
1205002003050713 29.89
1205002003110568 29.89
1205002003170426 29.88
1205002003230281 29.88
1205002003290132 29.89
1205002003350992 29.88
1205002003410844 29.89
1205002003470701 29.88
1205002003530556 29.88
1205002003590407 29.89
1205002003650263 29.89
1205002003710116 29.89
1205002003770978 29.88
1205002003830831 29.88
1205002003890683 29.89
1205002003950538 29.89
1205002004010393 29.89
1205002004070246 29.89
1205002004130102 29.89
1205002004190956 29.89
1205002004250811 29.91
1205002004310666 29.91
1205002004370519 29.93
1205002004430379 29.95
1205002004490232 29.97
1205002004550085 29.99
1205002004610945 30.01
1205002004670798 30.02
1205002004730653 30.04
1205002004790510 30.06
1205002004810695 30.06
1205002004860342 30.08
1205002004920422 30.1
1205002004980050 30.12
1205002005040091 30.12
1205002005100758 30.16
1205002005160613 30.16
1205002005220695 30.17
1205002005280322 30.19
1205002005340175 30.19
1205002005400032 30.21
1205002005460887 30.23
1205002005520742 30.23
1205002005580597 30.25
1205002005640636 30.27
1205002005700305 30.27
1205002005760161 30.27
1205002005820244 30.29
1205002005880872 30.29
1205002005940729 30.3
1205002006000586 30.3
1205002006060439 30.3
1205002006120523 30.3
1205002006180151 30.32
1205002006240007 30.3
1205002006300859 30.3
1205002006360716 30.32
1205002006420800 30.32