1204403603040709 56.45
1204403603100566 56.46
1204403603160423 56.52
1204403603220274 56.54
1204403603280131 56.58
1204403603340987 56.58
1204403603400841 56.58
1204403603460696 56.58
1204403603520551 56.59
1204403603580407 56.63
1204403603640348 56.67
1204403603700115 56.69
1204403603720018 56.71
1204403603770950 56.71
1204403603830805 56.71
1204403603890658 56.72
1204403603950511 56.74
1204403604010366 56.74
1204403604070221 56.76
1204403604130076 56.82
1204403604190934 56.84
1204403604250784 56.85
1204403604310639 56.85
1204403604370494 56.85
1204403604430349 56.85
1204403604490203 56.85
1204403604550058 56.87
1204403604610914 56.87
1204403604670769 56.87
1204403604730624 56.87
1204403604790480 56.89
1204403604850333 56.87
1204403604910188 56.89
1204403604970043 56.89
1204403605030900 56.91
1204403605090757 56.93
1204403605150610 56.97
1204403605210467 57
1204403605270319 57.02
1204403605330172 57.02
1204403605390028 57.02
1204403605450885 57.02
1204403605510742 57.04
1204403605570598 57.04
1204403605630451 57.04
1204403605690306 57.04
1204403605750162 57.04
1204403605810017 57.04
1204403605870873 57.04
1204403605930726 57.04
1204403605990577 57.06
1204403606050437 57.04
1204403606110289 57.08
1204403606170144 57.08
1204403606240000 57.08
1204403606290856 57.08
1204403606350709 57.08
1204403606410564 57.08
1204403606470419 57.08
1204403606530272 57.1
1204403606590128 57.1
1204403606650982 57.1
1204403606710837 57.1
1204403606730738 57.1
1204403606780669 57.1
1204403606840524 57.1
1204403606900377 57.17
1204403606960235 57.23
1204403607020090 57.32
1204403607080947 57.47
1204403607140983 57.6
1204403607200653 57.67
1204403607260508 57.67
1204403607320363 57.69
1204403607380216 57.69
1204403607440071 57.73
1204403607500927 57.78
1204403607560785 57.86
1204403607620638 57.97
1204403607680495 58.16
1204403607740348 58.36
1204403607800205 58.51
1204403607860059 58.62
1204403607920915 58.7
1204403607980768 58.81
1204403608040625 58.94
1204403608100477 59.11
1204403608160336 59.16
1204403608220191 59.24
1204403608280042 59.35
1204403608340955 59.48
1204403608400752 59.66
1204403608460611 59.83
1204403608520466 59.92
1204403608580318 59.96
1204403608640176 60
1204403608700028 60.04
1204403608760881 60.07
1204403608820738 60.15
1204403608880591 60.26
1204403608940446 60.39
1204403609000303 60.5
1204403609060155 60.61
1204403609120010 60.65
1204403609180866 60.67
1204403609240723 60.69
1204403609300578 60.76
1204403609360431 60.82
1204403609420288 60.87
1204403609480139 60.89
1204403609540999 60.87
1204403609600850 60.89
1204403609660708 60.91
1204403609720563 60.91
1204403609750728 60.91
1204403609790393 60.91
1204403609850246 60.95
1204403609910105 61.04
1204403609970961 61.13
1204403700030067 61.17
1204403700090925 61.19
1204403700150779 61.17
1204403700210635 61.19
1204403700270490 61.19
1204403700330342 61.23
1204403700390197 61.23
1204403700450052 61.23
1204403700510908 61.23
1204403700570764 61.23
1204403700630618 61.23
1204403700690472 61.23
1204403700750328 61.23
1204403700810181 61.23
1204403700870040 61.28
1204403700930894 61.34
1204403700990750 61.34
1204403701050605 61.34
1204403701110458 61.34
1204403701170314 61.34
1204403701230168 61.34
1204403701290025 61.36
1204403701350882 61.36
1204403701410737 61.36
1204403701470590 61.36
1204403701530445 61.36
1204403701590300 61.36
1204403701650156 61.36
1204403701710011 61.36
1204403701770865 61.36
1204403701830718 61.38
1204403701890574 61.38
1204403701950429 61.38
1204403702010282 61.38
1204403702070137 61.38
1204403702130993 61.38
1204403702190849 61.38
1204403702250704 61.38
1204403702310557 61.38
1204403702370412 61.38
1204403702430267 61.38
1204403702490123 61.38
1204403702550979 61.38
1204403702610832 61.38
1204403702670688 61.38
1204403702730542 61.38
1204403702750467 61.41
1204403702800374 61.39
1204403702860227 61.39
1204403702920082 61.39
1204403702980938 61.39
1204403703040794 61.39
1204403703100649 61.39
1204403703160502 61.39
1204403703220357 61.39
1204403703280212 61.39
1204403703340068 61.39
1204403703400922 61.41
1204403703460777 61.39
1204403703520632 61.41
1204403703580487 61.39
1204403703640440 61.39
1204403703700196 61.41
1204403703760051 61.43
1204403703820907 61.43
1204403703880762 61.43
1204403703940617 61.45
1204403704000473 61.45
1204403704060326 61.45
1204403704120181 61.45
1204403704180037 61.45
1204403704240893 61.45
1204403704300746 61.47
1204403704360601 61.45
1204403704420456 61.45
1204403704480311 61.45
1204403704540167 61.45
1204403704600022 61.45
1204403704660878 61.47
1204403704720733 61.49
1204403704780588 61.49
1204403704840444 61.49
1204403704900299 61.49
1204403704960152 61.49
1204403705020007 61.49
1204403705080863 61.49
1204403705140719 61.49
1204403705200574 61.49
1204403705260427 61.47
1204403705320280 61.47
1204403705380137 61.49
1204403705440994 61.49
1204403705500849 61.49
1204403705560702 61.49
1204403705620557 61.51
1204403705680413 61.51
1204403705740266 61.52
1204403705760166 61.52
1204403705810097 61.51
1204403705870954 61.51
1204403705930809 61.51
1204403705990662 61.52
1204403706050515 61.52
1204403706110370 61.52
1204403706170226 61.52
1204403706230081 61.52
1204403706290937 61.52
1204403706350790 61.52
1204403706410645 61.52
1204403706470501 61.52
1204403706530354 61.54
1204403706590211 61.56
1204403706650066 61.56
1204403706710922 61.56
1204403706770778 61.56
1204403706830633 61.56
1204403706890487 61.56
1204403706950340 61.58
1204403707010195 61.58
1204403707070051 61.58
1204403707130905 61.58
1204403707190760 61.58
1204403707250617 61.56
1204403707310471 61.58
1204403707370326 61.58
1204403707430184 61.6
1204403707490036 61.64
1204403707550888 61.73
1204403707610747 61.8
1204403707670598 61.82
1204403707730459 61.84
1204403707790315 61.84
1204403707850161 61.82
1204403707910022 61.84
1204403707970878 61.84
1204403708030733 61.84
1204403708090588 61.84
1204403708150442 61.84
1204403708210297 61.84
1204403708270149 61.86
1204403708330004 61.88
1204403708390858 61.88
1204403708450717 61.92
1204403708510570 61.9
1204403708570587 61.9
1204403708630279 61.9
1204403708690132 61.9
1204403708750989 61.9
1204403708770894 61.92
1204403708820821 61.9
1204403708880674 61.9
1204403708940529 61.9
1204403709000384 61.9
1204403709060243 61.92
1204403709120095 61.9
1204403709180949 61.9
1204403709240804 61.9
1204403709300660 61.9
1204403709360518 61.92
1204403709420369 61.93
1204403709480228 61.92
1204403709540078 61.93
1204403709600934 61.93
1204403709660794 61.92
1204403709720649 61.92
1204403709780498 61.93
1204403709840354 61.9
1204403709900212 61.92
1204403709960068 61.92
1204403800020177 61.92
1204403800080028 61.93
1204403800140888 61.92
1204403800200743 61.92
1204403800260596 61.92
1204403800320448 61.93
1204403800380301 61.95
1204403800440158 61.93
1204403800500013 61.93
1204403800560865 61.95
1204403800620721 61.95
1204403800680576 61.95
1204403800740431 61.95
1204403800800286 61.95
1204403800860142 61.95
1204403800920141 61.95
1204403800980851 61.95
1204403801040706 61.95
1204403801100561 61.95
1204403801160415 61.95
1204403801220270 61.97
1204403801280129 61.99
1204403801340982 61.97
1204403801400840 61.99
1204403801460695 61.99
1204403801520593 61.99
1204403801580403 61.99
1204403801640258 61.99
1204403801700113 61.99
1204403801760966 61.97
1204403801780867 62.01
1204403801830797 61.97
1204403801890655 61.99
1204403801950510 61.99
1204403802010365 61.99
1204403802070218 62.01
1204403802130071 62.01
1204403802190929 62.08
1204403802250784 62.16
1204403802310637 62.19
1204403802370493 62.19
1204403802430348 62.19
1204403802490201 62.19
1204403802550057 62.19
1204403802610913 62.19
1204403802670766 62.19
1204403802730620 62.18
1204403802790475 62.21
1204403802850330 62.21
1204403802910184 62.21
1204403802970039 62.23
1204403803030895 62.25
1204403803090752 62.29
1204403803150605 62.31
1204403803210462 62.29
1204403803270316 62.29
1204403803330169 62.31
1204403803390025 62.31
1204403803450881 62.31
1204403803510737 62.29
1204403803570589 62.31
1204403803630444 62.31
1204403803690299 62.31
1204403803750156 62.29
1204403803810009 62.34
1204403803870863 62.38
1204403803930719 62.38
1204403803990576 62.4
1204403804050431 62.4
1204403804110286 62.4
1204403804170139 62.4
1204403804230995 62.4
1204403804290851 62.4
1204403804350706 62.4
1204403804410560 62.4
1204403804470414 62.4
1204403804530270 62.4
1204403804590125 62.4
1204403804650981 62.4
1204403804710836 62.4
1204403804770690 62.4
1204403804790587 62.42
1204403804840521 62.4
1204403804900377 62.45
1204403804960228 62.51
1204403805020083 62.57
1204403805080941 62.58
1204403805140810 62.6
1204403805200651 62.6
1204403805260505 62.6
1204403805320360 62.6
1204403805380215 62.6
1204403805440071 62.6
1204403805500927 62.6
1204403805560780 62.6
1204403805620635 62.6
1204403805680491 62.6
1204403805740344 62.6
1204403805800199 62.6
1204403805860052 62.62
1204403805920911 62.64
1204403805980764 62.64
1204403806040620 62.64
1204403806100473 62.62
1204403806160328 62.62
1204403806220183 62.62
1204403806280038 62.64
1204403806340895 62.64
1204403806400750 62.64
1204403806460606 62.64
1204403806520460 62.64
1204403806580311 62.62
1204403806640169 62.64
1204403806700022 62.62
1204403806760880 62.64
1204403806820731 62.66
1204403806880594 62.68
1204403806940442 62.66
1204403807000297 62.66
1204403807060153 62.66
1204403807120005 62.66
1204403807180869 62.68
1204403807240717 62.66
1204403807300572 62.66
1204403807360425 62.66
1204403807420280 62.66
1204403807480144 62.68
1204403807540992 62.66
1204403807600847 62.66
1204403807660702 62.66
1204403807720556 62.66
1204403807780411 62.66
1204403807800316 62.7
1204403807850242 62.66
1204403807920275 62.68
1204403807970952 62.66
1204403808030815 62.68
1204403808090669 62.68
1204403808150524 62.68
1204403808210378 62.68
1204403808270234 62.68
1204403808330082 62.66
1204403808390945 62.68
1204403808450801 62.68
1204403808510738 62.68
1204403808570509 62.68
1204403808630364 62.68
1204403808690216 62.7
1204403808750072 62.7
1204403808810927 62.7
1204403808870782 62.7
1204403808930636 62.7
1204403808990494 62.72
1204403809050343 62.75
1204403809110230 62.75
1204403809170050 62.77
1204403809230906 62.77
1204403809290762 62.77
1204403809350619 62.75
1204403809410471 62.77
1204403809470326 62.77
1204403809530180 62.77
1204403809590036 62.77
1204403809650892 62.77
1204403809710745 62.77
1204403809770601 62.77
1204403809830455 62.77
1204403809890310 62.77
1204403809950165 62.77
1204403900010274 62.77
1204403900070130 62.77
1204403900130985 62.77
1204403900190841 62.77
1204403900250695 62.77
1204403900310550 62.77
1204403900370406 62.77
1204403900430260 62.77
1204403900490114 62.77
1204403900550971 62.77
1204403900610825 62.77
1204403900670680 62.77
1204403900730535 62.77
1204403900790390 62.77
1204403900810289 62.79
1204403900860220 62.77
1204403900920074 62.77
1204403900980931 62.77
1204403901040785 62.77
1204403901100640 62.77
1204403901160495 62.77
1204403901220350 62.77
1204403901280205 62.77
1204403901340060 62.77
1204403901400915 62.79
1204403901460770 62.83
1204403901520625 62.9
1204403901580486 62.92
1204403901640353 62.96
1204403901700188 62.98
1204403901760044 62.98
1204403901820900 62.98
1204403901880754 62.99
1204403901940610 62.99
1204403902000464 62.98
1204403902060320 62.99
1204403902120174 62.99
1204403902180028 62.99
1204403902240885 62.98
1204403902300740 62.98
1204403902360593 62.99
1204403902420449 63.01
1204403902480304 62.99
1204403902540158 63.01
1204403902600014 63.01
1204403902660869 63.01
1204403902720723 63.01
1204403902780578 63.01
1204403902840437 63.03
1204403902900287 63.01
1204403902960143 63.01
1204403903020002 63.03
1204403903080857 63.03
1204403903140725 63.03
1204403903200563 63.05
1204403903260417 63.07
1204403903320272 63.07
1204403903380128 63.07
1204403903440982 63.07
1204403903500838 63.07
1204403903560692 63.09
1204403903620548 63.09
1204403903680402 63.11
1204403903740260 63.12
1204403903800116 63.12
1204403903820012 63.14
1204403903870948 63.12
1204403903930802 63.12
1204403903990657 63.12
1204403904050511 63.12
1204403904110368 63.12
1204403904170218 63.14
1204403904230076 63.16
1204403904290930 63.2
1204403904350785 63.2
1204403904410640 63.2
1204403904470495 63.2
1204403904530348 63.22
1204403904590202 63.22
1204403904650057 63.22
1204403904710914 63.22
1204403904770768 63.22
1204403904830623 63.22
1204403904890478 63.2
1204403904950334 63.2
1204403905010189 63.2
1204403905070044 63.2
1204403905130900 63.2
1204403905190754 63.22
1204403905250609 63.24
1204403905310464 63.24
1204403905370317 63.22
1204403905430172 63.22
1204403905490026 63.22
1204403905550882 63.22
1204403905610739 63.24
1204403905670593 63.22
1204403905730447 63.22
1204403905790302 63.24
1204403905850156 63.22
1204403905910011 63.22
1204403905970869 63.24
1204403906030723 63.24
1204403906090578 63.24
1204403906150432 63.25
1204403906210286 63.25
1204403906270143 63.24
1204403906330996 63.25
1204403906390851 63.25
1204403906450708 63.24
1204403906510563 63.24
1204403906570417 63.24
1204403906630270 63.25
1204403906690127 63.24
1204403906750981 63.25
1204403906810836 63.25
1204403906830736 63.25
1204403906880668 63.24
1204403906940522 63.25
1204403907000377 63.25
1204403907060230 63.27
1204403907120085 63.27
1204403907180942 63.27
1204403907240796 63.27
1204403907300651 63.27
1204403907360507 63.29
1204403907420360 63.27
1204403907480215 63.27
1204403907540070 63.27
1204403907600926 63.27
1204403907660782 63.27
1204403907720636 63.27
1204403907780490 63.27
1204403907840345 63.27
1204403907900200 63.27
1204403907960055 63.27
1204403908020911 63.29
1204403908080765 63.27
1204403908140620 63.27
1204403908200476 63.27
1204403908260331 63.27
1204403908320184 63.27
1204403908380039 63.27
1204403908440896 63.27
1204403908500751 63.27
1204403908560606 63.27
1204403908620459 63.27
1204403908680315 63.27
1204403908740172 63.29
1204403908800023 63.27
1204403908860881 63.29
1204403908920735 63.27
1204403908980590 63.27
1204403909040443 63.27
1204403909100298 63.27
1204403909160153 63.27
1204403909220009 63.27
1204403909280865 63.27
1204403909340722 63.29
1204403909400573 63.27
1204403909460430 63.29
1204403909520285 63.29
1204403909580138 63.27
1204403909650121 63.27
1204403909700850 63.27
1204403909760703 63.27
1204403909820558 63.27
1204403909840481 63.27
1204403909890388 63.27
1204403909950245 63.29
1204404000010356 63.29
1204404000070210 63.27
1204404000130065 63.27
1204404000190921 63.27
1204404000250776 63.27
1204404000310632 63.29
1204404000370487 63.29
1204404000430341 63.27
1204404000490197 63.29
1204404000550050 63.27
1204404000610906 63.27
1204404000670759 63.27
1204404000730615 63.27
1204404000790470 63.27
1204404000850324 63.27
1204404000910179 63.27
1204404000970035 63.27
1204404001030890 63.27
1204404001090745 63.27
1204404001150600 63.27
1204404001210454 63.27
1204404001270310 63.27
1204404001330165 63.27
1204404001390020 63.29
1204404001450876 63.29
1204404001510730 63.27
1204404001570584 63.27
1204404001630441 63.29
1204404001690295 63.29
1204404001750151 63.29
1204404001810004 63.29
1204404001870859 63.27
1204404001930713 63.27
1204404001990572 63.29
1204404002050423 63.25
1204404002110278 63.27
1204404002170132 63.27
1204404002230991 63.29
1204404002290844 63.27
1204404002350699 63.27
1204404002410555 63.29
1204404002470408 63.27
1204404002530263 63.27
1204404002590118 63.27
1204404002650974 63.27
1204404002710831 63.29
1204404002770683 63.27
1204404002830537 63.27
1204404002850468 63.29
1204404002900371 63.29
1204404002960225 63.29
1204404003020079 63.27
1204404003080934 63.27
1204404003150926 63.27
1204404003200646 63.29
1204404003260501 63.29
1204404003320352 63.27
1204404003380208 63.27
1204404003440064 63.29
1204404003500918 63.27
1204404003560776 63.29
1204404003620627 63.27
1204404003680483 63.27
1204404003740337 63.27
1204404003800194 63.27
1204404003860047 63.27
1204404003920903 63.27
1204404003980758 63.27
1204404004040615 63.29
1204404004100468 63.27
1204404004160322 63.27
1204404004220176 63.27
1204404004280031 63.27
1204404004340888 63.27
1204404004400742 63.27
1204404004460597 63.27
1204404004520452 63.27
1204404004580308 63.27
1204404004640176 63.27
1204404004700016 63.27
1204404004760873 63.27
1204404004820728 63.27
1204404004880582 63.27
1204404004940437 63.27
1204404005000291 63.27
1204404005060147 63.27
1204404005120001 63.27
1204404005180856 63.27
1204404005240711 63.27
1204404005300566 63.27
1204404005360421 63.27
1204404005420276 63.27
1204404005480130 63.27
1204404005540986 63.25
1204404005600842 63.25
1204404005660695 63.25
1204404005720552 63.24
1204404005780408 63.24
1204404005840262 63.24
1204404005860161 63.25
1204404005910092 63.22
1204404005970948 63.24
1204404006030804 63.24
1204404006090659 63.24
1204404006150514 63.24
1204404006210367 63.24
1204404006270223 63.24
1204404006330078 63.24
1204404006390933 63.24
1204404006450788 63.24
1204404006510644 63.24
1204404006570498 63.24
1204404006630353 63.24
1204404006690208 63.24
1204404006750063 63.24
1204404006810918 63.24
1204404006870774 63.24
1204404006930627 63.24
1204404006990483 63.24
1204404007050338 63.24
1204404007110193 63.24
1204404007170047 63.24
1204404007230903 63.24
1204404007290758 63.24
1204404007350610 63.25
1204404007410466 63.24
1204404007470322 63.24
1204404007530175 63.25
1204404007590032 63.24
1204404007650888 63.24
1204404007710742 63.24
1204404007780727 63.24
1204404007830450 63.25
1204404007890305 63.25
1204404007950160 63.25
1204404008010015 63.25
1204404008070872 63.24
1204404008130725 63.25
1204404008190580 63.27
1204404008250437 63.29
1204404008310290 63.25
1204404008370143 63.25
1204404008430999 63.27
1204404008490854 63.27
1204404008550710 63.27
1204404008610565 63.27
1204404008670420 63.25
1204404008730274 63.27
1204404008790128 63.27
1204404008850985 63.27
1204404008870886 63.29
1204404008920815 63.27
1204404008980670 63.27
1204404009040525 63.27
1204404009100379 63.27
1204404009160235 63.27
1204404009220088 63.27
1204404009290106 63.27
1204404009340800 63.27
1204404009400656 63.25
1204404009460509 63.27
1204404009520363 63.25
1204404009580219 63.27
1204404009650223 63.27
1204404009700930 63.27
1204404009760784 63.27
1204404009820638 63.27
1204404009890577 63.27
1204404009940349 63.25
1204404100000459 63.27
1204404100060313 63.27
1204404100120168 63.27
1204404100180023 63.27
1204404100240879 63.27
1204404100300734 63.27
1204404100360589 63.25
1204404100420444 63.25
1204404100480323 63.25
1204404100540153 63.25
1204404100600008 63.27
1204404100660864 63.27
1204404100720719 63.27
1204404100780573 63.25
1204404100840429 63.25
1204404100900282 63.25
1204404100960140 63.29
1204404101020995 63.35
1204404101080866 63.37
1204404101140720 63.37
1204404101200557 63.38
1204404101260417 63.37
1204404101320268 63.38
1204404101380123 63.38
1204404101440982 63.4
1204404101500833 63.38
1204404101560688 63.38
1204404101620542 63.38
1204404101680396 63.38
1204404101740253 63.38
1204404101800106 63.38
1204404101860963 63.38
1204404101880920 63.37
1204404101930793 63.42
1204404101990653 63.4
1204404102050507 63.4
1204404102110362 63.4
1204404102170216 63.4
1204404102230071 63.4
1204404102290923 63.42
1204404102350777 63.42
1204404102410636 63.4
1204404102470488 63.42
1204404102530346 63.4
1204404102590197 63.42
1204404102650051 63.42
1204404102710908 63.42
1204404102770763 63.42
1204404102830620 63.4
1204404102890472 63.42
1204404102950327 63.42
1204404103010186 63.4
1204404103070040 63.4
1204404103130897 63.4
1204404103190748 63.42
1204404103250603 63.42
1204404103310457 63.42
1204404103370316 63.4
1204404103430170 63.4
1204404103490022 63.42
1204404103550876 63.42
1204404103610732 63.42
1204404103670591 63.4
1204404103730445 63.4
1204404103790295 63.42
1204404103850155 63.4
1204404103910009 63.4
1204404103970862 63.42
1204404104030720 63.4
1204404104090574 63.4
1204404104150430 63.4
1204404104210281 63.42
1204404104270135 63.42
1204404104330991 63.42
1204404104390849 63.4
1204404104450701 63.42
1204404104510557 63.42
1204404104570410 63.42
1204404104630266 63.42
1204404104690123 63.4
1204404104750975 63.42
1204404104810831 63.42
1204404104870685 63.42
1204404104890651 63.42
1204404104940521 63.4
1204404105000372 63.42
1204404105060226 63.42
1204404105120080 63.42
1204404105180940 63.4
1204404105240795 63.4
1204404105300650 63.4
1204404105360500 63.42
1204404105420359 63.4
1204404105480214 63.4
1204404105540065 63.42
1204404105600924 63.4
1204404105660776 63.42
1204404105720630 63.42
1204404105780489 63.4
1204404105840340 63.42
1204404105900195 63.42
1204404105960050 63.42
1204404106020906 63.42
1204404106080761 63.42
1204404106150741 63.42
1204404106200469 63.42
1204404106260325 63.42
1204404106320179 63.42
1204404106380033 63.42
1204404106440894 63.4
1204404106500748 63.4
1204404106560605 63.4
1204404106620455 63.42
1204404106680313 63.4
1204404106740164 63.42
1204404106800022 63.4
1204404106860875 63.42
1204404106920733 63.4
1204404106980589 63.4
1204404107040443 63.4
1204404107100294 63.42
1204404107160150 63.42
1204404107220004 63.42
1204404107280864 63.4
1204404107340713 63.42
1204404107400569 63.42
1204404107460429 63.4
1204404107520278 63.42
1204404107580133 63.42
1204404107640001 63.42
1204404107700843 63.42
1204404107760699 63.42
1204404107820557 63.4
1204404107880407 63.42
1204404107900322 63.42
1204404107950239 63.42
1204404108010093 63.42
1204404108070967 63.4
1204404108130809 63.4
1204404108190664 63.4
1204404108250518 63.4
1204404108310373 63.4
1204404108370223 63.42
1204404108430082 63.4
1204404108490938 63.4
1204404108550789 63.42
1204404108610648 63.4
1204404108670498 63.42
1204404108730354 63.42
1204404108790208 63.42
1204404108850067 63.4
1204404108910923 63.4
1204404108970774 63.42
1204404109030632 63.4
1204404109090488 63.4
1204404109150342 63.4
1204404109210196 63.4
1204404109270048 63.42
1204404109330907 63.4
1204404109390762 63.4
1204404109450617 63.4
1204404109510472 63.4
1204404109570322 63.42
1204404109630182 63.4
1204404109690035 63.4
1204404109750892 63.4
1204404109810746 63.4
1204404109870601 63.4
1204404109930457 63.4
1204404109990307 63.42
1204404200050417 63.42
1204404200110272 63.42
1204404200170130 63.4
1204404200230982 63.42
1204404200290838 63.42
1204404200350696 63.4
1204404200410552 63.4
1204404200470406 63.4
1204404200530261 63.4
1204404200590116 63.4
1204404200650967 63.42
1204404200710826 63.4
1204404200770677 63.42
1204404200830531 63.42
1204404200890389 63.4
1204404200910287 63.42
1204404200960221 63.4
1204404201020077 63.4
1204404201080928 63.42
1204404201140800 63.4
1204404201200641 63.4
1204404201260493 63.42
1204404201320352 63.4
1204404201380202 63.42
1204404201440056 63.42
1204404201510979 63.4
1204404201560767 63.42
1204404201620621 63.42
1204404201680481 63.4
1204404201740335 63.4
1204404201800190 63.4
1204404201860041 63.42
1204404201920900 63.4
1204404201980755 63.4
1204404202040624 63.4
1204404202100466 63.4
1204404202160320 63.4
1204404202220175 63.4
1204404202280027 63.42
1204404202340884 63.4
1204404202400741 63.4
1204404202460596 63.4
1204404202520446 63.42
1204404202580305 63.4
1204404202640169 63.42
1204404202700014 63.4
1204404202760871 63.4
1204404202820721 63.42
1204404202880581 63.4
1204404202940430 63.42
1204404203000284 63.42
1204404203060144 63.4
1204404203120997 63.42
1204404203180854 63.4
1204404203240708 63.4
1204404203300560 63.42
1204404203360418 63.4
1204404203420273 63.4
1204404203480125 63.42
1204404203540981 63.42
1204404203600836 63.42
1204404203670869 63.4
1204404203720550 63.4
1204404203780400 63.42
1204404203840259 63.4
1204404203900113 63.4
1204404203920010 63.44
1204404203970946 63.4
1204404204030795 63.42
1204404204090651 63.42
1204404204150505 63.42
1204404204210360 63.42
1204404204270219 63.4
1204404204330069 63.42
1204404204390925 63.42
1204404204450784 63.4
1204404204510640 63.4
1204404204570494 63.4
1204404204630344 63.42
1204404204690204 63.4
1204404204750054 63.42
1204404204810913 63.4
1204404204870766 63.42
1204404204930624 63.4
1204404204990479 63.4
1204404205050330 63.42
1204404205110189 63.4
1204404205170039 63.42
1204404205230899 63.4
1204404205290749 63.42
1204404205350608 63.4
1204404205410464 63.4
1204404205470313 63.42
1204404205530174 63.4
1204404205590028 63.4
1204404205650883 63.4
1204404205710739 63.4
1204404205770593 63.4
1204404205830448 63.4
1204404205890299 63.42
1204404205950158 63.4
1204404206010011 63.4
1204404206070865 63.42
1204404206130724 63.4
1204404206190577 63.4
1204404206250432 63.4
1204404206310288 63.4
1204404206370142 63.4
1204404206430997 63.4
1204404206490852 63.4
1204404206550707 63.4
1204404206610562 63.4
1204404206670417 63.4
1204404206730273 63.4
1204404206790124 63.38
1204404206850983 63.4
1204404206910837 63.4
1204404206930733 63.42
1204404206980667 63.4
1204404207050534 63.4
1204404207100379 63.4
1204404207160232 63.4
1204404207220088 63.4
1204404207280942 63.4
1204404207340798 63.4
1204404207400652 63.4
1204404207460507 63.4
1204404207520361 63.4
1204404207580216 63.4
1204404207650228 63.4
1204404207700928 63.4
1204404207760783 63.4
1204404207820638 63.4
1204404207880490 63.4
1204404207940348 63.4
1204404208000197 63.42
1204404208060056 63.4
1204404208120912 63.4
1204404208180764 63.42
1204404208240621 63.4
1204404208300476 63.4
1204404208360326 63.42
1204404208420181 63.42
1204404208480041 63.4
1204404208540892 63.42
1204404208600751 63.4
1204404208660601 63.42
1204404208720458 63.42
1204404208780315 63.4
1204404208840167 63.42
1204404208900022 63.42
1204404208960877 63.42
1204404209020732 63.42
1204404209080587 63.42
1204404209150454 63.42
1204404209200296 63.42
1204404209260155 63.4
1204404209320006 63.42
1204404209380861 63.42
1204404209440717 63.42
1204404209500575 63.4
1204404209560430 63.4
1204404209630286 63.4
1204404209680135 63.42
1204404209750996 63.4
1204404209810851 63.4
1204404209860701 63.42
1204404209930560 63.4
1204404209940502 63.4
1204404209990387 63.42
1204404300060500 63.4
1204404300120356 63.4
1204404300180210 63.4
1204404300240064 63.4
1204404300290916 63.42
1204404300360776 63.4
1204404300410628 63.42
1204404300470481 63.42
1204404300540340 63.4
1204404300600193 63.44
1204404300660048 63.46
1204404300720904 63.44
1204404300780758 63.46
1204404300840613 63.44
1204404300900469 63.46
1204404300960323 63.46
1204404301020178 63.44
1204404301080033 63.46
1204404301140887 63.46
1204404301200744 63.46
1204404301260706 63.46
1204404301320453 63.44
1204404301380308 63.46
1204404301440161 63.44
1204404301500017 63.46
1204404301560872 63.44
1204404301620728 63.46
1204404301680582 63.46
1204404301740437 63.46
1204404301800291 63.46
1204404301860164 63.46
1204404301920003 63.46
1204404301980858 63.44
1204404302040713 63.44
1204404302100567 63.46
1204404302160422 63.46
1204404302220276 63.46
1204404302280131 63.46
1204404302340987 63.46
1204404302400842 63.46
1204404302460710 63.46
1204404302520552 63.46
1204404302580406 63.44
1204404302640262 63.44
1204404302700116 63.46
1204404302760972 63.44
1204404302820826 63.46
1204404302880681 63.46
1204404302940536 63.44
1204404302950467 63.48
1204404303010366 63.46
1204404303070221 63.44
1204404303130076 63.44
1204404303190932 63.46
1204404303250787 63.44
1204404303310640 63.42
1204404303370495 63.42
1204404303430350 63.42
1204404303490203 63.42
1204404303550060 63.44
1204404303610914 63.42
1204404303670770 63.42
1204404303730625 63.42
1204404303790480 63.42
1204404303850337 63.44
1204404303910190 63.42
1204404303970043 63.42
1204404304030899 63.42
1204404304090756 63.44
1204404304150782 63.42
1204404304210466 63.44
1204404304270319 63.42
1204404304330174 63.42
1204404304390028 63.42
1204404304450883 63.42
1204404304510739 63.42
1204404304570594 63.42
1204404304630451 63.44
1204404304690302 63.42
1204404304750157 63.42
1204404304810013 63.42
1204404304870871 63.44
1204404304930725 63.42
1204404304990578 63.42
1204404305050447 63.42
1204404305110288 63.42
1204404305170143 63.42
1204404305230997 63.42
1204404305290853 63.42
1204404305350710 63.44
1204404305410563 63.42
1204404305470418 63.42
1204404305530273 63.42
1204404305590126 63.42
1204404305650998 63.44
1204404305710837 63.42
1204404305770693 63.42
1204404305830547 63.42
1204404305890403 63.42
1204404305950257 63.42
1204404305960160 63.44
1204404306020090 63.44
1204404306080943 63.42
1204404306140797 63.42
1204404306200652 63.42
1204404306260508 63.42
1204404306320363 63.42
1204404306380218 63.42
1204404306440073 63.42
1204404306500929 63.42
1204404306560782 63.42
1204404306620637 63.42
1204404306680494 63.44
1204404306740347 63.42
1204404306800201 63.42
1204404306860056 63.42
1204404306920912 63.42
1204404306980768 63.42
1204404307040621 63.42
1204404307100477 63.42
1204404307160332 63.42
1204404307220187 63.42
1204404307280042 63.42
1204404307340898 63.42
1204404307400753 63.44
1204404307460609 63.44
1204404307520462 63.42
1204404307580317 63.42
1204404307640171 63.42
1204404307700028 63.44
1204404307760882 63.42
1204404307820735 63.42
1204404307880591 63.42
1204404307940450 63.4
1204404308000305 63.4
1204404308060160 63.4
1204404308120015 63.4
1204404308180871 63.4
1204404308240726 63.4
1204404308300579 63.4
1204404308360434 63.4
1204404308420289 63.4