1204203003200013 63.52
1204203003260866 63.5
1204203003320842 63.5
1204203003380576 63.5
1204203003440431 63.5
1204203003500286 63.5
1204203003560141 63.5
1204203003620116 63.52
1204203003680851 63.5
1204203003740706 63.5
1204203003800561 63.5
1204203003860415 63.5
1204203003920270 63.5
1204203003980125 63.5
1204203004040981 63.5
1204203004100836 63.5
1204203004160690 63.5
1204203004220680 63.5
1204203004280402 63.52
1204203004340256 63.5
1204203004400109 63.5
1204203004460965 63.5
1204203004520936 63.5
1204203004580675 63.5
1204203004640530 63.5
1204203004700386 63.5
1204203004760239 63.5
1204203004820237 63.5
1204203004880950 63.5
1204203004940805 63.5
1204203005000662 63.52
1204203005060514 63.5
1204203005120496 63.5
1204203005180224 63.5
1204203005240080 63.5
1204203005300935 63.5
1204203005360789 63.5
1204203005420771 63.5
1204203005440559 63.52
1204203005490475 63.5
1204203005550329 63.5
1204203005610184 63.5
1204203005670039 63.5
1204203005730896 63.5
1204203005790750 63.5
1204203005850604 63.5
1204203005910459 63.5
1204203005970314 63.5
1204203006030170 63.5
1204203006090025 63.5
1204203006150879 63.5
1204203006210734 63.5
1204203006270590 63.5
1204203006330445 63.5
1204203006390300 63.5
1204203006450153 63.5
1204203006510014 63.48
1204203006570871 63.48
1204203006630726 63.48
1204203006690581 63.48
1204203006750434 63.48
1204203006810289 63.48
1204203006870144 63.48
1204203006930000 63.48
1204203006990856 63.48
1204203007050705 63.46
1204203007110560 63.46
1204203007170415 63.44
1204203007230270 63.44
1204203007290124 63.42
1204203007350978 63.42
1204203007410837 63.4
1204203007470692 63.4
1204203007530544 63.38
1204203007590397 63.38
1204203007650252 63.38
1204203007710107 63.38
1204203007770964 63.38
1204203007830823 63.37
1204203007890678 63.37
1204203007950531 63.37
1204203008010384 63.35
1204203008070242 63.37
1204203008130097 63.37
1204203008190951 63.37
1204203008250806 63.37
1204203008310662 63.37
1204203008370517 63.37
1204203008430370 63.35
1204203008450268 63.33
1204203008500198 63.31
1204203008560227 63.29
1204203008620037 63.24
1204203008680762 63.22
1204203008740620 63.2
1204203008800473 63.18
1204203008860332 63.16
1204203008920183 63.14
1204203008980040 63.12
1204203009040893 63.11
1204203009100748 63.09
1204203009160671 63.05
1204203009220577 62.98
1204203009280313 62.88
1204203009340171 62.73
1204203009400024 62.6
1204203009460878 62.53
1204203009520884 62.51
1204203009580587 62.51
1204203009640444 62.49
1204203009700297 62.47
1204203009760164 62.47
1204203009820137 62.45
1204203009880866 62.45
1204203009940717 62.42
1204203100000572 62.38
1204203100060685 62.36
1204203100120669 62.34
1204203100180392 62.34
1204203100240247 62.34
1204203100300106 62.32
1204203100360972 62.29
1204203100420952 62.27
1204203100480667 62.23
1204203100540522 62.23
1204203100600375 62.21
1204203100660232 62.19
1204203100720203 62.18
1204203100780942 62.18
1204203100840802 62.16
1204203100900656 62.16
1204203100960509 62.16
1204203101020484 62.14
1204203101080216 62.14
1204203101140075 62.16
1204203101200933 62.12
1204203101260788 62.12
1204203101320773 62.08
1204203101380495 62.06
1204203101440346 62.03
1204203101460247 62.05
1204203101510176 62.03
1204203101570033 62.01
1204203101630889 62.01
1204203101690746 61.99
1204203101750596 61.97
1204203101810453 61.93
1204203101870308 61.93
1204203101930163 61.93
1204203101990023 61.92
1204203102050873 61.88
1204203102110732 61.84
1204203102170581 61.78
1204203102230439 61.75
1204203102290292 61.73
1204203102350146 61.71
1204203102410000 61.71
1204203102470857 61.71
1204203102530710 61.71
1204203102590567 61.69
1204203102650420 61.65
1204203102710281 61.6
1204203102770134 61.51
1204203102830989 61.47
1204203102890842 61.45
1204203102950697 61.43
1204203103010552 61.39
1204203103070407 61.38
1204203103130265 61.32
1204203103190116 61.23
1204203103250972 61.12
1204203103310825 61.06
1204203103370681 60.98
1204203103430534 60.93
1204203103490389 60.85
1204203103550244 60.76
1204203103610099 60.63
1204203103670953 60.54
1204203103730809 60.45
1204203103790664 60.37
1204203103850521 60.32
1204203103910373 60.26
1204203103970230 60.24
1204203104030081 60.22
1204203104090939 60.2
1204203104150795 60.18
1204203104210650 60.17
1204203104270505 60.15
1204203104330358 60.13
1204203104390212 60.11
1204203104450066 60.11
1204203104470969 60.15
1204203104520019 60.09
1204203104580752 60.09
1204203104640607 60.09
1204203104700462 60.09
1204203104760318 60.09
1204203104820329 60.09
1204203104880026 60.09
1204203104940883 60.09
1204203105000738 60.09
1204203105060593 60.07
1204203105120583 60.09
1204203105180301 60.09
1204203105240156 60.07
1204203105300011 60.07
1204203105360868 60.07
1204203105420851 60.07
1204203105480576 60.07
1204203105540432 60.09
1204203105600287 60.07
1204203105660142 60.07
1204203105720142 60.07
1204203105780851 60.05
1204203105840707 60.07
1204203105900562 60.05
1204203105960417 60.05
1204203106020417 60.05
1204203106080127 60.04
1204203106140982 60.05
1204203106200837 60.05
1204203106260691 60.05
1204203106320679 60.05
1204203106380403 60.04
1204203106440258 60.02
1204203106500113 60.02
1204203106560969 60.02
1204203106620957 60
1204203106680679 60
1204203106740534 60
1204203106800390 60
1204203106860245 60
1204203106920100 60
1204203106980957 60
1204203107040810 60
1204203107100661 59.98
1204203107160518 59.96
1204203107220487 59.94
1204203107280228 59.92
1204203107340080 59.91
1204203107400936 59.91
1204203107460792 59.91
1204203107480695 59.92
1204203107530621 59.89
1204203107590476 59.89
1204203107650331 59.89
1204203107710186 59.89
1204203107770040 59.89
1204203107830898 59.87
1204203107890753 59.87
1204203107950626 59.87
1204203108010464 59.87
1204203108070315 59.85
1204203108130170 59.85
1204203108190025 59.85
1204203108250882 59.85
1204203108310737 59.87
1204203108370590 59.85
1204203108430445 59.85
1204203108490301 59.85
1204203108550168 59.85
1204203108610009 59.85
1204203108670865 59.85
1204203108730720 59.85
1204203108790579 59.83
1204203108850430 59.85
1204203108910285 59.85
1204203108970139 59.85
1204203109030995 59.85
1204203109090850 59.85
1204203109150705 59.85
1204203109210560 59.85
1204203109270415 59.85
1204203109330269 59.85
1204203109390124 59.85
1204203109450980 59.85
1204203109510836 59.85
1204203109570689 59.85
1204203109630548 59.83
1204203109690403 59.83
1204203109750258 59.83
1204203109810108 59.81
1204203109870968 59.83
1204203109930823 59.83
1204203109990678 59.83
1204203200050790 59.83
1204203200110645 59.83
1204203200170499 59.83
1204203200230354 59.83
1204203200290209 59.83
1204203200350064 59.83
1204203200410920 59.83
1204203200470775 59.83
1204203200490671 59.85
1204203200540606 59.83
1204203200600460 59.83
1204203200660314 59.83
1204203200720292 59.83
1204203200780024 59.83
1204203200840880 59.83
1204203200900735 59.83
1204203200960588 59.83
1204203201020600 59.83
1204203201080299 59.83
1204203201140154 59.83
1204203201200009 59.83
1204203201260865 59.83
1204203201320869 59.83
1204203201380574 59.83
1204203201440429 59.83
1204203201500284 59.83
1204203201560138 59.83
1204203201620135 59.83
1204203201680849 59.83
1204203201740700 59.81
1204203201800559 59.83
1204203201860413 59.83
1204203201920268 59.83
1204203201980123 59.83
1204203202040976 59.81
1204203202100830 59.81
1204203202160684 59.81
1204203202220697 59.81
1204203202280394 59.81
1204203202340249 59.81
1204203202400104 59.81
1204203202460961 59.81
1204203202520951 59.81
1204203202580669 59.81
1204203202640524 59.81
1204203202700379 59.81
1204203202760233 59.81
1204203202820252 59.81
1204203202880948 59.83
1204203202940803 59.83
1204203203000654 59.91
1204203203060510 60.09
1204203203120523 60.33
1204203203180218 60.58
1204203203240073 60.74
1204203203300931 60.84
1204203203360788 60.87
1204203203420776 60.89
1204203203480493 60.89
1204203203500545 60.89
1204203203550325 60.89
1204203203610178 60.89
1204203203670035 60.91
1204203203730891 60.91
1204203203790744 60.95
1204203203850604 61
1204203203910455 61.06
1204203203970310 61.08
1204203204030165 61.08
1204203204090021 61.08
1204203204150875 61.1
1204203204210734 61.12
1204203204270587 61.12
1204203204330444 61.13
1204203204390297 61.12
1204203204450154 61.13
1204203204510009 61.13
1204203204570860 61.21
1204203204630716 61.26
1204203204690570 61.26
1204203204750426 61.26
1204203204810281 61.25
1204203204870134 61.26
1204203204930990 61.26
1204203204990846 61.25
1204203205050699 61.26
1204203205110556 61.21
1204203205170409 61.17
1204203205230266 61.15
1204203205290121 61.15
1204203205350978 61.15
1204203205410835 61.13
1204203205470686 61.12
1204203205530537 61.1
1204203205590392 61.1
1204203205650250 61.08
1204203205710107 61.04
1204203205770961 61
1204203205830817 61
1204203205890670 60.98
1204203205950523 60.98
1204203206010376 60.97
1204203206070232 60.97
1204203206130087 60.95
1204203206190943 60.95
1204203206250798 60.95
1204203206310653 60.95
1204203206370506 60.95
1204203206430361 60.93
1204203206490217 60.93
1204203206510130 60.95
1204203206560046 60.93
1204203206620046 60.93
1204203206680760 60.91
1204203206740627 60.93
1204203206800470 60.91
1204203206860323 60.91
1204203206920176 60.89
1204203206980036 60.87
1204203207040888 60.85
1204203207100743 60.82
1204203207160599 60.71
1204203207220604 60.61
1204203207280309 60.52
1204203207340162 60.52
1204203207400017 60.5
1204203207460874 60.5
1204203207520897 60.48
1204203207580586 60.48
1204203207640442 60.48
1204203207700295 60.48
1204203207760150 60.48
1204203207820127 60.48
1204203207880860 60.46
1204203207940715 60.48
1204203208000570 60.48
1204203208060426 60.48
1204203208120437 60.46
1204203208180132 60.46
1204203208240990 60.48
1204203208300843 60.46
1204203208360699 60.46
1204203208420700 60.46
1204203208480409 60.48
1204203208540262 60.46
1204203208600117 60.46
1204203208660974 60.46
1204203208720966 60.45
1204203208780682 60.46
1204203208840537 60.46
1204203208900390 60.45
1204203208960248 60.46
1204203209020257 60.45
1204203209080957 60.45
1204203209140810 60.45
1204203209200666 60.43
1204203209260521 60.43
1204203209320532 60.41
1204203209380229 60.39
1204203209440085 60.37
1204203209500943 60.37
1204203209520076 60.37
1204203209570773 60.35
1204203209630628 60.35
1204203209690481 60.33
1204203209750336 60.3
1204203209810195 60.28
1204203209870045 60.26
1204203209930901 60.26
1204203209990758 60.24
1204203300050867 60.24
1204203300110720 60.26
1204203300170576 60.26
1204203300230431 60.26
1204203300290288 60.24
1204203300350139 60.26
1204203300410995 60.26
1204203300470850 60.26
1204203300530706 60.26
1204203300590561 60.26
1204203300650420 60.32
1204203300710269 60.41
1204203300770124 60.45
1204203300830981 60.45
1204203300890836 60.45
1204203300950689 60.45
1204203301010544 60.45
1204203301070399 60.45
1204203301130255 60.45
1204203301190110 60.45
1204203301250964 60.45
1204203301310821 60.46
1204203301370677 60.46
1204203301430532 60.46
1204203301490387 60.48
1204203301550243 60.48
1204203301610098 60.48
1204203301670954 60.48
1204203301730808 60.48
1204203301790663 60.48
1204203301850518 60.48
1204203301910373 60.48
1204203301970226 60.46
1204203302030081 60.48
1204203302090938 60.48
1204203302150793 60.48
1204203302210646 60.46
1204203302270502 60.46
1204203302330354 60.43
1204203302390208 60.43
1204203302450063 60.43
1204203302510919 60.39
1204203302530846 60.41
1204203302580753 60.32
1204203302640606 60.24
1204203302700461 60.17
1204203302760315 60.09
1204203302820346 60.02
1204203302880023 59.98
1204203302940881 59.96
1204203303000738 59.92
1204203303060590 59.89
1204203303120590 59.83
1204203303180298 59.79
1204203303240155 59.76
1204203303300011 59.68
1204203303360865 59.57
1204203303420880 59.44
1204203303480573 59.38
1204203303540431 59.35
1204203303600284 59.35
1204203303660140 59.35
1204203303720152 59.35
1204203303780851 59.35
1204203303840705 59.35
1204203303900560 59.35
1204203303960413 59.33
1204203304020423 59.33
1204203304080123 59.33
1204203304140978 59.33
1204203304200833 59.33
1204203304260688 59.31
1204203304320711 59.31
1204203304380398 59.31
1204203304440251 59.31
1204203304500108 59.31
1204203304560963 59.29
1204203304620990 59.29
1204203304680673 59.29
1204203304740528 59.29
1204203304800384 59.29
1204203304860237 59.29
1204203304920092 59.29
1204203304980948 59.29
1204203305040803 59.31
1204203305100658 59.29
1204203305160511 59.29
1204203305220544 59.29
1204203305280222 59.29
1204203305340076 59.31
1204203305400934 59.29
1204203305460787 59.31
1204203305520810 59.31
1204203305540569 59.33
1204203305590473 59.31
1204203305650327 59.29
1204203305710182 59.31
1204203305770036 59.31
1204203305830893 59.29
1204203305890747 59.31
1204203305950603 59.29
1204203306010456 59.29
1204203306070311 59.31
1204203306130180 59.31
1204203306190021 59.31
1204203306250878 59.29
1204203306310733 59.31
1204203306370586 59.31
1204203306430441 59.31
1204203306490296 59.29
1204203306550152 59.31
1204203306610007 59.31
1204203306670863 59.29
1204203306730730 59.31
1204203306790572 59.31
1204203306850427 59.31
1204203306910282 59.31
1204203306970135 59.29
1204203307030991 59.29
1204203307090847 59.29
1204203307150704 59.27
1204203307210555 59.29
1204203307270410 59.29
1204203307330280 59.29
1204203307390121 59.29
1204203307450979 59.27
1204203307510830 59.25
1204203307570686 59.25
1204203307630541 59.25
1204203307690396 59.25
1204203307750251 59.25
1204203307810108 59.24
1204203307870961 59.22
1204203307930818 59.2
1204203307990673 59.18
1204203308050526 59.18
1204203308110379 59.11
1204203308170235 59.09
1204203308230090 59.09
1204203308290946 59.09
1204203308350800 59.09
1204203308410656 59.09
1204203308470509 59.09
1204203308530365 59.09
1204203308550264 59.11
1204203308600194 59.07
1204203308660051 59.09
1204203308720063 59.09
1204203308780761 59.09
1204203308840616 59.11
1204203308900472 59.11
1204203308960325 59.11
1204203309020346 59.09
1204203309080035 59.09
1204203309140891 59.09
1204203309200746 59.11
1204203309260599 59.09
1204203309320613 59.11
1204203309380310 59.11
1204203309440165 59.09
1204203309500024 59.09
1204203309560875 59.11
1204203309620875 59.11
1204203309680585 59.09
1204203309740439 59.09
1204203309800294 59.11
1204203309860149 59.11
1204203309920004 59.11
1204203309980860 59.11
1204203400040971 59.11
1204203400100826 59.11
1204203400160681 59.09
1204203400220681 59.09
1204203400280389 59.09
1204203400340245 59.11
1204203400400100 59.11
1204203400460954 59.11
1204203400520979 59.11
1204203400580664 59.11
1204203400640520 59.11
1204203400700375 59.11
1204203400760232 59.12
1204203400820257 59.12
1204203400880943 59.12
1204203400940799 59.12
1204203401000654 59.12
1204203401060507 59.12
1204203401120511 59.12
1204203401180217 59.12
1204203401240073 59.12
1204203401300927 59.12
1204203401360782 59.12
1204203401420796 59.12
1204203401480493 59.12
1204203401540347 59.12
1204203401560246 59.14
1204203401610178 59.12
1204203401670033 59.12
1204203401730889 59.12
1204203401790743 59.12
1204203401850598 59.12
1204203401910453 59.12
1204203401970308 59.12
1204203402030163 59.12
1204203402090016 59.12
1204203402150873 59.12
1204203402210728 59.12
1204203402270583 59.12
1204203402330438 59.12
1204203402390293 59.12
1204203402450147 59.12
1204203402510002 59.16
1204203402570856 59.18
1204203402630711 59.18
1204203402690566 59.18
1204203402750420 59.18
1204203402810274 59.18
1204203402870130 59.18
1204203402930988 59.16
1204203402990843 59.16
1204203403050694 59.18
1204203403110551 59.16
1204203403170405 59.18
1204203403230260 59.18
1204203403290115 59.18
1204203403350971 59.16
1204203403410824 59.18
1204203403470682 59.16
1204203403530535 59.14
1204203403590390 59.14
1204203403650246 59.12
1204203403710097 59.11
1204203403770953 59.09
1204203403830809 59.09
1204203403890661 59.09
1204203403950517 59.11
1204203404010372 59.09
1204203404070227 59.09
1204203404130082 59.09
1204203404190938 59.09
1204203404250793 59.09
1204203404310648 59.11
1204203404370501 59.11
1204203404430357 59.09
1204203404490212 59.09
1204203404550067 59.11
1204203404570968 59.11
1204203404620077 59.11
1204203404680753 59.11
1204203404740612 59.12
1204203404800463 59.14
1204203404860319 59.14
1204203404920176 59.12
1204203404980031 59.16
1204203405040887 59.16
1204203405100738 59.18
1204203405160594 59.18
1204203405220644 59.18
1204203405280304 59.18
1204203405340160 59.18
1204203405400013 59.2
1204203405460869 59.2
1204203405520725 59.2
1204203405580581 59.24
1204203405640434 59.27
1204203405700287 59.35
1204203405760142 59.44
1204203405820158 59.5
1204203405880854 59.53
1204203405940709 59.53
1204203406000561 59.55
1204203406060418 59.53
1204203406120443 59.53
1204203406180126 59.55
1204203406240984 59.53
1204203406300837 59.55
1204203406360694 59.53
1204203406420698 59.53
1204203406480402 59.53
1204203406540258 59.53
1204203406600113 59.53
1204203406660967 59.55
1204203406720985 59.53
1204203406780676 59.55
1204203406840533 59.53
1204203406900388 59.53
1204203406960241 59.51
1204203407020269 59.53
1204203407080953 59.53
1204203407140808 59.53
1204203407200661 59.55
1204203407260518 59.53
1204203407320538 59.53
1204203407380227 59.53
1204203407440084 59.5
1204203407500948 59.5
1204203407560794 59.48
1204203407580695 59.5
1204203407630623 59.46
1204203407690478 59.46
1204203407750333 59.46
1204203407810186 59.44
1204203407870042 59.44
1204203407930898 59.44
1204203407990753 59.44
1204203408050609 59.44
1204203408110463 59.44
1204203408170317 59.44
1204203408230172 59.44
1204203408290027 59.44
1204203408350883 59.44
1204203408410738 59.44
1204203408470591 59.44
1204203408530447 59.44
1204203408590302 59.42
1204203408650157 59.44
1204203408710163 59.44
1204203408770868 59.44
1204203408830722 59.42
1204203408890577 59.42
1204203408950432 59.42
1204203409010287 59.44
1204203409070141 59.42
1204203409130997 59.42
1204203409190852 59.44
1204203409250707 59.42
1204203409310650 59.44
1204203409370416 59.44
1204203409430271 59.44
1204203409490126 59.42
1204203409550981 59.44
1204203409610836 59.44
1204203409670691 59.46
1204203409730546 59.44
1204203409790401 59.44
1204203409850257 59.44
1204203409910123 59.44
1204203409970966 59.46
1204203500030077 59.44
1204203500090933 59.44
1204203500150786 59.46
1204203500210641 59.46
1204203500270497 59.44
1204203500330352 59.44
1204203500390205 59.44
1204203500450061 59.44
1204203500510931 59.44
1204203500570772 59.44
1204203500590672 59.46
1204203500640603 59.44
1204203500700457 59.46
1204203500760312 59.44
1204203500820340 59.44
1204203500880021 59.44
1204203500940877 59.44
1204203501000733 59.44
1204203501060588 59.44
1204203501120621 59.44
1204203501180296 59.44
1204203501240152 59.44
1204203501300007 59.46
1204203501360863 59.44
1204203501420904 59.46
1204203501480571 59.44
1204203501540427 59.44
1204203501600282 59.44
1204203501660138 59.44
1204203501720186 59.44
1204203501780847 59.44
1204203501840702 59.42
1204203501900557 59.42
1204203501960410 59.42
1204203502020434 59.42
1204203502080120 59.42
1204203502140977 59.42
1204203502200832 59.42
1204203502260687 59.42
1204203502320730 59.42
1204203502380395 59.42
1204203502440251 59.42
1204203502500118 59.44
1204203502560961 59.42
1204203502620992 59.42
1204203502680672 59.42
1204203502740526 59.46
1204203502800382 59.5
1204203502860233 59.59
1204203502920090 59.7
1204203502980948 59.83
1204203503040800 59.89
1204203503100653 59.91
1204203503160509 59.91
1204203503220553 59.91
1204203503280217 59.91
1204203503340073 59.91
1204203503400929 59.91
1204203503460784 59.91
1204203503520815 59.92
1204203503580496 59.92
1204203503600394 59.94
1204203503650329 59.92
1204203503710177 59.94
1204203503770033 59.94
1204203503830889 59.94
1204203503890744 59.94
1204203503950598 59.94
1204203504010457 59.92
1204203504070308 59.94
1204203504130164 59.94
1204203504190021 59.92
1204203504250873 59.94
1204203504310728 59.94
1204203504370584 59.98
1204203504430442 60
1204203504490295 60.02
1204203504550149 60.02
1204203504610004 60.02
1204203504670861 60.04
1204203504730716 60.02
1204203504790569 60.04
1204203504850424 60.04
1204203504910280 60.04
1204203504970135 60.04
1204203505030989 60.02
1204203505090844 60.04
1204203505150700 60.04
1204203505210555 60.04
1204203505270410 60.04
1204203505330263 60.04
1204203505390118 60.04
1204203505450975 60.04
1204203505510830 60.04
1204203505570685 60.02
1204203505630538 60.04
1204203505690394 60.04
1204203505750249 60.04
1204203505810104 60.04
1204203505870960 60.04
1204203505930813 60.04
1204203505990668 60.04
1204203506050524 60.04
1204203506110379 60.04
1204203506170234 60.02
1204203506230090 60
1204203506290945 60
1204203506350799 59.96
1204203506410652 59.89
1204203506470507 59.79
1204203506530362 59.68
1204203506590216 59.59
1204203506610115 59.59
1204203506660051 59.5
1204203506720079 59.46
1204203506780759 59.42
1204203506840614 59.42
1204203506900634 59.4
1204203506960322 59.38
1204203507020355 59.37
1204203507080034 59.37
1204203507140889 59.37
1204203507200744 59.37
1204203507260599 59.37
1204203507320620 59.35
1204203507380307 59.37
1204203507440162 59.37
1204203507500031 59.37
1204203507560874 59.37
1204203507620891 59.37
1204203507680582 59.35
1204203507740438 59.35
1204203507800293 59.37
1204203507860148 59.35
1204203507920003 59.35
1204203507980857 59.35
1204203508040712 59.35
1204203508100601 59.35
1204203508160423 59.35
1204203508220434 59.35
1204203508280133 59.35
1204203508340988 59.35
1204203508400843 59.35
1204203508460698 59.35
1204203508530757 59.35
1204203508580407 59.37
1204203508640262 59.35
1204203508700131 59.37
1204203508760974 59.35
1204203508830029 59.35
1204203508880682 59.35
1204203508940537 59.35
1204203509000392 59.35
1204203509060247 59.35
1204203509120275 59.35
1204203509180957 59.35
1204203509240812 59.35
1204203509300668 59.35
1204203509360522 59.37
1204203509420567 59.35
1204203509480230 59.35
1204203509540086 59.35
1204203509600941 59.37
1204203509620078 59.37
1204203509670773 59.35
1204203509730628 59.35
1204203509790482 59.37
1204203509850337 59.35
1204203509910192 59.35
1204203509970047 59.35
1204203600030158 59.35
1204203600090011 59.35
1204203600150868 59.35
1204203600210723 59.35
1204203600270576 59.33
1204203600330430 59.31
1204203600390285 59.31
1204203600450140 59.31
1204203600510996 59.31
1204203600570850 59.31
1204203600630705 59.31
1204203600690560 59.31
1204203600750415 59.31
1204203600810269 59.33
1204203600870123 59.33
1204203600930980 59.33
1204203600990835 59.33
1204203601050690 59.31
1204203601110545 59.33
1204203601170398 59.33
1204203601230253 59.33
1204203601290108 59.31
1204203601350965 59.33
1204203601410820 59.33
1204203601470675 59.33
1204203601530528 59.33
1204203601590385 59.35
1204203601650241 59.35
1204203601710096 59.35
1204203601770952 59.35
1204203601830806 59.35
1204203601890660 59.35
1204203601950516 59.4
1204203602010371 59.4
1204203602070224 59.42
1204203602130082 59.5
1204203602190936 59.65
1204203602250789 59.81
1204203602310644 59.96
1204203602370500 60.04
1204203602430353 60.05
1204203602490208 60.05
1204203602550063 60.07
1204203602610919 60.07
1204203602630846 60.07
1204203602680749 60.07
1204203602740604 60.07
1204203602800460 60.07
1204203602860313 60.07
1204203602920168 60.07
1204203602980023 60.07
1204203603040879 60.09
1204203603100735 60.09
1204203603160590 60.09
1204203603230642 60.09
1204203603280298 60.09
1204203603340154 60.09
1204203603400008 60.09
1204203603460865 60.09
1204203603520896 60.09
1204203603580573 60.09
1204203603640429 60.11
1204203603700282 60.09
1204203603760137 60.09
1204203603820170 60.09
1204203603880849 60.09
1204203603940702 60.09
1204203604000557 60.09
1204203604060412 60.09
1204203604130457 60.09
1204203604180123 60.09
1204203604240977 60.11
1204203604300832 60.09
1204203604360688 60.09
1204203604430727 60.09
1204203604480398 60.09
1204203604540251 60.09
1204203604600106 60.09
1204203604660962 60.09
1204203604720987 60.09
1204203604780673 60.09
1204203604840526 60.09
1204203604900382 60.09
1204203604960237 60.09
1204203605030297 60.11
1204203605080950 60.13
1204203605140803 60.18
1204203605200656 60.22
1204203605260513 60.24
1204203605320537 60.24
1204203605380224 60.24
1204203605440077 60.24
1204203605500948 60.24
1204203605560789 60.24
1204203605630849 60.24
1204203605640555 60.26
1204203605690571 60.24
1204203605750333 60.28
1204203605810182 60.41
1204203605870040 60.56
1204203605930894 60.69
1204203605990749 60.69
1204203606050604 60.69
1204203606110458 60.71
1204203606170313 60.69
1204203606230168 60.71
1204203606290058 60.74
1204203606350877 60.74
1204203606410733 60.74
1204203606470588 60.76
1204203606530443 60.84
1204203606590298 60.91
1204203606650153 60.98
1204203606710010 61.04
1204203606770866 61.04
1204203606830719 61.04
1204203606890588 61.04