1204304008730373 57.88
1204304008790227 57.88
1204304008850083 57.88
1204304008910939 57.88
1204304008970793 57.88
1204304009030648 57.9
1204304009100605 57.88
1204304009150357 57.88
1204304009210214 57.88
1204304009270068 57.9
1204304009330922 57.88
1204304009390777 57.9
1204304009450633 57.88
1204304009510486 57.9
1204304009570342 57.88
1204304009630197 57.9
1204304009690068 57.9
1204304009750906 57.88
1204304009810762 57.88
1204304009830663 57.9
1204304009880615 57.88
1204304009940448 57.88
1204304100000560 57.9
1204304100060414 57.88
1204304100120269 57.9
1204304100180131 57.9
1204304100240979 57.9
1204304100300834 57.9
1204304100360689 57.9
1204304100420543 57.9
1204304100480412 57.9
1204304100540253 57.88
1204304100600110 57.91
1204304100660965 57.9
1204304100720820 57.9
1204304100790734 57.9
1204304100840529 57.9
1204304100900383 57.88
1204304100960238 57.9
1204304101020093 57.88
1204304101080954 57.9
1204304101140803 57.9
1204304101200657 57.9
1204304101260512 57.88
1204304101320367 57.9
1204304101380237 57.9
1204304101440078 57.88
1204304101500933 57.88
1204304101570861 57.9
1204304101620644 57.91
1204304101680508 57.91
1204304101740355 57.91
1204304101800209 57.91
1204304101860065 57.91
1204304101920919 57.91
1204304101990883 57.91
1204304102040628 57.91
1204304102100480 57.95
1204304102160339 57.91
1204304102220194 57.91
1204304102280061 57.91
1204304102340905 57.91
1204304102400759 57.91
1204304102470781 57.91
1204304102520465 57.93
1204304102580333 57.97
1204304102640174 58.01
1204304102700030 58.08
1204304102760889 58.16
1204304102820744 58.25
1204304102840653 58.27
1204304102890572 58.31
1204304102950426 58.36
1204304103010282 58.36
1204304103070136 58.38
1204304103130993 58.38
1204304103190848 58.36
1204304103250702 58.38
1204304103320716 58.38
1204304103370412 58.38
1204304103430266 58.38
1204304103500274 58.38
1204304103550978 58.38
1204304103610834 58.4
1204304103670689 58.4
1204304103730539 58.42
1204304103790396 58.45
1204304103850253 58.51
1204304103910107 58.6
1204304103970962 58.7
1204304104030818 58.77
1204304104090672 58.83
1204304104150527 58.83
1204304104210382 58.83
1204304104270237 58.83
1204304104330091 58.81
1204304104390945 58.81
1204304104450804 58.83
1204304104510657 58.83
1204304104570511 58.85
1204304104630367 58.85
1204304104690222 58.86
1204304104750078 58.86
1204304104810931 58.9
1204304104870786 58.96
1204304104930639 59.03
1204304104990494 59.09
1204304105050351 59.12
1204304105110204 59.18
1204304105170058 59.25
1204304105230913 59.33
1204304105290769 59.4
1204304105350625 59.46
1204304105410481 59.5
1204304105470336 59.48
1204304105530189 59.51
1204304105590042 59.57
1204304105650899 59.63
1204304105710754 59.74
1204304105770607 59.85
1204304105830462 59.94
1204304105850377 59.98
1204304105900297 60
1204304105960150 60.04
1204304106020002 60.11
1204304106080871 60.26
1204304106140713 60.45
1204304106200571 60.63
1204304106260424 60.76
1204304106320280 60.84
1204304106380150 60.91
1204304106440988 60.95
1204304106500847 61
1204304106560699 61.02
1204304106620556 61.04
1204304106680421 61.02
1204304106740263 61.08
1204304106800121 61.12
1204304106860978 61.13
1204304106920831 61.19
1204304106990862 61.23
1204304107040539 61.23
1204304107110457 61.23
1204304107160250 61.26
1204304107220104 61.3
1204304107290176 61.38
1204304107340815 61.41
1204304107400672 61.43
1204304107460525 61.47
1204304107520383 61.51
1204304107590251 61.56
1204304107640092 61.56
1204304107700947 61.56
1204304107760803 61.56
1204304107820655 61.58
1204304107880518 61.56
1204304107940366 61.58
1204304108000220 61.58
1204304108060076 61.58
1204304108120930 61.58
1204304108180791 61.58
1204304108240639 61.58
1204304108300494 61.58
1204304108360350 61.58
1204304108420208 61.6
1204304108490154 61.6
1204304108540919 61.6
1204304108600769 61.62
1204304108660622 61.62
1204304108720478 61.62
1204304108790348 61.62
1204304108840191 61.64
1204304108860087 61.65
1204304108910018 61.62
1204304108970877 61.64
1204304109030729 61.62
1204304109090584 61.62
1204304109150442 61.64
1204304109210292 61.62
1204304109270148 61.62
1204304109330002 61.62
1204304109390862 61.64
1204304109450712 61.62
1204304109510568 61.62
1204304109570423 61.62
1204304109630278 61.62
1204304109690132 61.62
1204304109750992 61.64
1204304109810846 61.64
1204304109870699 61.65
1204304109930553 61.65
1204304109990412 61.64
1204304200050518 61.65
1204304200110373 61.65
1204304200170227 61.65
1204304200230082 61.65
1204304200300102 61.65
1204304200350793 61.65
1204304200410648 61.65
1204304200470503 61.65
1204304200530356 61.65
1204304200590212 61.65
1204304200650068 61.65
1204304200710922 61.67
1204304200770779 61.69
1204304200830632 61.71
1204304200890487 61.73
1204304200950341 61.71
1204304201010196 61.71
1204304201070053 61.75
1204304201130907 61.73
1204304201190764 61.75
1204304201250616 61.73
1204304201310474 61.75
1204304201370327 61.75
1204304201430182 61.75
1204304201500039 61.75
1204304201550893 61.75
1204304201620749 61.75
1204304201680604 61.75
1204304201740458 61.75
1204304201800312 61.75
1204304201860168 61.75
1204304201870069 61.75
1204304201930998 61.75
1204304201990985 61.77
1204304202050710 61.75
1204304202100561 61.77
1204304202170416 61.78
1204304202230271 61.78
1204304202290140 61.78
1204304202350982 61.78
1204304202410841 61.8
1204304202470695 61.8
1204304202530546 61.78
1204304202590427 61.78
1204304202650311 61.8
1204304202710110 61.78
1204304202770970 61.8
1204304202830821 61.78
1204304202890687 61.8
1204304202950532 61.78
1204304203010386 61.82
1204304203070244 61.8
1204304203130100 61.8
1204304203190965 61.78
1204304203250811 61.8
1204304203310661 61.82
1204304203370515 61.82
1204304203430375 61.84
1204304203490252 61.82
1204304203550080 61.82
1204304203610936 61.82
1204304203670791 61.82
1204304203730645 61.82
1204304203790519 61.84
1204304203850354 61.82
1204304203910209 61.82
1204304203970064 61.82
1204304204030920 61.82
1204304204090833 61.84
1204304204150630 61.82
1204304204210486 61.82
1204304204270345 61.84
1204304204330200 61.84
1204304204390073 61.86
1204304204450907 61.88
1204304204510763 61.88
1204304204570616 61.88
1204304204630471 61.88
1204304204690337 61.86
1204304204750181 61.88
1204304204810035 61.88
1204304204870891 61.88
1204304204890045 61.86
1204304204940721 61.88
1204304205000580 61.86
1204304205060433 61.9
1204304205120286 61.88
1204304205180142 61.88
1204304205240998 61.88
1204304205300853 61.88
1204304205360706 61.88
1204304205420561 61.88
1204304205480417 61.88
1204304205540272 61.88
1204304205600125 61.88
1204304205660982 61.9
1204304205720836 61.9
1204304205780691 61.88
1204304205840546 61.9
1204304205900400 61.9
1204304205960261 61.92
1204304206020114 61.92
1204304206080970 61.92
1204304206140821 61.93
1204304206200676 61.93
1204304206260534 61.92
1204304206320386 61.93
1204304206380238 61.95
1204304206440094 61.97
1204304206500950 61.95
1204304206560803 61.97
1204304206620662 62.01
1204304206680514 62.03
1204304206740371 62.08
1204304206800223 62.1
1204304206860084 62.12
1204304206920934 62.14
1204304206980789 62.14
1204304207040648 62.16
1204304207100499 62.14
1204304207160357 62.16
1204304207220212 62.16
1204304207280065 62.16
1204304207340923 62.16
1204304207400778 62.16
1204304207460631 62.16
1204304207520486 62.16
1204304207580342 62.16
1204304207640197 62.16
1204304207700051 62.16
1204304207760903 62.18
1204304207820759 62.19
1204304207880614 62.19
1204304207890539 62.23
1204304207950444 62.19
1204304208010297 62.21
1204304208070154 62.21
1204304208130008 62.21
1204304208190874 62.19
1204304208250717 62.21
1204304208310575 62.19
1204304208370429 62.21
1204304208430282 62.21
1204304208490151 62.21
1204304208550996 62.19
1204304208610851 62.19
1204304208670704 62.19
1204304208730557 62.21
1204304208790447 62.19
1204304208850270 62.19
1204304208910121 62.21
1204304208970978 62.23
1204304209030832 62.23
1204304209090710 62.23
1204304209150542 62.23
1204304209210397 62.23
1204304209270252 62.23
1204304209330108 62.23
1204304209390980 62.23
1204304209450818 62.23
1204304209510672 62.23
1204304209570527 62.23
1204304209630381 62.23
1204304209690265 62.21
1204304209750091 62.23
1204304209810947 62.23
1204304209870801 62.23
1204304209930657 62.23
1204304209990650 62.23
1204304300050621 62.25
1204304300110479 62.27
1204304300170331 62.25
1204304300230185 62.25
1204304300290054 62.25
1204304300350898 62.27
1204304300410751 62.25
1204304300470746 62.25
1204304300530460 62.25
1204304300590359 62.25
1204304300650172 62.25
1204304300710025 62.25
1204304300770880 62.25
1204304300830736 62.25
1204304300890597 62.25
1204304300900506 62.29
1204304300960423 62.27
1204304301020277 62.25
1204304301080132 62.27
1204304301140987 62.25
1204304301200841 62.25
1204304301260697 62.25
1204304301320552 62.27
1204304301380406 62.25
1204304301440262 62.25
1204304301500115 62.25
1204304301560972 62.25
1204304301620826 62.25
1204304301680681 62.25
1204304301740537 62.25
1204304301800391 62.25
1204304301860245 62.25
1204304301920101 62.25
1204304301980956 62.25
1204304302040811 62.25
1204304302100665 62.25
1204304302160520 62.25
1204304302220375 62.25
1204304302280231 62.29
1204304302340087 62.29
1204304302400941 62.31
1204304302460796 62.31
1204304302520654 62.32
1204304302580504 62.31
1204304302640360 62.31
1204304302700216 62.31
1204304302760071 62.29
1204304302820925 62.31
1204304302880780 62.31
1204304302940634 62.31
1204304303000491 62.31
1204304303060344 62.31
1204304303120203 62.32
1204304303180058 62.32
1204304303240910 62.34
1204304303300765 62.31
1204304303360623 62.32
1204304303420478 62.32
1204304303480333 62.32
1204304303540187 62.32
1204304303600043 62.32
1204304303660898 62.32
1204304303720750 62.34
1204304303780604 62.34
1204304303840462 62.32
1204304303900314 62.34
1204304303910216 62.36
1204304303970143 62.34
1204304304030999 62.34
1204304304090904 62.36
1204304304150712 62.36
1204304304210567 62.36
1204304304270418 62.34
1204304304330274 62.34
1204304304390152 62.34
1204304304450985 62.34
1204304304510839 62.34
1204304304570694 62.34
1204304304630549 62.31
1204304304690419 62.36
1204304304750260 62.34
1204304304810113 62.34
1204304304870970 62.34
1204304304930826 62.36
1204304304990839 62.34
1204304305050534 62.34
1204304305110388 62.34
1204304305170244 62.34
1204304305230101 62.36
1204304305290993 62.34
1204304305350809 62.34
1204304305410662 62.34
1204304305470519 62.34
1204304305530374 62.36
1204304305590246 62.36
1204304305650084 62.4
1204304305710941 62.4
1204304305770795 62.4
1204304305830648 62.42
1204304305890541 62.42
1204304305950358 62.42
1204304306010213 62.42
1204304306070073 62.44
1204304306130929 62.44
1204304306190791 62.44
1204304306250633 62.42
1204304306310494 62.44
1204304306370349 62.44
1204304306430203 62.44
1204304306490068 62.42
1204304306550914 62.44
1204304306610769 62.44
1204304306670617 62.42
1204304306730479 62.44
1204304306790372 62.44
1204304306850187 62.44
1204304306910042 62.44
1204304306930941 62.45
1204304306980871 62.45
1204304307040726 62.45
1204304307100578 62.47
1204304307160433 62.47
1204304307220288 62.47
1204304307280142 62.47
1204304307340999 62.47
1204304307400855 62.49
1204304307460826 62.49
1204304307520563 62.49
1204304307580419 62.49
1204304307640275 62.49
1204304307700128 62.49
1204304307760985 62.49
1204304307820837 62.51
1204304307880692 62.51
1204304307940546 62.51
1204304308000402 62.51
1204304308060303 62.51
1204304308120114 62.49
1204304308180967 62.51
1204304308240822 62.51
1204304308300837 62.51
1204304308360531 62.51
1204304308420386 62.51
1204304308480241 62.51
1204304308540096 62.51
1204304308600953 62.51
1204304308660820 62.51
1204304308720661 62.51
1204304308780516 62.51
1204304308840371 62.51
1204304308900225 62.55
1204304308960080 62.55
1204304309020936 62.57
1204304309080792 62.57
1204304309140646 62.57
1204304309200502 62.58
1204304309260356 62.62
1204304309320211 62.62
1204304309380065 62.62
1204304309440921 62.62
1204304309500775 62.62
1204304309560630 62.62
1204304309620486 62.62
1204304309680339 62.62
1204304309740194 62.62
1204304309800050 62.62
1204304309860906 62.62
1204304309920760 62.62
1204304309940663 62.64
1204304309990742 62.62
1204304400050703 62.64
1204304400110556 62.62
1204304400170410 62.62
1204304400230268 62.64
1204304400290189 62.62
1204304400350978 62.64
1204304400410832 62.64
1204304400470687 62.64
1204304400530542 62.64
1204304400590451 62.64
1204304400650253 62.64
1204304400710105 62.62
1204304400770960 62.62
1204304400830818 62.64
1204304400890694 62.62
1204304400950528 62.64
1204304401010388 62.68
1204304401070240 62.7
1204304401130095 62.7
1204304401190028 62.7
1204304401250807 62.68
1204304401310661 62.7
1204304401370515 62.7
1204304401430370 62.7
1204304401490255 62.7
1204304401550081 62.7
1204304401610936 62.7
1204304401670790 62.7
1204304401730646 62.7
1204304401790522 62.7
1204304401850355 62.7
1204304401910213 62.68
1204304401970066 62.7
1204304402030920 62.7
1204304402090825 62.7
1204304402150630 62.7
1204304402210486 62.68
1204304402270340 62.7
1204304402330194 62.7
1204304402390093 62.7
1204304402450905 62.7
1204304402510760 62.7
1204304402570614 62.7
1204304402630471 62.68
1204304402690348 62.7
1204304402750179 62.7
1204304402810033 62.7
1204304402870890 62.7
1204304402930746 62.68
1204304402950646 62.7
1204304403000576 62.7
1204304403060430 62.7
1204304403120284 62.7
1204304403180139 62.7
1204304403240995 62.7
1204304403300849 62.7
1204304403360704 62.7
1204304403420560 62.7
1204304403480415 62.7
1204304403540270 62.7
1204304403600123 62.7
1204304403660980 62.7
1204304403720835 62.7
1204304403780689 62.7
1204304403840544 62.7
1204304403900400 62.7
1204304403960255 62.7
1204304404020111 62.72
1204304404080964 62.7
1204304404140819 62.7
1204304404200674 62.7
1204304404260529 62.7
1204304404320384 62.7
1204304404380241 62.68
1204304404440093 62.7
1204304404500948 62.7
1204304404560804 62.7
1204304404620658 62.7
1204304404680513 62.7
1204304404740369 62.7
1204304404800225 62.68
1204304404860077 62.7
1204304404920935 62.7
1204304404980788 62.7
1204304405040643 62.7
1204304405100499 62.7
1204304405160354 62.68
1204304405220208 62.7
1204304405280062 62.7
1204304405340918 62.7
1204304405400773 62.7
1204304405460628 62.7
1204304405520482 62.7
1204304405580337 62.7
1204304405640192 62.7
1204304405700048 62.7
1204304405760903 62.7
1204304405820758 62.7
1204304405880616 62.68
1204304405940467 62.7
1204304405960369 62.72
1204304406010297 62.7
1204304406070152 62.7
1204304406130007 62.7
1204304406190893 62.7
1204304406250718 62.7
1204304406310573 62.7
1204304406370429 62.7
1204304406430283 62.7
1204304406490213 62.72
1204304406550993 62.7
1204304406610850 62.72
1204304406670700 62.73
1204304406730555 62.73
1204304406790463 62.77
1204304406850260 62.83
1204304406910118 62.88
1204304406970977 62.92
1204304407030834 62.96
1204304407090715 62.96
1204304407150545 62.96
1204304407210391 62.99
1204304407270254 62.96
1204304407330108 62.96
1204304407390053 62.96
1204304407450820 62.96
1204304407510666 62.98
1204304407570529 62.96
1204304407630384 62.96
1204304407690282 62.96
1204304407750092 62.96
1204304407810940 62.94
1204304407870801 62.92
1204304407930657 62.92
1204304407990683 62.92
1204304408050366 62.92
1204304408110222 62.92
1204304408170075 62.92
1204304408230931 62.92
1204304408290840 62.94
1204304408350640 62.92
1204304408410495 62.92
1204304408470346 62.94
1204304408530200 62.94
1204304408590114 62.94
1204304408650910 62.94
1204304408710766 62.94
1204304408770621 62.94
1204304408830474 62.94
1204304408890357 62.94
1204304408950183 62.94
1204304408970084 62.98
1204304409020015 62.94
1204304409080871 62.94
1204304409140731 62.92
1204304409200580 62.94
1204304409260435 62.94
1204304409320290 62.94
1204304409380151 62.92
1204304409440006 62.92
1204304409500863 62.92
1204304409560716 62.92
1204304409620570 62.92
1204304409680425 62.92
1204304409740275 62.94
1204304409800136 62.92
1204304409860992 62.92
1204304409920846 62.92
1204304409980700 62.92
1204304500040811 62.92
1204304500100667 62.92
1204304500160521 62.92
1204304500220370 62.94
1204304500280232 62.92
1204304500340086 62.92
1204304500400935 62.94
1204304500460796 62.92
1204304500520651 62.92
1204304500580506 62.92
1204304500640355 62.94
1204304500700210 62.94
1204304500760065 62.94
1204304500820925 62.92
1204304500880782 62.92
1204304500940635 62.92
1204304501000490 62.92
1204304501060346 62.92
1204304501120201 62.92
1204304501180050 62.94
1204304501240008 62.92
1204304501300765 62.92
1204304501360621 62.92
1204304501420477 62.92
1204304501480329 62.92
1204304501540185 62.92
1204304501600039 62.92
1204304501660889 62.94
1204304501720751 62.92
1204304501780606 62.92
1204304501840460 62.92
1204304501900314 62.92
1204304501960169 62.92
1204304501980224 62.94
1204304502040000 62.92
1204304502090919 62.92
1204304502150710 62.92
1204304502210565 62.92
1204304502270421 62.92
1204304502330276 62.92
1204304502390157 62.94
1204304502450980 62.94
1204304502510841 62.92
1204304502570696 62.92
1204304502630551 62.92
1204304502690448 62.92
1204304502750254 62.94
1204304502810108 62.94
1204304502870971 62.92
1204304502930819 62.94
1204304502990852 62.94
1204304503050536 62.96
1204304503110384 62.98
1204304503170247 62.96
1204304503230093 62.98
1204304503290996 62.98
1204304503350803 62.98
1204304503410659 62.98
1204304503470513 62.98
1204304503530368 62.98
1204304503590312 62.98
1204304503650079 62.98
1204304503710933 62.98
1204304503770788 62.98
1204304503830644 62.99
1204304503890558 62.99
1204304503950353 62.99
1204304504010208 63.01
1204304504070066 63.03
1204304504130923 63.03
1204304504190814 63.03
1204304504250632 63.03
1204304504310486 63.03
1204304504370341 63.03
1204304504430192 63.01
1204304504490147 63.03
1204304504550906 63.03
1204304504610762 63.03
1204304504670615 63.03
1204304504730470 63.03
1204304504790390 63.03
1204304504850181 63.03
1204304504910035 63.03
1204304504970892 63.03
1204304504990801 63.05
1204304505040723 63.03
1204304505100576 63.03
1204304505160432 63.03
1204304505220287 63.03
1204304505280141 63.03
1204304505340998 63.03
1204304505400851 63.03
1204304505460707 63.03
1204304505520560 63.03
1204304505580416 63.03
1204304505640271 63.03
1204304505700125 63.03
1204304505760983 63.03
1204304505820836 63.03
1204304505880691 63.03
1204304505940546 63.03
1204304506000401 63.03
1204304506060257 63.03
1204304506120111 63.03
1204304506180966 63.03
1204304506240821 63.03
1204304506300676 63.03
1204304506360528 63.05
1204304506420386 63.03
1204304506480239 63.03
1204304506540091 63.01
1204304506600950 63.03
1204304506660805 63.03
1204304506720661 63.03
1204304506780516 63.03
1204304506840371 63.03
1204304506900225 63.03
1204304506960079 63.03
1204304507020934 63.03
1204304507080785 63.01
1204304507140645 63.03
1204304507200499 63.03
1204304507260354 63.03
1204304507320205 63.05
1204304507380064 63.03
1204304507440917 63.05
1204304507500774 63.03
1204304507560630 63.03
1204304507620484 63.03
1204304507680340 63.03
1204304507740193 63.03
1204304507800048 63.03
1204304507860904 63.03
1204304507920759 63.03
1204304507980615 63.03
1204304508000542 63.03
1204304508050445 63.03
1204304508110300 63.03
1204304508170155 63.03
1204304508230155 63.03
1204304508290926 63.03
1204304508350719 63.03
1204304508410575 63.03
1204304508470430 63.03
1204304508530283 63.03
1204304508590205 63.03
1204304508650994 63.03
1204304508710851 63.03
1204304508770704 63.03
1204304508830625 63.03
1204304508890462 63.03
1204304508950268 63.03
1204304509010123 63.03
1204304509070980 63.03
1204304509130834 63.03
1204304509190765 63.03
1204304509250543 63.03
1204304509310398 63.03
1204304509370253 63.03
1204304509430114 63.03
1204304509490007 63.03
1204304509550818 63.03
1204304509610674 63.03
1204304509670529 63.03
1204304509730383 63.03
1204304509790297 63.03
1204304509850093 63.03
1204304509910948 63.03
1204304509970804 63.03
1204304600030927 63.03
1204304600090833 63.03
1204304600150623 63.03
1204304600210479 63.03
1204304600270330 63.01
1204304600330187 63.03
1204304600390099 63.03
1204304600450899 63.03
1204304600510750 63.05
1204304600570607 63.03
1204304600630458 63.05
1204304600690364 63.03
1204304600750173 63.03
1204304600810028 63.03
1204304600870882 63.03
1204304600930737 63.03
1204304600990798 63.03
1204304601010502 63.07
1204304601060420 63.05
1204304601120277 63.03
1204304601180132 63.03
1204304601240989 63.03
1204304601300844 63.03
1204304601360695 63.05
1204304601420552 63.03
1204304601480404 63.05
1204304601540263 63.03
1204304601600118 63.03
1204304601660972 63.03
1204304601720827 63.03
1204304601780679 63.05
1204304601840538 63.03
1204304601900393 63.03
1204304601960246 63.03
1204304602020102 63.03
1204304602080957 63.03
1204304602140813 63.03
1204304602200664 63.05
1204304602260523 63.03
1204304602320373 63.05
1204304602380228 63.05
1204304602440087 63.03
1204304602500938 63.05
1204304602560797 63.03
1204304602620652 63.03
1204304602680503 63.05
1204304602740363 63.03
1204304602800212 63.05
1204304602860071 63.03
1204304602920927 63.03
1204304602980778 63.05
1204304603040638 63.03
1204304603100492 63.03
1204304603160347 63.03
1204304603220202 63.03
1204304603280055 63.03
1204304603340907 63.05
1204304603400763 63.05
1204304603460622 63.03
1204304603520477 63.03
1204304603580330 63.03
1204304603640185 63.03
1204304603700041 63.03
1204304603760897 63.03
1204304603820751 63.03
1204304603880606 63.03
1204304603940461 63.03
1204304604000311 63.05
1204304604020213 63.05
1204304604070142 63.05
1204304604130001 63.03
1204304604190907 63.03
1204304604250711 63.03
1204304604310567 63.03
1204304604370422 63.03
1204304604430275 63.03
1204304604490218 63.03
1204304604550983 63.05
1204304604610842 63.03
1204304604670697 63.03
1204304604730546 63.05
1204304604790484 63.03
1204304604850261 63.03
1204304604910115 63.03
1204304604970971 63.03
1204304605030826 63.03
1204304605090736 63.03
1204304605150536 63.03
1204304605210391 63.03
1204304605270242 63.05
1204304605330100 63.03
1204304605390031 63.05
1204304605450810 63.03
1204304605510665 63.03
1204304605570521 63.03
1204304605630370 63.05
1204304605690299 63.03
1204304605750081 63.05
1204304605810936 63.05
1204304605870795 63.03
1204304605930646 63.05
1204304605990671 63.05
1204304606050360 63.03
1204304606110214 63.03
1204304606170065 63.05
1204304606230925 63.03
1204304606290855 63.03
1204304606350634 63.03
1204304606410490 63.03
1204304606470344 63.03
1204304606530200 63.03
1204304606590111 63.03
1204304606650910 63.03
1204304606710764 63.03
1204304606770619 63.03
1204304606830474 63.03
1204304606890402 63.03
1204304606950184 63.03
1204304607010039 63.03
1204304607030948 63.07
1204304607080870 63.03
1204304607140724 63.03
1204304607200580 63.03
1204304607260435 63.03
1204304607320289 63.03
1204304607380140 63.05
1204304607440996 63.05
1204304607500851 63.05
1204304607560710 63.03
1204304607620573 63.05
1204304607680418 63.03
1204304607740269 63.05
1204304607800129 63.03
1204304607860985 63.03
1204304607920839 63.03
1204304607980693 63.03
1204304608040549 63.03
1204304608100404 63.03
1204304608160259 63.03
1204304608220113 63.03
1204304608280969 63.03
1204304608340824 63.03
1204304608400680 63.03
1204304608460533 63.03
1204304608520388 63.03
1204304608580243 63.03
1204304608640094 63.05
1204304608700954 63.03
1204304608760805 63.05
1204304608820664 63.03
1204304608880514 63.05
1204304608940369 63.05
1204304609000223 63.05
1204304609060078 63.05
1204304609120938 63.03
1204304609180789 63.05
1204304609240647 63.03
1204304609300499 63.07
1204304609360354 63.11
1204304609420210 63.18
1204304609480064 63.24
1204304609540918 63.27
1204304609600774 63.27
1204304609660629 63.27
1204304609720484 63.27
1204304609780339 63.29
1204304609840192 63.27
1204304609900048 63.27
1204304609960905 63.27
1204304700020012 63.27
1204304700040917 63.29
1204304700090920 63.27
1204304700150699 63.27
1204304700210554 63.27
1204304700270411 63.29
1204304700330264 63.27
1204304700390183 63.27
1204304700450977 63.29
1204304700510832 63.29
1204304700570685 63.29
1204304700630538 63.27
1204304700690500 63.29
1204304700750247 63.27
1204304700810103 63.27
1204304700870959 63.27
1204304700930816 63.29
1204304700990668 63.27
1204304701050525 63.29
1204304701110379 63.27
1204304701170234 63.27
1204304701230089 63.29
1204304701290000 63.29
1204304701350800 63.29
1204304701410655 63.29
1204304701470508 63.27
1204304701530365 63.29
1204304701590344 63.29
1204304701650074 63.29
1204304701710931 63.29
1204304701770786 63.29
1204304701830639 63.29
1204304701890565 63.29
1204304701950349 63.29
1204304702010204 63.29
1204304702070057 63.27
1204304702130915 63.29
1204304702190823 63.27
1204304702250624 63.29
1204304702310479 63.29
1204304702370335 63.29
1204304702430186 63.27
1204304702490124 63.29
1204304702550900 63.29
1204304702610754 63.29
1204304702670607 63.27
1204304702730462 63.27
1204304702790377 63.27
1204304702850171 63.27
1204304702910029 63.29
1204304702970881 63.27
1204304703030738 63.29
1204304703050636 63.31
1204304703100568 63.27
1204304703160424 63.29
1204304703220278 63.29
1204304703280131 63.27
1204304703340989 63.29
1204304703400845 63.29
1204304703460699 63.29
1204304703520554 63.29
1204304703580409 63.29
1204304703640263 63.29
1204304703700118 63.29
1204304703760975 63.29
1204304703820828 63.29
1204304703880683 63.29
1204304703940539 63.29
1204304704000391 63.31
1204304704060249 63.29
1204304704120102 63.29
1204304704180958 63.29
1204304704240812 63.31
1204304704300668 63.29
1204304704360522 63.29
1204304704420377 63.29
1204304704480233 63.29
1204304704540088 63.29
1204304704600943 63.29
1204304704660798 63.29
1204304704720654 63.29
1204304704780509 63.29
1204304704840363 63.29
1204304704900218 63.29
1204304704960073 63.29
1204304705020929 63.29
1204304705080780 63.31
1204304705140637 63.29
1204304705200493 63.29
1204304705260347 63.29
1204304705320202 63.29
1204304705380055 63.31
1204304705440910 63.31
1204304705500768 63.29
1204304705560620 63.31
1204304705620477 63.29
1204304705680330 63.31
1204304705740185 63.31
1204304705800042 63.29
1204304705860895 63.31
1204304705920752 63.29
1204304705980605 63.29
1204304706040460 63.31
1204304706060360 63.31
1204304706110292 63.29
1204304706170146 63.29
1204304706230002 63.29
1204304706290942 63.29
1204304706350713 63.29
1204304706410568 63.29
1204304706470420 63.31
1204304706530277 63.29
1204304706590209 63.31
1204304706650987 63.29
1204304706710840 63.31
1204304706770698 63.29
1204304706830551 63.29
1204304706890472 63.29
1204304706950260 63.31
1204304707010116 63.29
1204304707070970 63.31
1204304707130827 63.29
1204304707190772 63.29
1204304707250535 63.31
1204304707310392 63.29
1204304707370244 63.31
1204304707430101 63.29
1204304707490013 63.31
1204304707550810 63.31
1204304707610667 63.29
1204304707670521 63.29
1204304707730376 63.29
1204304707790352 63.29
1204304707850085 63.29
1204304707910939 63.31
1204304707970795 63.29
1204304708030651 63.29
1204304708090611 63.29
1204304708150359 63.29
1204304708210215 63.29
1204304708270070 63.29
1204304708330926 63.29
1204304708390856 63.29
1204304708450635 63.29
1204304708510490 63.29
1204304708570344 63.31
1204304708630199 63.29
1204304708690152 63.29
1204304708750911 63.29
1204304708810762 63.31
1204304708870619 63.29
1204304708930475 63.29
1204304708990541 63.29
1204304709050185 63.29
1204304709070082 63.33
1204304709120015 63.29
1204304709180871 63.29
1204304709240726 63.29
1204304709300581 63.29
1204304709360435 63.29
1204304709420288 63.31
1204304709480145 63.29
1204304709540999 63.29
1204304709600856 63.29
1204304709660710 63.29
1204304709720564 63.29
1204304709780417 63.31
1204304709840274 63.29
1204304709900129 63.29
1204304709960985 63.29
1204304800020095 63.29
1204304800080947 63.31
1204304800140803 63.31
1204304800200660 63.29
1204304800260513 63.31
1204304800320369 63.29
1204304800380224 63.29
1204304800440076 63.31
1204304800500934 63.29
1204304800560787 63.31
1204304800620644 63.29
1204304800680499 63.29
1204304800740354 63.29
1204304800800367 63.29
1204304800860064 63.29
1204304800920920 63.29
1204304800980773 63.29
1204304801040629 63.29
1204304801100481 63.31
1204304801160339 63.29
1204304801220193 63.29
1204304801280048 63.29
1204304801340902 63.31
1204304801400853 63.31
1204304801460611 63.31
1204304801520467 63.31
1204304801580322 63.31
1204304801640177 63.31
1204304801700031 63.31
1204304801760886 63.31
1204304801820742 63.31
1204304801880597 63.31
1204304801940450 63.31
1204304802000328 63.31
1204304802060161 63.31
1204304802080062 63.35
1204304802130993 63.31
1204304802190937 63.31
1204304802250703 63.33
1204304802310556 63.31
1204304802370412 63.33
1204304802430266 63.31
1204304802490223 63.31
1204304802550977 63.31
1204304802610831 63.31
1204304802670687 63.31
1204304802730541 63.31
1204304802790467 63.31
1204304802850250 63.31
1204304802910105 63.31
1204304802970961 63.31
1204304803030817 63.33
1204304803090748 63.31
1204304803150526 63.33
1204304803210381 63.31
1204304803270236 63.31
1204304803330091 63.31
1204304803390036 63.31
1204304803450801 63.31
1204304803510656 63.31
1204304803570510 63.31
1204304803630365 63.33
1204304803690299 63.33
1204304803750075 63.31
1204304803810931 63.33
1204304803870786 63.31
1204304803930639 63.33
1204304803990719 63.31
1204304804050349 63.33
1204304804110205 63.33
1204304804170060 63.31
1204304804230916 63.31
1204304804290865 63.31
1204304804350624 63.31
1204304804410479 63.31
1204304804470334 63.33
1204304804530190 63.31
1204304804590127 63.31
1204304804650899 63.33
1204304804710756 63.33
1204304804770609 63.33
1204304804830465 63.31
1204304804890453 63.31
1204304804950175 63.31
1204304805010028 63.31
1204304805070886 63.31
1204304805090019 63.33
1204304805140715 63.33
1204304805200571 63.31
1204304805260426 63.31
1204304805320279 63.33
1204304805380135 63.31
1204304805440990 63.31
1204304805500845 63.31
1204304805560701 63.33
1204304805620554 63.33
1204304805680409 63.31
1204304805740265 63.33
1204304805800120 63.31
1204304805860974 63.31
1204304805920830 63.33
1204304805980685 63.31
1204304806040538 63.31
1204304806100394 63.31
1204304806160248 63.31
1204304806220105 63.33
1204304806280960 63.31
1204304806340813 63.31
1204304806400669 63.31
1204304806460524 63.33
1204304806520378 63.31
1204304806580233 63.31
1204304806640088 63.33
1204304806700945 63.33
1204304806760798 63.33
1204304806820654 63.31
1204304806880508 63.33
1204304806940364 63.31
1204304807000217 63.31
1204304807060073 63.33
1204304807120928 63.31
1204304807180783 63.31
1204304807240639 63.31
1204304807300492 63.33
1204304807360347 63.33
1204304807420203 63.31
1204304807480057 63.31
1204304807540913 63.31
1204304807600768 63.31
1204304807660623 63.33
1204304807720478 63.31
1204304807780332 63.31
1204304807840187 63.31
1204304807900042 63.31
1204304807960898 63.33
1204304808020753 63.31
1204304808080606 63.31
1204304808100535 63.33
1204304808150438 63.33
1204304808210293 63.31
1204304808270148 63.33
1204304808330003 63.31
1204304808390945 63.31
1204304808450713 63.31
1204304808510568 63.33
1204304808570423 63.31
1204304808630278 63.31
1204304808690227 63.31
1204304808750988 63.31
1204304808810843 63.33
1204304808870698 63.33
1204304808930552 63.31
1204304808990586 63.33
1204304809050262 63.31
1204304809110117 63.31
1204304809170973 63.33
1204304809230826 63.33
1204304809290781 63.33
1204304809350537 63.33
1204304809410392 63.31
1204304809470246 63.33
1204304809530101 63.33
1204304809590039 63.31
1204304809650813 63.33
1204304809710666 63.31
1204304809770522 63.33
1204304809830377 63.33
1204304809890312 63.33
1204304809950085 63.31
1204304900020197 63.33
1204304900080053 63.33
1204304900140907 63.33
1204304900200815 63.33
1204304900260617 63.33
1204304900320473 63.33
1204304900380327 63.33
1204304900440182 63.33
1204304900500143 63.33
1204304900560892 63.33
1204304900620747 63.33
1204304900680602 63.31
1204304900740457 63.33
1204304900800366 63.31
1204304900860167 63.31
1204304900920022 63.33
1204304900980878 63.33
1204304901040732 63.33
1204304901100688 63.33
1204304901120487 63.33
1204304901170417 63.31
1204304901230273 63.33
1204304901290128 63.33
1204304901350985 63.35
1204304901410838 63.33
1204304901470691 63.33
1204304901530547 63.31
1204304901590401 63.33
1204304901650257 63.33
1204304901710112 63.33
1204304901770968 63.31
1204304901830822 63.33
1204304901890677 63.31
1204304901950531 63.33
1204304902010386 63.31
1204304902070241 63.33
1204304902130097 63.33
1204304902190953 63.33
1204304902250807 63.33
1204304902310662 63.31
1204304902370518 63.33
1204304902430370 63.33
1204304902490226 63.33
1204304902550081 63.31
1204304902610937 63.31
1204304902670792 63.31
1204304902730645 63.33
1204304902790501 63.31
1204304902850357 63.31
1204304902910210 63.33
1204304902970065 63.33
1204304903030922 63.33
1204304903090777 63.33
1204304903150630 63.33
1204304903210485 63.33
1204304903270340 63.33
1204304903330196 63.33
1204304903390051 63.33
1204304903450906 63.33
1204304903510759 63.33
1204304903570615 63.33
1204304903630472 63.35
1204304903690329 63.37
1204304903750183 63.37
1204304903810039 63.37
1204304903870895 63.37
1204304903930750 63.37
1204304903990604 63.37
1204304904050458 63.37
1204304904110311 63.35
1204304904130208 63.38
1204304904180144 63.37
1204304904240000 63.37
1204304904300971 63.35
1204304904360707 63.35
1204304904420564 63.35
1204304904480418 63.37
1204304904540272 63.35
1204304904600220 63.35
1204304904660983 63.37
1204304904720838 63.37
1204304904780693 63.37
1204304904840547 63.35
1204304904900518 63.37
1204304904960259 63.37
1204304905020114 63.37
1204304905080970 63.37
1204304905140821 63.35
1204304905200771 63.37
1204304905260532 63.35
1204304905320389 63.37
1204304905380244 63.37
1204304905440096 63.35
1204304905500044 63.37
1204304905560809 63.37
1204304905620663 63.37
1204304905680518 63.37
1204304905740371 63.35
1204304905800332 63.35
1204304905860083 63.37
1204304905920939 63.37
1204304905980792 63.35
1204304906040648 63.37
1204304906100596 63.35
1204304906160355 63.35
1204304906220211 63.37
1204304906280065 63.35
1204304906340920 63.35
1204304906400861 63.35
1204304906460630 63.35
1204304906520485 63.35
1204304906580340 63.35
1204304906640195 63.35
1204304906700163 63.35
1204304906760905 63.35
1204304906820760 63.35
1204304906880615 63.35
1204304906940470 63.35
1204304907000539 63.35
1204304907060179 63.35
1204304907120034 63.35
1204304907140937 63.37
1204304907190879 63.35
1204304907250720 63.35
1204304907310575 63.35
1204304907370430 63.35
1204304907430285 63.35
1204304907490140 63.35
1204304907550996 63.35
1204304907610851 63.35
1204304907670706 63.35
1204304907730563 63.37
1204304907790414 63.35
1204304907850269 63.35
1204304907910127 63.37
1204304907970981 63.37
1204304908030835 63.35
1204304908090692 63.37
1204304908150545 63.35
1204304908210399 63.35
1204304908270254 63.35
1204304908330110 63.35
1204304908390964 63.35
1204304908450820 63.35
1204304908510675 63.35
1204304908570531 63.37
1204304908630384 63.35
1204304908690241 63.37
1204304908750094 63.35
1204304908810950 63.35
1204304908870806 63.37
1204304908930661 63.37
1204304908990516 63.37
1204304909050370 63.35
1204304909110224 63.35
1204304909170080 63.37
1204304909230937 63.37
1204304909290788 63.35
1204304909350643 63.35
1204304909410501 63.37
1204304909470356 63.37
1204304909530208 63.35
1204304909590062 63.35
1204304909650921 63.37
1204304909710776 63.37
1204304909770627 63.35
1204304909830483 63.35
1204304909890340 63.37
1204304909950194 63.35
1204305000010304 63.35
1204305000070158 63.35
1204305000130012 63.35
1204305000150916 63.37
1204305000200974 63.37
1204305000260700 63.35
1204305000320554 63.35
1204305000380411 63.37
1204305000440265 63.37
1204305000500252 63.35
1204305000560976 63.37
1204305000620831 63.37
1204305000680685 63.35
1204305000740539 63.35
1204305000800500 63.35
1204305000860248 63.35
1204305000920103 63.35
1204305000980962 63.37
1204305001040813 63.35
1204305001100794 63.35
1204305001160526 63.37
1204305001220380 63.37
1204305001280232 63.35
1204305001340087 63.35
1204305001400060 63.35
1204305001460799 63.35
1204305001520655 63.37
1204305001580510 63.37
1204305001640363 63.35
1204305001700317 63.35
1204305001760073 63.35
1204305001820927 63.35
1204305001880783 63.35
1204305001940638 63.35
1204305002000493 63.37
1204305002060348 63.37
1204305002120204 63.37
1204305002180056 63.35
1204305002240914 63.37
1204305002300878 63.37
1204305002360621 63.35
1204305002420477 63.35
1204305002480331 63.35
1204305002540187 63.35
1204305002600164 63.35
1204305002660896 63.35
1204305002720754 63.37
1204305002780606 63.35
1204305002840464 63.37
1204305002900442 63.35
1204305002960172 63.35
1204305003020025 63.35
1204305003080882 63.35