1204205208120931 58.49
1204205208180787 58.53
1204205208200690 58.57
1204205208250620 58.57
1204205208310474 58.58
1204205208370329 58.58
1204205208430186 58.6
1204205208490041 58.6
1204205208550895 58.6
1204205208610751 58.6
1204205208670606 58.6
1204205208730461 58.6
1204205208790315 58.6
1204205208850170 58.6
1204205208910025 58.6
1204205208970881 58.6
1204205209030734 58.62
1204205209090591 58.6
1204205209150446 58.6
1204205209210299 58.6
1204205209270154 58.6
1204205209330010 58.6
1204205209390866 58.6
1204205209450881 58.6
1204205209510575 58.6
1204205209570429 58.6
1204205209630285 58.6
1204205209690137 58.62
1204205209750995 58.6
1204205209810848 58.62
1204205209870703 58.62
1204205209930558 58.62
1204205209990415 58.64
1204205300050525 58.64
1204205300110380 58.64
1204205300170237 58.68
1204205300230092 58.68
1204205300290943 58.7
1204205300350799 58.71
1204205300410655 58.75
1204205300470507 58.81
1204205300530365 58.86
1204205300590219 58.92
1204205300650074 58.94
1204205300710928 58.98
1204205300770783 58.99
1204205300830637 58.99
1204205300890491 59.01
1204205300950346 58.99
1204205301010201 59.01
1204205301070055 59.03
1204205301130911 59.07
1204205301190765 59.09
1204205301210669 59.12
1204205301260600 59.12
1204205301320453 59.2
1204205301380306 59.33
1204205301440161 59.53
1204205301500014 59.74
1204205301560874 59.92
1204205301620726 60.09
1204205301680580 60.37
1204205301740434 60.65
1204205301800289 60.93
1204205301860148 61.08
1204205301920005 61.13
1204205301980857 61.17
1204205302040713 61.17
1204205302100570 61.19
1204205302160423 61.21
1204205302220276 61.21
1204205302280132 61.23
1204205302340988 61.23
1204205302400841 61.23
1204205302460696 61.23
1204205302520565 61.23
1204205302580407 61.23
1204205302640262 61.23
1204205302700117 61.23
1204205302760971 61.23
1204205302820826 61.23
1204205302880681 61.23
1204205302940550 61.23
1204205303000391 61.23
1204205303060245 61.25
1204205303120100 61.23
1204205303180957 61.25
1204205303240811 61.25
1204205303300667 61.26
1204205303360520 61.26
1204205303420375 61.26
1204205303480232 61.28
1204205303540087 61.28
1204205303600942 61.3
1204205303660795 61.3
1204205303720651 61.3
1204205303780510 61.32
1204205303840365 61.32
1204205303900220 61.32
1204205303960073 61.32
1204205304020927 61.34
1204205304080782 61.34
1204205304140640 61.36
1204205304200491 61.34
1204205304220395 61.36
1204205304270323 61.34
1204205304330180 61.36
1204205304390034 61.36
1204205304450888 61.38
1204205304510745 61.36
1204205304570600 61.36
1204205304630453 61.36
1204205304690309 61.36
1204205304750161 61.38
1204205304810017 61.38
1204205304870873 61.38
1204205304930729 61.39
1204205304990581 61.41
1204205305050435 61.41
1204205305110290 61.41
1204205305170147 61.43
1204205305230000 61.41
1204205305290857 61.43
1204205305350713 61.43
1204205305410566 61.43
1204205305470421 61.43
1204205305530276 61.43
1204205305590132 61.43
1204205305650987 61.43
1204205305710841 61.47
1204205305770699 61.49
1204205305830554 61.49
1204205305890409 61.51
1204205305950264 61.51
1204205306010116 61.52
1204205306070970 61.54
1204205306130826 61.54
1204205306190683 61.56
1204205306250538 61.56
1204205306310392 61.56
1204205306370247 61.56
1204205306430103 61.56
1204205306490127 61.58
1204205306550814 61.56
1204205306610668 61.56
1204205306670520 61.58
1204205306730378 61.56
1204205306790233 61.56
1204205306850086 61.58
1204205306910946 61.6
1204205306970797 61.64
1204205307030650 61.69
1204205307090503 61.71
1204205307150359 61.73
1204205307210215 61.75
1204205307230114 61.77
1204205307280045 61.78
1204205307340900 61.82
1204205307400759 61.86
1204205307460611 61.88
1204205307520479 61.9
1204205307580321 61.88
1204205307640175 61.93
1204205307700028 61.97
1204205307760888 61.99
1204205307820742 62.01
1204205307880598 61.99
1204205307940626 62.01
1204205308000305 62.01
1204205308060157 62.03
1204205308120012 62.03
1204205308180868 62.03
1204205308240724 62.03
1204205308300579 62.03
1204205308360433 62.03
1204205308420287 62.03
1204205308480143 62.03
1204205308540998 62.03
1204205308600854 62.03
1204205308660708 62.03
1204205308720562 62.03
1204205308780419 62.05
1204205308840276 62.05
1204205308900130 62.05
1204205308960987 62.06
1204205309020843 62.08
1204205309080693 62.1
1204205309140555 62.12
1204205309200403 62.14
1204205309260263 62.12
1204205309320113 62.14
1204205309380968 62.14
1204205309440826 62.16
1204205309500677 62.18
1204205309560532 62.18
1204205309620389 62.19
1204205309680412 62.19
1204205309740098 62.19
1204205309800955 62.19
1204205309860809 62.19
1204205309920664 62.19
1204205309980519 62.19
1204205400040630 62.19
1204205400100486 62.19
1204205400160338 62.18
1204205400220192 62.21
1204205400240165 62.21
1204205400290023 62.23
1204205400350882 62.27
1204205400410736 62.27
1204205400470591 62.29
1204205400530443 62.31
1204205400590299 62.29
1204205400650154 62.31
1204205400710011 62.32
1204205400770864 62.31
1204205400830718 62.31
1204205400890573 62.31
1204205400950429 62.31
1204205401010282 62.31
1204205401070138 62.31
1204205401130994 62.31
1204205401190849 62.31
1204205401250704 62.31
1204205401310558 62.31
1204205401370414 62.31
1204205401430267 62.31
1204205401490127 62.32
1204205401550978 62.31
1204205401610833 62.31
1204205401670688 62.31
1204205401730546 62.32
1204205401790402 62.32
1204205401850253 62.31
1204205401910111 62.32
1204205401970962 62.31
1204205402030818 62.31
1204205402090672 62.31
1204205402150527 62.31
1204205402210382 62.31
1204205402270237 62.31
1204205402330091 62.31
1204205402390947 62.31
1204205402450802 62.31
1204205402510657 62.31
1204205402570515 62.32
1204205402630366 62.31
1204205402690225 62.32
1204205402750077 62.31
1204205402810932 62.31
1204205402870787 62.31
1204205402930642 62.31
1204205402990496 62.31
1204205403050356 62.32
1204205403110207 62.31
1204205403170061 62.31
1204205403230918 62.31
1204205403250849 62.32
1204205403300748 62.31
1204205403360602 62.31
1204205403420458 62.31
1204205403480311 62.31
1204205403540166 62.31
1204205403600022 62.31
1204205403660876 62.31
1204205403720732 62.31
1204205403780587 62.31
1204205403840441 62.31
1204205403900296 62.31
1204205403960152 62.31
1204205404020005 62.31
1204205404080861 62.31
1204205404140715 62.31
1204205404200571 62.31
1204205404260591 62.31
1204205404320282 62.31
1204205404380135 62.31
1204205404440992 62.31
1204205404500849 62.32
1204205404560706 62.32
1204205404620555 62.42
1204205404680412 62.49
1204205404740265 62.53
1204205404800121 62.55
1204205404860977 62.55
1204205404920830 62.55
1204205404980685 62.55
1204205405040540 62.55
1204205405100395 62.55
1204205405160251 62.55
1204205405220106 62.55
1204205405280960 62.55
1204205405340815 62.55
1204205405400670 62.55
1204205405460526 62.55
1204205405520394 62.55
1204205405580234 62.55
1204205405640089 62.55
1204205405700945 62.55
1204205405760800 62.55
1204205405820656 62.57
1204205405880511 62.6
1204205405940378 62.66
1204205406000228 62.72
1204205406060076 62.75
1204205406120931 62.77
1204205406180785 62.77
1204205406240640 62.77
1204205406260553 62.79
1204205406310471 62.77
1204205406370324 62.77
1204205406430179 62.77
1204205406490035 62.77
1204205406550891 62.77
1204205406610746 62.77
1204205406670599 62.77
1204205406730454 62.77
1204205406790309 62.77
1204205406850165 62.77
1204205406910018 62.77
1204205406970875 62.77
1204205407030729 62.77
1204205407090584 62.77
1204205407150439 62.77
1204205407210294 62.77
1204205407270293 62.77
1204205407330004 62.79
1204205407390860 62.77
1204205407450715 62.77
1204205407510570 62.77
1204205407570423 62.77
1204205407630278 62.77
1204205407690133 62.77
1204205407750989 62.77
1204205407810844 62.77
1204205407870779 62.77
1204205407930554 62.77
1204205407990408 62.77
1204205408050263 62.77
1204205408110118 62.77
1204205408170974 62.77
1204205408230829 62.77
1204205408290683 62.77
1204205408350538 62.77
1204205408410393 62.77
1204205408470264 62.75
1204205408530104 62.77
1204205408590958 62.77
1204205408650813 62.77
1204205408710668 62.77
1204205408770524 62.77
1204205408830379 62.77
1204205408890232 62.77
1204205408950087 62.77
1204205409010944 62.77
1204205409070810 62.77
1204205409130654 62.77
1204205409190507 62.77
1204205409250362 62.77
1204205409270391 62.77
1204205409320196 62.75
1204205409380047 62.77
1204205409440903 62.77
1204205409500759 62.77
1204205409560614 62.77
1204205409620469 62.77
1204205409680322 62.77
1204205409740177 62.77
1204205409800032 62.77
1204205409860889 62.77
1204205409920744 62.77
1204205409980599 62.75
1204205500040708 62.77
1204205500100563 62.77
1204205500160418 62.77
1204205500220273 62.77
1204205500280126 62.77
1204205500340983 62.77
1204205500400838 62.77
1204205500460693 62.77
1204205500520562 62.77
1204205500580402 62.77
1204205500640257 62.77
1204205500700112 62.77
1204205500760968 62.77
1204205500820822 62.77
1204205500880677 62.77
1204205500940546 62.77
1204205501000387 62.77
1204205501060243 62.77
1204205501120096 62.77
1204205501180952 62.77
1204205501240809 62.75
1204205501300662 62.77
1204205501360518 62.77
1204205501420373 62.77
1204205501480226 62.77
1204205501540081 62.77
1204205501600938 62.77
1204205501660792 62.77
1204205501720646 62.77
1204205501780501 62.77
1204205501840356 62.79
1204205501900211 62.79
1204205501960066 62.79
1204205502020923 62.79
1204205502080776 62.79
1204205502140631 62.79
1204205502200486 62.79
1204205502260341 62.79
1204205502280254 62.81
1204205502330171 62.79
1204205502390026 62.79
1204205502450882 62.79
1204205502510737 62.79
1204205502570591 62.79
1204205502630446 62.79
1204205502690301 62.79
1204205502750157 62.79
1204205502810012 62.79
1204205502870866 62.79
1204205502930721 62.79
1204205502990577 62.79
1204205503050432 62.79
1204205503110288 62.79
1204205503170140 62.79
1204205503230996 62.79
1204205503290852 62.79
1204205503350707 62.79
1204205503410562 62.79
1204205503470415 62.79
1204205503530270 62.79
1204205503590126 62.79
1204205503650982 62.79
1204205503710837 62.79
1204205503770690 62.77
1204205503830545 62.79
1204205503890400 62.79
1204205503950256 62.79
1204205504010111 62.79
1204205504070965 62.77
1204205504130820 62.77
1204205504190675 62.79
1204205504250531 62.79
1204205504310386 62.79
1204205504370239 62.79
1204205504430094 62.79
1204205504490951 62.79
1204205504550804 62.79
1204205504610660 62.79
1204205504670514 62.79
1204205504730369 62.79
1204205504790225 62.79
1204205504850080 62.79
1204205504910934 62.79
1204205504970789 62.79
1204205505030644 62.79
1204205505090499 62.79
1204205505150355 62.79
1204205505210209 62.79
1204205505270063 62.79
1204205505290965 62.81
1204205505340895 62.79
1204205505400750 62.79
1204205505460688 62.79
1204205505520474 62.79
1204205505580314 62.79
1204205505640169 62.79
1204205505700025 62.79
1204205505760880 62.79
1204205505820735 62.79
1204205505880589 62.79
1204205505940457 62.79
1204205506000299 62.79
1204205506060176 62.79
1204205506120009 62.79
1204205506180864 62.79
1204205506240719 62.79
1204205506300574 62.79
1204205506360429 62.79
1204205506420284 62.79
1204205506480138 62.79
1204205506540994 62.79
1204205506600849 62.79
1204205506660713 62.79
1204205506720558 62.79
1204205506780414 62.79
1204205506840269 62.79
1204205506900124 62.79
1204205506960978 62.79
1204205507020833 62.79
1204205507080689 62.79
1204205507140544 62.79
1204205507200399 62.79
1204205507260254 62.79
1204205507320107 62.79
1204205507380963 62.79
1204205507440818 62.79
1204205507500674 62.79
1204205507560529 62.79
1204205507620382 62.79
1204205507680238 62.79
1204205507740092 62.79
1204205507800949 62.79
1204205507860802 62.79
1204205507920657 62.79
1204205507980513 62.77
1204205508040368 62.79
1204205508100221 62.79
1204205508160077 62.79
1204205508220933 62.79
1204205508280788 62.79
1204205508300687 62.81
1204205508350618 62.79
1204205508410473 62.79
1204205508470328 62.79
1204205508530183 62.79
1204205508590038 62.79
1204205508650892 62.79
1204205508710748 62.79
1204205508770603 62.79
1204205508830458 62.79
1204205508890312 62.79
1204205508950167 62.79
1204205509010022 62.77
1204205509070878 62.79
1204205509130733 62.79
1204205509190587 62.79
1204205509250442 62.79
1204205509310297 62.79
1204205509370152 62.79
1204205509430007 62.79
1204205509490861 62.79
1204205509550717 62.79
1204205509610572 62.79
1204205509670427 62.79
1204205509730283 62.79
1204205509790137 62.79
1204205509850992 62.79
1204205509910847 62.79
1204205509970702 62.79
1204205600030813 62.79
1204205600090668 62.79
1204205600150521 62.79
1204205600210377 62.79
1204205600270232 62.79
1204205600330087 62.79
1204205600390941 62.79
1204205600450796 62.79
1204205600510651 62.79
1204205600570507 62.77
1204205600630362 62.79
1204205600690215 62.79
1204205600750071 62.79
1204205600810926 62.79
1204205600870782 62.79
1204205600930637 62.79
1204205600990490 62.79
1204205601050346 62.79
1204205601110201 62.79
1204205601170056 62.77
1204205601230912 62.79
1204205601290766 62.79
1204205601310681 62.81
1204205601360596 62.79
1204205601420452 62.79
1204205601480307 62.79
1204205601540162 62.79
1204205601600017 62.79
1204205601660871 62.79
1204205601720726 62.79
1204205601780582 62.79
1204205601840437 62.79
1204205601900290 62.79
1204205601960145 62.79
1204205602020000 62.79
1204205602080857 62.79
1204205602140712 62.77
1204205602200565 62.79
1204205602260421 62.77
1204205602320275 62.79
1204205602380131 62.79
1204205602440987 62.79
1204205602500842 62.79
1204205602560696 62.79
1204205602620551 62.79
1204205602680406 62.79
1204205602740261 62.79
1204205602800115 62.79
1204205602860971 62.79
1204205602920826 62.79
1204205602980681 62.79
1204205603040535 62.79
1204205603100390 62.79
1204205603160245 62.79
1204205603220100 62.79
1204205603280957 62.79
1204205603340809 62.79
1204205603400664 62.79
1204205603460520 62.79
1204205603520388 62.79
1204205603580230 62.79
1204205603640085 62.79
1204205603700939 62.79
1204205603760795 62.79
1204205603820650 62.79
1204205603880505 62.79
1204205603940370 62.79
1204205604000214 62.79
1204205604060069 62.79
1204205604120925 62.79
1204205604180778 62.79
1204205604240634 62.79
1204205604300489 62.79
1204205604320404 62.79
1204205604370320 62.79
1204205604430175 62.79
1204205604490029 62.77
1204205604550885 62.79
1204205604610741 62.79
1204205604670594 62.79
1204205604730449 62.79
1204205604790305 62.79
1204205604850172 62.79
1204205604910015 62.79
1204205604970869 62.79
1204205605030724 62.79
1204205605090580 62.79
1204205605150435 62.79
1204205605210288 62.79
1204205605270143 62.79
1204205605340000 62.79
1204205605390855 62.79
1204205605450708 62.79
1204205605510563 62.79
1204205605570418 62.79
1204205605630274 62.79
1204205605690129 62.79
1204205605750983 62.79
1204205605810838 62.79
1204205605870694 62.79
1204205605930549 62.79
1204205605990404 62.79
1204205606050257 62.79
1204205606110112 62.79
1204205606170969 62.77
1204205606230824 62.79
1204205606290677 62.79
1204205606350533 62.79
1204205606410388 62.79
1204205606470243 62.79
1204205606530098 62.79
1204205606590954 62.79
1204205606650808 62.79
1204205606710663 62.79
1204205606770518 62.79
1204205606830373 62.79
1204205606890227 62.79
1204205606950082 62.79
1204205607010938 62.79
1204205607070793 62.79
1204205607130648 62.79
1204205607190502 62.79
1204205607250357 62.79
1204205607310212 62.79
1204205607330113 62.79
1204205607380042 62.79
1204205607440898 62.79
1204205607500753 62.79
1204205607560608 62.79
1204205607620463 62.79
1204205607680318 62.79
1204205607740172 62.79
1204205607800027 62.79
1204205607860883 62.79
1204205607920738 62.79
1204205607980593 62.79
1204205608040448 62.79
1204205608100303 62.79
1204205608160157 62.79
1204205608220012 62.79
1204205608280868 62.79
1204205608340723 62.79
1204205608400577 62.79
1204205608460432 62.79
1204205608520293 62.79
1204205608580142 62.79
1204205608640998 62.79
1204205608700852 62.79
1204205608760707 62.79
1204205608820562 62.79
1204205608880418 62.79
1204205608940312 62.79
1204205609000126 62.79
1204205609060982 62.79
1204205609120837 62.79
1204205609180692 62.79
1204205609240547 62.79
1204205609300401 62.79
1204205609360256 62.79
1204205609420111 62.79
1204205609480967 62.79
1204205609540822 62.79
1204205609600677 62.79
1204205609660531 62.79
1204205609720386 62.79
1204205609780241 62.79
1204205609840096 62.79
1204205609900953 62.79
1204205609960806 62.79
1204205700020916 62.79
1204205700080772 62.79
1204205700140627 62.79
1204205700200482 62.77
1204205700260335 62.77
1204205700320190 62.79
1204205700340205 62.83
1204205700390020 62.79
1204205700450877 62.79
1204205700510731 62.79
1204205700570587 62.79
1204205700630442 62.79
1204205700690297 62.79
1204205700750150 62.79
1204205700810005 62.79
1204205700870861 62.79
1204205700930717 62.79
1204205700990572 62.79
1204205701050427 62.79
1204205701110280 62.79
1204205701170135 62.79
1204205701230991 62.79
1204205701290846 62.77
1204205701350700 62.79
1204205701410555 62.79
1204205701470410 62.79
1204205701530265 62.79
1204205701590120 62.79
1204205701650976 62.77
1204205701710831 62.79
1204205701770686 62.79
1204205701830539 62.79
1204205701890395 62.79
1204205701950250 62.77
1204205702010105 62.77
1204205702070961 62.79
1204205702130817 62.79
1204205702190670 62.79
1204205702250525 62.79
1204205702310380 62.79
1204205702370235 62.77
1204205702430090 62.79
1204205702490945 62.79
1204205702550800 62.77
1204205702610655 62.77
1204205702670510 62.77
1204205702730365 62.79
1204205702790219 62.79
1204205702850074 62.79
1204205702910930 62.77
1204205702970786 62.77
1204205703030638 62.79
1204205703090494 62.77
1204205703150349 62.77
1204205703210204 62.77
1204205703270060 62.79
1204205703330914 62.77
1204205703350841 62.81
1204205703400746 62.77
1204205703460601 62.77
1204205703520471 62.77
1204205703580309 62.77
1204205703640164 62.79
1204205703700019 62.79
1204205703760875 62.77
1204205703820730 62.77
1204205703880584 62.77
1204205703940446 62.77
1204205704000294 62.77
1204205704060149 62.77
1204205704120004 62.77
1204205704180860 62.77
1204205704240714 62.77
1204205704300569 62.77
1204205704360424 62.77
1204205704420279 62.77
1204205704480133 62.77
1204205704540989 62.77
1204205704600844 62.77
1204205704660700 62.77
1204205704720555 62.77
1204205704780408 62.77
1204205704840263 62.77
1204205704900119 62.77
1204205704960975 62.77
1204205705020828 62.77
1204205705080683 62.77
1204205705140550 62.77
1204205705200393 62.77
1204205705260247 62.77
1204205705320104 62.77
1204205705380958 62.77
1204205705440813 62.79
1204205705500668 62.77
1204205705560524 62.77
1204205705620379 62.77
1204205705680232 62.77
1204205705740088 62.79
1204205705800943 62.79
1204205705860799 62.79
1204205705920652 62.79
1204205705980507 62.79
1204205706040362 62.77
1204205706100217 62.79
1204205706160073 62.77
1204205706220929 62.77
1204205706280782 62.77
1204205706340637 62.77
1204205706360550 62.81
1204205706410469 62.79
1204205706470322 62.79
1204205706530177 62.79
1204205706590033 62.79
1204205706650889 62.79
1204205706710744 62.77
1204205706770597 62.79
1204205706830452 62.79
1204205706890307 62.79
1204205706950163 62.77
1204205707010016 62.79
1204205707070873 62.79
1204205707130727 62.77
1204205707190583 62.77
1204205707250438 62.77
1204205707310291 62.79
1204205707370146 62.79
1204205707430103 62.77
1204205707490858 62.79
1204205707550714 62.79
1204205707610567 62.77
1204205707670422 62.79
1204205707730277 62.77
1204205707790132 62.79
1204205707850986 62.79
1204205707910841 62.77
1204205707970697 62.77
1204205708030597 62.79
1204205708090407 62.79
1204205708150262 62.79
1204205708210115 62.77
1204205708270972 62.77
1204205708330827 62.77
1204205708390682 62.77
1204205708450537 62.79
1204205708510390 62.79
1204205708570246 62.77
1204205708630115 62.79
1204205708690957 62.77
1204205708750810 62.79
1204205708810666 62.77
1204205708870521 62.77
1204205708930376 62.79
1204205708990231 62.79
1204205709050086 62.77
1204205709110941 62.77
1204205709170796 62.77
1204205709230651 62.77
1204205709290505 62.79
1204205709350360 62.79
1204205709370261 62.79
1204205709420192 62.79
1204205709480045 62.77
1204205709540901 62.77
1204205709600757 62.77
1204205709660611 62.79
1204205709720466 62.77
1204205709780320 62.77
1204205709840175 62.79
1204205709900030 62.77
1204205709960886 62.79
1204205800020998 62.77
1204205800080853 62.79
1204205800140706 62.77
1204205800200561 62.79
1204205800260417 62.77
1204205800320272 62.79
1204205800380127 62.79
1204205800440983 62.79
1204205800500836 62.79
1204205800560692 62.77
1204205800620548 62.79
1204205800680400 62.79
1204205800740256 62.77
1204205800800111 62.79
1204205800860967 62.79
1204205800920820 62.77
1204205800980676 62.79
1204205801040531 62.79
1204205801100386 62.79
1204205801160242 62.79
1204205801220094 62.77
1204205801280951 62.79
1204205801340808 62.79
1204205801400661 62.79
1204205801460517 62.77
1204205801520378 62.79
1204205801580225 62.77
1204205801640081 62.79
1204205801700936 62.79
1204205801760791 62.79
1204205801820647 62.79
1204205801880500 62.79
1204205801940371 62.79
1204205802000210 62.79
1204205802060064 62.79
1204205802120920 62.79
1204205802180775 62.79
1204205802240644 62.79
1204205802300485 62.77
1204205802360339 62.77
1204205802380240 62.79
1204205802430170 62.79
1204205802490026 62.79
1204205802550880 62.79
1204205802610735 62.79
1204205802670591 62.79
1204205802730446 62.79
1204205802790301 62.79
1204205802850154 62.77
1204205802910010 62.79
1204205802970866 62.79
1204205803030721 62.77
1204205803090576 62.77
1204205803150429 62.79
1204205803210285 62.77
1204205803270140 62.79
1204205803330996 62.77
1204205803390851 62.79
1204205803450704 62.77
1204205803510560 62.79
1204205803570415 62.77
1204205803630270 62.79
1204205803690126 62.79
1204205803750980 62.77
1204205803810835 62.79
1204205803870690 62.79
1204205803930545 62.77
1204205803990398 62.79
1204205804050254 62.77
1204205804110109 62.77
1204205804170965 62.79
1204205804230821 62.79
1204205804290674 62.79
1204205804350529 62.77
1204205804410384 62.79
1204205804470239 62.79
1204205804530094 62.77
1204205804590948 62.79
1204205804650804 62.77
1204205804710659 62.79
1204205804770514 62.77
1204205804830369 62.77
1204205804890224 62.79
1204205804950078 62.77
1204205805010934 62.79
1204205805070789 62.77
1204205805130644 62.77
1204205805190498 62.77
1204205805250353 62.79
1204205805310209 62.79
1204205805370064 62.79
1204205805390964 62.79
1204205805440894 62.77
1204205805500749 62.77
1204205805560605 62.79
1204205805620556 62.77
1204205805680313 62.79
1204205805740169 62.79
1204205805800024 62.77
1204205805860878 62.79
1204205805920733 62.79
1204205805980588 62.79
1204205806040445 62.79
1204205806100298 62.77
1204205806160153 62.79
1204205806220022 62.77
1204205806280865 62.77
1204205806340718 62.79
1204205806400573 62.77
1204205806460428 62.79
1204205806520295 62.79
1204205806580137 62.79
1204205806640993 62.79
1204205806700848 62.77
1204205806760704 62.79
1204205806820569 62.79
1204205806880412 62.79
1204205806940304 62.79
1204205807000122 62.79
1204205807060979 62.77
1204205807120832 62.79
1204205807180687 62.77
1204205807240542 62.79
1204205807300398 62.79
1204205807360253 62.79
1204205807420106 62.77
1204205807480962 62.79
1204205807540818 62.79
1204205807600673 62.79
1204205807660526 62.79
1204205807720381 62.79
1204205807780237 62.79
1204205807840092 62.79
1204205807900948 62.79
1204205807960801 62.77
1204205808020656 62.79
1204205808080511 62.79
1204205808140366 62.77
1204205808200221 62.79
1204205808260077 62.77
1204205808320931 62.79
1204205808380787 62.79
1204205808400687 62.79
1204205808450618 62.79
1204205808510473 62.79
1204205808570326 62.79
1204205808630181 62.79
1204205808690036 62.79
1204205808750893 62.77
1204205808810748 62.77
1204205808870603 62.79
1204205808930456 62.79
1204205808990311 62.79
1204205809050167 62.79
1204205809110022 62.77
1204205809170876 62.77
1204205809230731 62.79
1204205809290586 62.79
1204205809350442 62.79
1204205809410297 62.77
1204205809470150 62.79
1204205809530005 62.79
1204205809590861 62.77
1204205809650716 62.79
1204205809710571 62.77
1204205809770427 62.79
1204205809830280 62.77
1204205809890135 62.79
1204205809950991 62.79
1204205900010101 62.77
1204205900070957 62.79
1204205900130812 62.77
1204205900190665 62.79
1204205900250521 62.79
1204205900310376 62.79
1204205900370231 62.77
1204205900430086 62.77
1204205900490940 62.79
1204205900550795 62.77
1204205900610650 62.79
1204205900670506 62.77
1204205900730361 62.77
1204205900790214 62.77
1204205900850070 62.79
1204205900910926 62.77
1204205900970781 62.79
1204205901030636 62.79
1204205901090490 62.79
1204205901150345 62.77
1204205901210200 62.79
1204205901270055 62.77
1204205901330911 62.79
1204205901390765 62.79
1204205901410665 62.83
1204205901460595 62.77
1204205901520462 62.79
1204205901580306 62.77
1204205901640161 62.79
1204205901700014 62.77
1204205901760870 62.79
1204205901820726 62.77
1204205901880581 62.79
1204205901940467 62.77
1204205902000291 62.79
1204205902060144 62.77
1204205902130000 62.79
1204205902180855 62.79
1204205902240710 62.79
1204205902300566 62.77
1204205902360419 62.79
1204205902420275 62.77
1204205902480129 62.79
1204205902540985 62.79
1204205902600841 62.77
1204205902660694 62.77
1204205902720549 62.79
1204205902780404 62.77
1204205902840259 62.77
1204205902900115 62.79
1204205902960969 62.79
1204205903020824 62.77
1204205903080679 62.77
1204205903140544 62.79
1204205903200390 62.77
1204205903260245 62.77
1204205903320098 62.79
1204205903380954 62.77
1204205903440810 62.79
1204205903500665 62.79
1204205903560518 62.79
1204205903620373 62.77
1204205903680229 62.77
1204205903740084 62.77
1204205903800940 62.77
1204205903860794 62.77
1204205903920649 62.77
1204205903980504 62.79
1204205904040359 62.79
1204205904100214 62.77
1204205904160067 62.77
1204205904220923 62.77
1204205904280778 62.77
1204205904340633 62.77
1204205904400489 62.77
1204205904420402 62.79
1204205904470319 62.77
1204205904530174 62.77
1204205904590029 62.77
1204205904650885 62.77
1204205904710740 62.75
1204205904770593 62.77
1204205904830449 62.77
1204205904890304 62.77
1204205904950161 62.75
1204205905010016 62.75
1204205905070870 62.75
1204205905130725 62.75
1204205905190581 62.75
1204205905250436 62.75
1204205905310289 62.75
1204205905370144 62.75
1204205905440000 62.75
1204205905490854 62.77
1204205905550711 62.75
1204205905610564 62.75
1204205905670417 62.77
1204205905730275 62.75
1204205905790130 62.75
1204205905850984 62.77
1204205905910837 62.77
1204205905970695 62.75
1204205906030550 62.75
1204205906090405 62.75
1204205906150258 62.77
1204205906210115 62.75
1204205906270969 62.75
1204205906330822 62.77
1204205906390679 62.75
1204205906450533 62.77
1204205906510390 62.75
1204205906570243 62.75
1204205906630096 62.77
1204205906690952 62.77
1204205906750807 62.77
1204205906810665 62.75
1204205906870516 62.77
1204205906930371 62.77
1204205906990227 62.77
1204205907050081 62.77
1204205907110937 62.77
1204205907170791 62.77
1204205907230646 62.77
1204205907290501 62.77
1204205907350356 62.77
1204205907410212 62.77
1204205907430111 62.79
1204205907480042 62.77
1204205907540912 62.77
1204205907600753 62.77
1204205907660607 62.77
1204205907720462 62.77
1204205907780317 62.77
1204205907840184 62.77
1204205907900025 62.77
1204205907960882 62.77
1204205908020737 62.77
1204205908080592 62.77
1204205908140447 62.77
1204205908200300 62.77
1204205908260156 62.77
1204205908320011 62.77
1204205908380867 62.77
1204205908440736 62.79
1204205908500577 62.83
1204205908560431 62.83
1204205908620286 62.83
1204205908680141 62.83
1204205908740002 62.83
1204205908800850 62.83
1204205908860706 62.83
1204205908920561 62.83
1204205908980416 62.83
1204205909040272 62.83
1204205909100124 62.83
1204205909160980 62.83
1204205909220835 62.83
1204205909280691 62.81
1204205909340556 62.85
1204205909400401 62.83
1204205909460254 62.83
1204205909520123 62.85
1204205909580966 62.83
1204205909640833 62.83
1204205909700674 62.85
1204205909760530 62.83
1204205909820385 62.83
1204205909880240 62.81
1204205909940138 62.83
1204300000000204 62.81
1204300000060060 62.83
1204300000120916 62.83
1204300000180771 62.83
1204300000240632 62.83
1204300000300479 62.83
1204300000360334 62.83
1204300000420189 62.83
1204300000440204 62.86
1204300000490021 62.83
1204300000550875 62.83
1204300000610731 62.83
1204300000670585 62.83
1204300000730440 62.83
1204300000790295 62.83
1204300000850151 62.83
1204300000910004 62.83
1204300000970860 62.83
1204300001030715 62.83
1204300001090571 62.83
1204300001150426 62.83
1204300001210281 62.83
1204300001270134 62.83
1204300001330990 62.83
1204300001390845 62.83
1204300001450700 62.83
1204300001510555 62.83
1204300001570409 62.85
1204300001630264 62.83
1204300001690119 62.83
1204300001750975 62.83
1204300001810830 62.83
1204300001870684 62.83
1204300001930539 62.83
1204300001990394 62.83
1204300002050249 62.83
1204300002110105 62.83
1204300002170959 62.83
1204300002230814 62.83
1204300002290669 62.83
1204300002350525 62.83
1204300002410380 62.83
1204300002470233 62.83
1204300002530088 62.83
1204300002590944 62.81
1204300002650800 62.83
1204300002710654 62.83
1204300002770508 62.83
1204300002830363 62.83
1204300002890218 62.83
1204300002950073 62.83
1204300003010929 62.83
1204300003070784 62.83
1204300003130640 62.83
1204300003190493 62.83
1204300003250348 62.83
1204300003310203 62.81
1204300003370058 62.83
1204300003430913 62.83
1204300003450841 62.83
1204300003500744 62.83
1204300003560600 62.83
1204300003620453 62.83
1204300003680308 62.81
1204300003740167 62.83
1204300003800018 62.83
1204300003860875 62.83
1204300003920728 62.83
1204300003980583 62.83
1204300004040452 62.83
1204300004100293 62.83
1204300004160149 62.83
1204300004220002 62.83
1204300004280858 62.83
1204300004340719 62.83
1204300004400568 62.83
1204300004460423 62.83
1204300004520296 62.83
1204300004580132 62.83
1204300004640001 62.83
1204300004700844 62.83
1204300004760698 62.83
1204300004820552 62.83
1204300004880407 62.83
1204300004940317 62.83
1204300005000117 62.83
1204300005060973 62.83
1204300005120828 62.83
1204300005180684 62.83
1204300005240544 62.83
1204300005300392 62.83
1204300005360247 62.83
1204300005420102 62.81
1204300005480957 62.83
1204300005540826 62.83
1204300005600667 62.83
1204300005660523 62.83
1204300005720376 62.83
1204300005780231 62.83
1204300005840100 62.83
1204300005900942 62.83
1204300005960797 62.83
1204300006020653 62.83
1204300006080506 62.83
1204300006140361 62.83
1204300006200217 62.83
1204300006260070 62.81
1204300006320926 62.81
1204300006380781 62.81
1204300006440650 62.81
1204300006460563 62.83
1204300006510466 62.83
1204300006570321 62.81
1204300006630176 62.81
1204300006690032 62.81
1204300006750888 62.81
1204300006810741 62.81
1204300006870596 62.81
1204300006930451 62.81
1204300006990307 62.83
1204300007050162 62.81
1204300007110017 62.81
1204300007170871 62.81
1204300007230727 62.81
1204300007290581 62.81
1204300007350437 62.81
1204300007410292 62.81
1204300007470145 62.81
1204300007530000 62.81
1204300007590856 62.81
1204300007650712 62.81
1204300007710567 62.81
1204300007770420 62.81
1204300007830275 62.81
1204300007890130 62.81
1204300007950987 62.79
1204300008010842 62.79
1204300008070695 62.79
1204300008130550 62.79
1204300008190540 62.79
1204300008250261 62.77
1204300008310114 62.79
1204300008370970 62.77
1204300008430825 62.79
1204300008490681 62.77
1204300008550536 62.79
1204300008610391 62.79
1204300008670244 62.77
1204300008730100 62.79
1204300008790011 62.79
1204300008850811 62.77
1204300008910666 62.77
1204300008970519 62.79
1204300009030374 62.79
1204300009090230 62.77
1204300009150085 62.79
1204300009210941 62.77
1204300009270795 62.77
1204300009330649 62.77
1204300009390518 62.77
1204300009450360 62.77
1204300009470259 62.79
1204300009520209 62.77
1204300009580045 62.77
1204300009640913 62.77
1204300009700756 62.77
1204300009760610 62.77
1204300009820465 62.77
1204300009880320 62.77
1204300009940218 62.77
1204300100000287 62.77
1204300100060140 62.77
1204300100120996 62.77
1204300100180851 62.77
1204300100240720 62.77
1204300100300562 62.77
1204300100360415 62.77
1204300100420270 62.77
1204300100480126 62.77
1204300100540995 62.77
1204300100600835 62.77
1204300100660691 62.77
1204300100720546 62.77
1204300100780399 62.77
1204300100840268 62.77
1204300100900109 62.77
1204300100960965 62.77
1204300101020820 62.77
1204300101080676 62.77
1204300101140544 62.79
1204300101200384 62.79
1204300101260239 62.81
1204300101320094 62.83
1204300101380950 62.81
1204300101440806 62.81
1204300101500661 62.83
1204300101560514 62.81
1204300101620369 62.83
1204300101680224 62.81
1204300101740093 62.83
1204300101800936 62.81
1204300101860789 62.83
1204300101920644 62.83
1204300101980500 62.83
1204300102040368 62.83
1204300102100210 62.81
1204300102160063 62.81
1204300102220919 62.81
1204300102280774 62.81
1204300102340643 62.83
1204300102400485 62.81
1204300102460338 62.83
1204300102480238 62.85
1204300102530170 62.83
1204300102590023 62.83
1204300102650879 62.81
1204300102710735 62.81
1204300102770590 62.81
1204300102830446 62.81
1204300102890298 62.81
1204300102950154 62.83
1204300103010009 62.81
1204300103070865 62.83
1204300103130720 62.83
1204300103190573 62.81
1204300103250428 62.81
1204300103310284 62.81
1204300103370139 62.81
1204300103430995 62.81
1204300103490850 62.81
1204300103550703 62.81
1204300103610558 62.81
1204300103670414 62.81
1204300103730269 62.81
1204300103790124 62.81
1204300103850980 62.83
1204300103910833 62.81
1204300103970688 62.81
1204300104030544 62.81
1204300104090399 62.81
1204300104150252 62.81
1204300104210107 62.83
1204300104270964 62.81
1204300104330819 62.81
1204300104390674 62.81
1204300104450527 62.81
1204300104510382 62.81
1204300104570237 62.83
1204300104630093 62.81
1204300104690949 62.81
1204300104750802 62.81
1204300104810658 62.81
1204300104870513 62.81
1204300104930368 62.81
1204300104990221 62.81
1204300105050076 62.81
1204300105110933 62.81
1204300105170788 62.81
1204300105230643 62.81
1204300105290498 62.81
1204300105350352 62.81
1204300105410207 62.81
1204300105470062 62.81
1204300105490962 62.85
1204300105540906 62.83
1204300105600748 62.81
1204300105660603 62.81
1204300105720458 62.81
1204300105780477 62.81
1204300105840180 62.81
1204300105900022 62.81
1204300105960878 62.81
1204300106020733 62.81
1204300106080588 62.81
1204300106140450 62.83
1204300106200296 62.81
1204300106260151 62.81
1204300106320007 62.81
1204300106380971 62.81
1204300106440731 62.81
1204300106500571 62.81
1204300106560426 62.81
1204300106620282 62.81
1204300106680137 62.83
1204300106740002 62.83
1204300106800846 62.81
1204300106860702 62.81
1204300106920557 62.81
1204300106980449 62.81
1204300107040279 62.81
1204300107100120 62.81
1204300107160977 62.81
1204300107220832 62.81
1204300107280687 62.81
1204300107340554 62.81
1204300107400396 62.83
1204300107460251 62.81
1204300107520129 62.81
1204300107580974 62.81
1204300107640829 62.83
1204300107700670 62.81
1204300107760526 62.81
1204300107820381 62.81
1204300107880236 62.81
1204300107940160 62.83
1204300108000946 62.81
1204300108060801 62.81
1204300108120656 62.81
1204300108180511 62.81
1204300108240378 62.81
1204300108300220 62.81
1204300108360075 62.83
1204300108420931 62.81
1204300108480786 62.81
1204300108500686 62.83
1204300108550616 62.81
1204300108610471 62.83
1204300108670326 62.81
1204300108730181 62.81
1204300108790035 62.81
1204300108850891 62.83
1204300108910746 62.81
1204300108970602 62.83
1204300109030456 62.81
1204300109090310 62.81
1204300109150165 62.81
1204300109210020 62.81
1204300109270877 62.81
1204300109330730 62.81
1204300109390585 62.81
1204300109450441 62.81
1204300109510295 62.81
1204300109570149 62.81
1204300109630004 62.83
1204300109690860 62.83
1204300109750715 62.81
1204300109810570 62.81
1204300109870424 62.81
1204300109930279 62.83
1204300109990134 62.83
1204300200050245 62.81
1204300200110100 62.83
1204300200170956 62.81
1204300200230809 62.83
1204300200290664 62.83
1204300200350520 62.83
1204300200410375 62.81
1204300200470230 62.81
1204300200530085 62.83
1204300200590940 62.81
1204300200650795 62.81
1204300200710650 62.83
1204300200770505 62.81
1204300200830358 62.81
1204300200890214 62.81
1204300200950069 62.81
1204300201010925 62.81
1204300201070780 62.83
1204300201130635 62.81
1204300201190489 62.81
1204300201250344 62.81
1204300201310199 62.81
1204300201370054 62.81
1204300201430909 62.83
1204300201490764 62.81
1204300201510664 62.85
1204300201560594 62.83
1204300201620449 62.81
1204300201680305 62.81
1204300201740173 62.83
1204300201800013 62.83
1204300201860869 62.81
1204300201920724 62.83
1204300201980580 62.83
1204300202040447 62.81
1204300202100288 62.81
1204300202160143 62.81
1204300202220999 62.81
1204300202280855 62.83
1204300202340721 62.81
1204300202400563 62.81
1204300202460418 62.83
1204300202520303 62.81
1204300202580129 62.81
1204300202640996 62.81
1204300202700838 62.83
1204300202760693 62.81
1204300202820549 62.81
1204300202880404 62.81
1204300202940341 62.81
1204300203000113 62.83
1204300203060968 62.81
1204300203120823 62.83
1204300203180679 62.83
1204300203240547 62.81
1204300203300387 62.81
1204300203360242 62.81
1204300203420098 62.81
1204300203480954 62.81
1204300203540823 62.83
1204300203600662 62.83
1204300203660518 62.83
1204300203720373 62.81
1204300203780228 62.81
1204300203840095 62.81
1204300203900937 62.83
1204300203960793 62.81
1204300204020648 62.81
1204300204080503 62.83
1204300204140370 62.81
1204300204200211 62.81
1204300204260067 62.83
1204300204320923 62.81
1204300204380778 62.81
1204300204440645 62.83
1204300204500488 62.81
1204300204520538 62.83
1204300204570441 62.83
1204300204630173 62.83
1204300204690026 62.83
1204300204750882 62.83
1204300204810737 62.81
1204300204870593 62.81
1204300204930448 62.83
1204300204990303 62.83
1204300205050157 62.81
1204300205110012 62.81
1204300205170901 62.81
1204300205230723 62.81
1204300205290578 62.83
1204300205350433 62.83
1204300205410286 62.83
1204300205470141 62.81
1204300205530998 62.83
1204300205590853 62.83
1204300205650708 62.81
1204300205710561 62.81
1204300205770431 62.83
1204300205830272 62.81
1204300205890125 62.83
1204300205950981 62.81
1204300206010836 62.83
1204300206070692 62.81
1204300206130547 62.81
1204300206190401 62.81
1204300206250256 62.81
1204300206310111 62.81
1204300206370969 62.81
1204300206430822 62.81
1204300206490677 62.81
1204300206550530 62.83
1204300206610386 62.83
1204300206670241 62.81
1204300206730096 62.81
1204300206790952 62.83
1204300206850807 62.83
1204300206910660 62.83
1204300206970515 62.81
1204300207030371 62.83
1204300207090226 62.83
1204300207150079 62.83
1204300207210935 62.83
1204300207270790 62.83
1204300207330646 62.83
1204300207390501 62.83
1204300207450354 62.81
1204300207510209 62.81
1204300207530124 62.83
1204300207580041 62.83
1204300207640909 62.81
1204300207700750 62.83
1204300207760605 62.81
1204300207820461 62.83
1204300207880316 62.83
1204300207940259 62.81
1204300208000024 62.83
1204300208060881 62.83
1204300208120736 62.83
1204300208180591 62.83
1204300208240460 62.83
1204300208300299 62.83
1204300208360155 62.83
1204300208420010 62.83
1204300208480866 62.83
1204300208540733 62.83
1204300208600575 62.83
1204300208660430 62.83
1204300208720285 62.83
1204300208780140 62.83
1204300208840007 62.83
1204300208900849 62.83
1204300208960704 62.81
1204300209020559 62.83
1204300209080415 62.83
1204300209140284 62.81
1204300209200123 62.81
1204300209260979 62.83
1204300209320834 62.83
1204300209380690 62.83
1204300209440558 62.83
1204300209500400 62.83
1204300209560253 62.81
1204300209620108 62.83
1204300209680964 62.83
1204300209740833 62.83
1204300209800675 62.81
1204300209860528 62.83
1204300209920383 62.81
1204300209980239 62.83
1204300300040363 62.83
1204300300100203 62.83
1204300300160058 62.83
1204300300220914 62.81
1204300300280769 62.83
1204300300340638 62.83
1204300300400480 62.83
1204300300460333 62.81
1204300300520217 62.83
1204300300540203 62.85
1204300300590018 62.83
1204300300650875 62.83
1204300300710730 62.83
1204300300770585 62.83
1204300300830440 62.81
1204300300890293 62.83
1204300300950148 62.83
1204300301010003 62.83
1204300301070860 62.83
1204300301130715 62.83
1204300301190569 62.81
1204300301250423 62.83
1204300301310279 62.83
1204300301370134 62.83
1204300301430990 62.81
1204300301490843 62.81
1204300301550698 62.83
1204300301610554 62.81
1204300301670409 62.83
1204300301730264 62.81
1204300301790117 62.83
1204300301850974 62.83
1204300301910829 62.83
1204300301970684 62.83
1204300302030537 62.83
1204300302090393 62.81
1204300302150248 62.83
1204300302210104 62.81
1204300302270958 62.81
1204300302330813 62.83
1204300302390668 62.83
1204300302450523 62.83
1204300302510378 62.83
1204300302570231 62.83
1204300302630086 62.81
1204300302690943 62.83
1204300302750798 62.83
1204300302810653 62.83
1204300302870508 62.83
1204300302930363 62.81
1204300302990217 62.83
1204300303050072 62.83
1204300303110928 62.81
1204300303170783 62.83
1204300303230638 62.83
1204300303290491 62.83
1204300303350346 62.81
1204300303410202 62.83
1204300303470057 62.83
1204300303530913 62.81
1204300303550840 62.85
1204300303600743 62.83
1204300303660598 62.83
1204300303720453 62.83
1204300303780306 62.81
1204300303840175 62.81
1204300303900016 62.83
1204300303960976 62.83
1204300304020728 62.81
1204300304080583 62.81
1204300304140450 62.83
1204300304200291 62.83
1204300304260147 62.83
1204300304320002 62.83
1204300304380858 62.83
1204300304440725 62.81
1204300304500566 62.83
1204300304560436 62.81
1204300304620277 62.81
1204300304680130 62.81
1204300304740000 62.83
1204300304800842 62.83
1204300304860698 62.83
1204300304920551 62.83
1204300304980406 62.83
1204300305040275 62.83
1204300305100116 62.81
1204300305160972 62.83
1204300305220825 62.83
1204300305280681 62.83
1204300305340549 62.81
1204300305400391 62.83
1204300305460246 62.83
1204300305520133 62.83
1204300305580956 62.81
1204300305640825 62.83
1204300305700666 62.83
1204300305760522 62.83
1204300305820375 62.83
1204300305880230 62.83
1204300305940190 62.83
1204300306000941 62.83
1204300306060796 62.83
1204300306120649 62.83
1204300306180505 62.81
1204300306240374 62.83
1204300306300216 62.83
1204300306360071 62.81
1204300306420925 62.81
1204300306480780 62.81
1204300306540649 62.81
1204300306560644 62.83
1204300306610467 62.81
1204300306670320 62.83
1204300306730175 62.83
1204300306790031 62.83
1204300306850886 62.81
1204300306910742 62.83
1204300306970595 62.81
1204300307030450 62.83
1204300307090305 62.83
1204300307150161 62.81
1204300307210014 62.83
1204300307270870 62.83
1204300307330726 62.83
1204300307390581 62.83
1204300307450436 62.83
1204300307510289 62.83
1204300307570144 62.83
1204300307640000 62.83
1204300307690855 62.83
1204300307750710 62.81
1204300307810566 62.83
1204300307870419 62.83
1204300307930274 62.83
1204300307990129 62.83
1204300308050986 62.83
1204300308110839 62.83
1204300308170694 62.83
1204300308230549 62.83
1204300308290404 62.83
1204300308350260 62.81
1204300308410113 62.83
1204300308470969 62.83
1204300308530825 62.83
1204300308590680 62.83
1204300308650533 62.83
1204300308710388 62.83
1204300308770244 62.83
1204300308830099 62.83
1204300308890955 62.83
1204300308950810 62.83
1204300309010663 62.83
1204300309070519 62.83
1204300309130374 62.83
1204300309190229 62.83
1204300309250082 62.83
1204300309310939 62.83
1204300309370794 62.83
1204300309430649 62.83
1204300309490502 62.81
1204300309550357 62.83
1204300309570271 62.85
1204300309620189 62.83
1204300309680044 62.81
1204300309740912 62.83
1204300309800754 62.83
1204300309860609 62.83
1204300309920464 62.85
1204300309980319 62.85
1204300400040442 62.85
1204300400100283 62.85
1204300400160138 62.85
1204300400220994 62.85
1204300400280849 62.85
1204300400340719 62.83
1204300400400558 62.85
1204300400460413 62.85
1204300400520301 62.85
1204300400580124 62.85
1204300400640991 62.85
1204300400700833 62.85
1204300400760688 62.85
1204300400820544 62.85
1204300400880397 62.85
1204300400940344 62.85
1204300401000107 62.85
1204300401060964 62.85
1204300401120819 62.85
1204300401180672 62.85
1204300401240541 62.86
1204300401300382 62.86
1204300401360238 62.86
1204300401420093 62.86
1204300401480947 62.86
1204300401540816 62.86
1204300401600658 62.86
1204300401660513 62.86
1204300401720368 62.86
1204300401780223 62.86
1204300401840090 62.86
1204300401900933 62.86
1204300401960788 62.86
1204300402020643 62.86
1204300402080496 62.86
1204300402140365 62.86
1204300402200206 62.85
1204300402260062 62.86
1204300402320918 62.86