1204201303360230 63.63
1204201303420083 63.63
1204201303480939 63.63
1204201303540794 63.63
1204201303600650 63.63
1204201303660505 63.63
1204201303720358 63.63
1204201303780213 63.65
1204201303840068 63.63
1204201303850970 63.66
1204201303910950 63.63
1204201303970755 63.63
1204201304030610 63.63
1204201304090465 63.65
1204201304150320 63.63
1204201304210173 63.63
1204201304270028 63.63
1204201304330885 63.63
1204201304390740 63.63
1204201304450595 63.63
1204201304510462 63.63
1204201304570304 63.65
1204201304630159 63.63
1204201304690014 63.63
1204201304750868 63.65
1204201304810724 63.63
1204201304870579 63.63
1204201304930434 63.63
1204201304990289 63.65
1204201305050143 63.65
1204201305110012 63.63
1204201305170854 63.63
1204201305230709 63.63
1204201305290563 63.63
1204201305350418 63.63
1204201305410283 63.63
1204201305470128 63.63
1204201305530985 63.63
1204201305590838 63.63
1204201305650693 63.63
1204201305710562 63.63
1204201305770403 63.63
1204201305830257 63.63
1204201305890112 63.63
1204201305950969 63.63
1204201306010829 63.63
1204201306070679 63.63
1204201306130532 63.65
1204201306190389 63.57
1204201306250242 63.53
1204201306310103 63.55
1204201306370954 63.53
1204201306430807 63.53
1204201306490662 63.53
1204201306550518 63.53
1204201306610381 63.53
1204201306670226 63.53
1204201306730081 63.53
1204201306790938 63.53
1204201306850793 63.53
1204201306860695 63.52
1204201306920625 63.46
1204201306980480 63.46
1204201307040335 63.44
1204201307100188 63.42
1204201307160043 63.42
1204201307220901 63.4
1204201307280757 63.4
1204201307340612 63.4
1204201307400467 63.4
1204201307460320 63.4
1204201307520176 63.4
1204201307580031 63.37
1204201307640885 63.35
1204201307700738 63.33
1204201307760593 63.33
1204201307820447 63.33
1204201307880302 63.33
1204201307940158 63.33
1204201308000012 63.33
1204201308060867 63.33
1204201308120722 63.33
1204201308180577 63.33
1204201308240432 63.33
1204201308300287 63.33
1204201308360142 63.33
1204201308420997 63.33
1204201308480852 63.31
1204201308540707 63.33
1204201308600562 63.33
1204201308660417 63.33
1204201308720271 63.33
1204201308780126 63.33
1204201308840982 63.33
1204201308900837 63.33
1204201308960691 63.33
1204201309020546 63.33
1204201309080401 63.33
1204201309140256 63.33
1204201309200112 63.33
1204201309260966 63.33
1204201309320821 63.33
1204201309380676 63.33
1204201309440532 63.33
1204201309500385 63.33
1204201309560240 63.33
1204201309620095 63.33
1204201309680952 63.33
1204201309740807 63.33
1204201309800660 63.33
1204201309860515 63.33
1204201309880417 63.35
1204201309930347 63.33
1204201309990201 63.33
1204201400050312 63.33
1204201400110169 63.31
1204201400170022 63.31
1204201400230879 63.33
1204201400290732 63.31
1204201400350587 63.31
1204201400410456 63.31
1204201400470297 63.31
1204201400530155 63.29
1204201400590008 63.29
1204201400650864 63.29
1204201400710719 63.29
1204201400770573 63.27
1204201400830428 63.27
1204201400890281 63.27
1204201400950138 63.29
1204201401010006 63.27
1204201401070850 63.29
1204201401130701 63.27
1204201401190556 63.27
1204201401250413 63.29
1204201401310269 63.29
1204201401370122 63.27
1204201401430978 63.27
1204201401490831 63.25
1204201401550688 63.24
1204201401610547 63.22
1204201401670397 63.22
1204201401730252 63.22
1204201401790105 63.22
1204201401850961 63.22
1204201401910860 63.22
1204201401970672 63.22
1204201402030526 63.22
1204201402090380 63.22
1204201402150236 63.22
1204201402210105 63.2
1204201402270949 63.2
1204201402330803 63.2
1204201402390658 63.2
1204201402450511 63.18
1204201402510380 63.2
1204201402570391 63.2
1204201402630077 63.2
1204201402690932 63.2
1204201402750788 63.2
1204201402810653 63.14
1204201402870496 63.05
1204201402890396 63.01
1204201402940326 62.86
1204201403000183 62.75
1204201403060044 62.68
1204201403120893 62.64
1204201403180748 62.6
1204201403240601 62.55
1204201403300458 62.4
1204201403360310 62.25
1204201403420169 62.16
1204201403480020 62.1
1204201403540877 62.03
1204201403600737 61.92
1204201403660585 61.73
1204201403720444 61.56
1204201403780295 61.41
1204201403840151 61.3
1204201403900006 61.19
1204201403960862 61.04
1204201404020717 60.87
1204201404080573 60.78
1204201404140426 60.69
1204201404200279 60.59
1204201404260136 60.48
1204201404320990 60.3
1204201404380845 60.15
1204201404440703 59.92
1204201404500556 59.68
1204201404560411 59.48
1204201404620264 59.35
1204201404680117 59.29
1204201404740974 59.29
1204201404800827 59.29
1204201404860682 59.29
1204201404920539 59.27
1204201404980392 59.29
1204201405040248 59.29
1204201405100103 59.29
1204201405160957 59.29
1204201405220812 59.29
1204201405280668 59.29
1204201405340521 59.33
1204201405400376 59.31
1204201405460231 59.31
1204201405520087 59.33
1204201405580945 59.44
1204201405640798 59.55
1204201405700653 59.57
1204201405760506 59.57
1204201405820361 59.57
1204201405880217 59.57
1204201405900116 59.59
1204201405950046 59.57
1204201406010902 59.57
1204201406070758 59.59
1204201406130613 59.57
1204201406190466 59.57
1204201406250321 59.57
1204201406310190 59.57
1204201406370032 59.57
1204201406430888 59.57
1204201406490741 59.57
1204201406550597 59.57
1204201406610466 59.57
1204201406670307 59.57
1204201406730160 59.59
1204201406790016 59.57
1204201406850872 59.59
1204201406910783 59.57
1204201406970582 59.57
1204201407030437 59.57
1204201407090292 59.57
1204201407150145 59.57
1204201407210014 59.59
1204201407270857 59.59
1204201407330712 59.59
1204201407390567 59.59
1204201407450420 59.59
1204201407510289 59.57
1204201407570131 59.57
1204201407630988 59.59
1204201407690840 59.57
1204201407750696 59.57
1204201407810551 59.59
1204201407870406 59.59
1204201407930261 59.59
1204201407990116 59.57
1204201408050971 59.59
1204201408110840 59.57
1204201408170682 59.57
1204201408230535 59.59
1204201408290390 59.59
1204201408350245 59.59
1204201408410114 59.59
1204201408470956 59.57
1204201408530811 59.59
1204201408590665 59.59
1204201408650520 59.59
1204201408710389 59.57
1204201408770230 59.57
1204201408830084 59.57
1204201408890940 59.57
1204201408910075 59.59
1204201408960771 59.57
1204201409020627 59.55
1204201409080480 59.55
1204201409140337 59.53
1204201409200190 59.55
1204201409260046 59.55
1204201409320902 59.53
1204201409380755 59.55
1204201409440612 59.53
1204201409500468 59.53
1204201409560323 59.53
1204201409620176 59.51
1204201409680032 59.51
1204201409740889 59.5
1204201409800744 59.5
1204201409860598 59.5
1204201409920453 59.5
1204201409980306 59.51
1204201500040419 59.5
1204201500100274 59.5
1204201500160245 59.5
1204201500220982 59.51
1204201500280839 59.5
1204201500340694 59.5
1204201500400549 59.5
1204201500460404 59.5
1204201500520258 59.5
1204201500580113 59.5
1204201500640969 59.5
1204201500700825 59.5
1204201500760693 59.5
1204201500820533 59.48
1204201500880388 59.5
1204201500940244 59.5
1204201501000099 59.5
1204201501060953 59.5
1204201501120808 59.5
1204201501180663 59.5
1204201501240518 59.5
1204201501300373 59.5
1204201501360242 59.5
1204201501420082 59.5
1204201501480938 59.5
1204201501540793 59.5
1204201501600648 59.5
1204201501660503 59.5
1204201501720357 59.5
1204201501780212 59.5
1204201501840067 59.48
1204201501900923 59.48
1204201501920975 59.48
1204201501970753 59.48
1204201502030606 59.46
1204201502090461 59.42
1204201502150317 59.4
1204201502210184 59.35
1204201502270023 59.33
1204201502330881 59.35
1204201502390737 59.35
1204201502450592 59.35
1204201502510457 59.33
1204201502570298 59.33
1204201502630153 59.33
1204201502690008 59.31
1204201502750865 59.31
1204201502810732 59.31
1204201502870573 59.31
1204201502930428 59.29
1204201502990284 59.31
1204201503050139 59.31
1204201503110006 59.31
1204201503170848 59.31
1204201503230704 59.31
1204201503290559 59.31
1204201503350414 59.31
1204201503410281 59.31
1204201503470122 59.31
1204201503530979 59.31
1204201503590834 59.31
1204201503650687 59.31
1204201503710556 59.31
1204201503770398 59.33
1204201503830253 59.31
1204201503890108 59.31
1204201503950962 59.31
1204201504010829 59.31
1204201504070672 59.31
1204201504130528 59.33
1204201504190383 59.31
1204201504250238 59.33
1204201504310105 59.31
1204201504370947 59.33
1204201504430803 59.33
1204201504490658 59.33
1204201504550513 59.33
1204201504610382 59.35
1204201504670223 59.35
1204201504730078 59.37
1204201504790935 59.37
1204201504850788 59.38
1204201504910710 59.42
1204201504930545 59.44
1204201504980475 59.44
1204201505040328 59.44
1204201505100184 59.42
1204201505160039 59.44
1204201505220895 59.44
1204201505280751 59.42
1204201505340604 59.44
1204201505400459 59.42
1204201505460314 59.42
1204201505520169 59.42
1204201505580024 59.42
1204201505640879 59.42
1204201505700734 59.44
1204201505760589 59.44
1204201505820445 59.42
1204201505880299 59.42
1204201505940154 59.42
1204201506000008 59.44
1204201506060864 59.42
1204201506120719 59.44
1204201506180574 59.42
1204201506240429 59.42
1204201506300283 59.44
1204201506360140 59.48
1204201506420996 59.5
1204201506480849 59.53
1204201506540701 59.55
1204201506600556 59.55
1204201506660413 59.53
1204201506720266 59.55
1204201506780123 59.53
1204201506840976 59.55
1204201506900833 59.53
1204201506960688 59.53
1204201507020541 59.55
1204201507080396 59.55
1204201507140253 59.53
1204201507200107 59.55
1204201507260963 59.53
1204201507320817 59.55
1204201507380673 59.53
1204201507440527 59.53
1204201507500380 59.55
1204201507560235 59.55
1204201507620092 59.53
1204201507680946 59.55
1204201507740802 59.53
1204201507800657 59.53
1204201507860511 59.55
1204201507920365 59.55
1204201507940265 59.55
1204201507990197 59.53
1204201508050051 59.55
1204201508110923 59.53
1204201508170764 59.53
1204201508230615 59.55
1204201508290472 59.53
1204201508350343 59.55
1204201508410196 59.51
1204201508470038 59.53
1204201508530892 59.51
1204201508590747 59.51
1204201508650603 59.51
1204201508710471 59.53
1204201508770313 59.51
1204201508830167 59.51
1204201508890022 59.53
1204201508950891 59.53
1204201509010747 59.51
1204201509070588 59.51
1204201509130443 59.5
1204201509190298 59.5
1204201509250154 59.5
1204201509310021 59.5
1204201509370862 59.51
1204201509430717 59.51
1204201509490574 59.5
1204201509550429 59.5
1204201509610298 59.5
1204201509670137 59.5
1204201509730994 59.5
1204201509790849 59.5
1204201509850704 59.5
1204201509910659 59.5
1204201509970414 59.5
1204201600030523 59.5
1204201600090378 59.5
1204201600150233 59.5
1204201600210102 59.48
1204201600270944 59.5
1204201600330798 59.5
1204201600390654 59.48
1204201600450508 59.5
1204201600510377 59.5
1204201600570217 59.5
1204201600630072 59.5
1204201600690929 59.5
1204201600750784 59.5
1204201600810653 59.5
1204201600870492 59.5
1204201600930347 59.5
1204201600950259 59.51
1204201601000179 59.5
1204201601060032 59.5
1204201601120888 59.5
1204201601180743 59.5
1204201601240598 59.5
1204201601300454 59.5
1204201601360309 59.5
1204201601420162 59.5
1204201601480017 59.5
1204201601540874 59.5
1204201601600729 59.5
1204201601660582 59.5
1204201601720437 59.5
1204201601780293 59.5
1204201601840148 59.5
1204201601900003 59.5
1204201601960859 59.5
1204201602020712 59.5
1204201602080567 59.5
1204201602140423 59.5
1204201602200278 59.5
1204201602260133 59.5
1204201602320987 59.5
1204201602380843 59.5
1204201602440698 59.5
1204201602500553 59.5
1204201602560408 59.5
1204201602620261 59.5
1204201602680117 59.5
1204201602740973 59.5
1204201602800828 59.5
1204201602860681 59.5
1204201602920537 59.5
1204201602980392 59.5
1204201603040247 59.5
1204201603100102 59.5
1204201603160958 59.5
1204201603220811 59.5
1204201603280667 59.48
1204201603340520 59.46
1204201603400375 59.46
1204201603460231 59.48
1204201603520084 59.46
1204201603580940 59.46
1204201603640795 59.44
1204201603700650 59.42
1204201603760504 59.44
1204201603820359 59.42
1204201603880214 59.42
1204201603940070 59.42
1204201603960984 59.44
1204201604010914 59.42
1204201604070755 59.44
1204201604130610 59.42
1204201604190465 59.44
1204201604250321 59.42
1204201604310188 59.44
1204201604370029 59.44
1204201604430885 59.44
1204201604490740 59.44
1204201604550594 59.42
1204201604610463 59.44
1204201604670304 59.42
1204201604730159 59.42
1204201604790014 59.4
1204201604850869 59.4
1204201604910802 59.4
1204201604970580 59.4
1204201605030433 59.38
1204201605090288 59.38
1204201605150141 59.38
1204201605210012 59.37
1204201605270852 59.38
1204201605330710 59.37
1204201605390565 59.35
1204201605450416 59.33
1204201605510285 59.29
1204201605570126 59.29
1204201605630982 59.29
1204201605690838 59.29
1204201605750693 59.29
1204201605810560 59.29
1204201605870401 59.31
1204201605930257 59.29
1204201605990112 59.29
1204201606050966 59.29
1204201606110835 59.29
1204201606170676 59.29
1204201606230534 59.27
1204201606290389 59.27
1204201606350244 59.27
1204201606410111 59.27
1204201606470953 59.27
1204201606530809 59.27
1204201606590664 59.27
1204201606650517 59.27
1204201606710384 59.29
1204201606770228 59.27
1204201606830083 59.27
1204201606890937 59.25
1204201606950794 59.24
1204201606970696 59.24
1204201607020622 59.22
1204201607080477 59.22
1204201607140332 59.22
1204201607200185 59.22
1204201607260041 59.22
1204201607320897 59.22
1204201607380752 59.22
1204201607440611 59.24
1204201607500464 59.24
1204201607560315 59.22
1204201607620175 59.24
1204201607680026 59.22
1204201607740886 59.24
1204201607800736 59.22
1204201607860591 59.22
1204201607920446 59.22
1204201607980305 59.24
1204201608040155 59.22
1204201608100010 59.22
1204201608160870 59.24
1204201608220724 59.24
1204201608280575 59.22
1204201608340430 59.22
1204201608400289 59.24
1204201608460140 59.22
1204201608520999 59.2
1204201608580852 59.18
1204201608640709 59.16
1204201608700564 59.16
1204201608760419 59.16
1204201608820272 59.16
1204201608880128 59.16
1204201608940984 59.16
1204201609000839 59.16
1204201609060695 59.16
1204201609120548 59.16
1204201609180403 59.16
1204201609240256 59.14
1204201609300113 59.12
1204201609360968 59.12
1204201609420819 59.11
1204201609480674 59.09
1204201609540530 59.09
1204201609600385 59.09
1204201609660238 59.09
1204201609720093 59.09
1204201609780949 59.09
1204201609840804 59.07
1204201609900661 59.05
1204201609960517 59.05
1204201609980416 59.05
1204201700030601 59.03
1204201700090458 58.98
1204201700150313 58.98
1204201700210182 58.96
1204201700270021 58.96
1204201700330878 58.96
1204201700390733 58.96
1204201700450588 58.96
1204201700510455 58.96
1204201700570297 58.96
1204201700630152 58.96
1204201700690007 58.96
1204201700750864 58.96
1204201700810731 58.96
1204201700870572 58.96
1204201700930429 58.94
1204201700990284 58.94
1204201701050138 58.94
1204201701110007 58.92
1204201701170849 58.94
1204201701230704 58.94
1204201701290560 58.94
1204201701350413 58.94
1204201701410280 58.9
1204201701470123 58.92
1204201701530978 58.9
1204201701590832 58.9
1204201701650690 58.88
1204201701710559 58.88
1204201701770400 58.88
1204201701830252 58.9
1204201701890111 58.88
1204201701950965 58.88
1204201702010834 58.88
1204201702070675 58.88
1204201702130531 58.88
1204201702190386 58.88
1204201702250239 58.88
1204201702310108 58.88
1204201702370951 58.88
1204201702430806 58.88
1204201702490661 58.88
1204201702550514 58.88
1204201702610384 58.88
1204201702670225 58.88
1204201702730193 58.88
1204201702790936 58.88
1204201702850789 58.88
1204201702910718 58.88
1204201702970499 58.88
1204201702990395 58.9
1204201703040329 58.88
1204201703100184 58.88
1204201703160040 58.88
1204201703220894 58.86
1204201703280749 58.86
1204201703340604 58.88
1204201703400458 58.86
1204201703460315 58.88
1204201703520168 58.86
1204201703580021 58.86
1204201703640878 58.86
1204201703700733 58.86
1204201703760588 58.86
1204201703820442 58.86
1204201703880297 58.86
1204201703940154 58.88
1204201704000007 58.86
1204201704060864 58.86
1204201704120717 58.86
1204201704180572 58.86
1204201704240425 58.85
1204201704300280 58.85
1204201704360136 58.85
1204201704420990 58.85
1204201704480845 58.85
1204201704540700 58.85
1204201704600555 58.85
1204201704660411 58.79
1204201704720266 58.66
1204201704780119 58.45
1204201704840973 58.27
1204201704900832 58.25
1204201704960682 58.27
1204201705020541 58.25
1204201705080392 58.27
1204201705140248 58.27
1204201705200107 58.25
1204201705260957 58.27
1204201705320812 58.27
1204201705380667 58.27
1204201705440522 58.27
1204201705500378 58.27
1204201705560231 58.27
1204201705620086 58.27
1204201705680943 58.29
1204201705740798 58.29
1204201705800653 58.29
1204201705860506 58.29
1204201705920361 58.29
1204201705980218 58.31
1204201706000120 58.31
1204201706050050 58.32
1204201706110918 58.38
1204201706170759 58.44
1204201706230614 58.45
1204201706290467 58.49
1204201706350323 58.53
1204201706410196 58.57
1204201706470035 58.57
1204201706530889 58.58
1204201706590744 58.58
1204201706650604 58.68
1204201706710469 58.79
1204201706770308 58.96
1204201706830163 59.14
1204201706890018 59.27
1204201706950875 59.27
1204201707010742 59.27
1204201707070583 59.27
1204201707130439 59.27
1204201707190294 59.27
1204201707250147 59.29
1204201707310016 59.27
1204201707370858 59.27
1204201707430713 59.27
1204201707490569 59.27
1204201707550424 59.27
1204201707610291 59.27
1204201707670132 59.27
1204201707730989 59.27
1204201707790844 59.27
1204201707850697 59.22
1204201707910654 59.14
1204201707970407 59.07
1204201708030261 59.03
1204201708090116 59.03
1204201708150972 59.03
1204201708210839 59.03
1204201708270681 59.03
1204201708330536 59.03
1204201708390391 59.03
1204201708450246 59.03
1204201708510113 59.03
1204201708570956 59.03
1204201708630811 59.03
1204201708690666 59.03
1204201708750522 59.03
1204201708810388 59.03
1204201708870230 59.03
1204201708930085 59.03
1204201708990941 59.03
1204201709010055 59.01
1204201709060771 59.01
1204201709120626 59.01
1204201709180482 59.01
1204201709240335 59.01
1204201709300192 58.96
1204201709360047 58.9
1204201709420903 58.85
1204201709480760 58.83
1204201709540614 58.77
1204201709600469 58.77
1204201709660324 58.77
1204201709720329 58.75
1204201709780035 58.75
1204201709840887 58.73
1204201709900742 58.73
1204201709960597 58.71
1204201800020708 58.7
1204201800080563 58.64
1204201800140419 58.57
1204201800200270 58.49
1204201800260130 58.4
1204201800320045 58.32
1204201800380839 58.23
1204201800440690 58.19
1204201800500549 58.16
1204201800560404 58.16
1204201800620259 58.16
1204201800680114 58.16
1204201800740968 58.16
1204201800800820 58.14
1204201800860679 58.16
1204201800920616 58.16
1204201800980385 58.18
1204201801040242 58.16
1204201801100097 58.16
1204201801160954 58.16
1204201801220809 58.16
1204201801280665 58.16
1204201801340518 58.16
1204201801400369 58.18
1204201801460228 58.16
1204201801520095 58.16
1204201801580938 58.16
1204201801640793 58.16
1204201801700648 58.16
1204201801760499 58.18
1204201801820359 58.16
1204201801880214 58.16
1204201801940063 58.18
1204201802000923 58.16
1204201802020846 58.19
1204201802070755 58.16
1204201802130604 58.18
1204201802190463 58.16
1204201802250318 58.16
1204201802310191 58.16
1204201802370023 58.18
1204201802430879 58.21
1204201802490734 58.21
1204201802550590 58.21
1204201802610458 58.21
1204201802670298 58.21
1204201802730153 58.21
1204201802790008 58.21
1204201802850865 58.21
1204201802910810 58.21
1204201802970575 58.21
1204201803030428 58.21
1204201803090283 58.21
1204201803150139 58.21
1204201803210007 58.21
1204201803270850 58.21
1204201803330704 58.21
1204201803390558 58.21
1204201803450414 58.21
1204201803510281 58.21
1204201803570122 58.21
1204201803630978 58.21
1204201803690833 58.21
1204201803750689 58.21
1204201803810558 58.21
1204201803870398 58.21
1204201803930252 58.21
1204201803990107 58.21
1204201804050964 58.21
1204201804110832 58.21
1204201804170672 58.21
1204201804230527 58.21
1204201804290383 58.21
1204201804350238 58.21
1204201804410105 58.21
1204201804470947 58.21
1204201804530803 58.21
1204201804590662 58.23
1204201804650515 58.23
1204201804710384 58.25
1204201804770224 58.32
1204201804830077 58.42
1204201804890935 58.45
1204201804950792 58.47
1204201805010659 58.47
1204201805030561 58.47
1204201805080477 58.47
1204201805140332 58.47
1204201805200185 58.47
1204201805260039 58.45
1204201805320897 58.47
1204201805380753 58.47
1204201805440607 58.47
1204201805500462 58.47
1204201805560316 58.47
1204201805620171 58.47
1204201805680026 58.47
1204201805740881 58.47
1204201805800736 58.47
1204201805860591 58.47
1204201805920446 58.47
1204201805980301 58.47
1204201806040155 58.47
1204201806100010 58.47
1204201806160866 58.47
1204201806220721 58.47
1204201806280576 58.47
1204201806340427 58.49
1204201806400283 58.49
1204201806460137 58.53
1204201806520992 58.53
1204201806580847 58.53
1204201806640702 58.53
1204201806700557 58.53
1204201806760410 58.53
1204201806820266 58.53
1204201806880121 58.53
1204201806940977 58.53
1204201807000832 58.53
1204201807060687 58.53
1204201807120540 58.53
1204201807180395 58.53
1204201807240251 58.53
1204201807300106 58.53
1204201807360962 58.53
1204201807420816 58.53
1204201807480671 58.53
1204201807540526 58.53
1204201807600381 58.53
1204201807660234 58.53
1204201807720090 58.53
1204201807780946 58.53
1204201807840801 58.53
1204201807900657 58.53
1204201807960513 58.55
1204201808020366 58.55
1204201808040268 58.55
1204201808090198 58.55
1204201808150053 58.55
1204201808210923 58.55
1204201808270764 58.55
1204201808330617 58.55
1204201808390472 58.55
1204201808450328 58.55
1204201808510381 58.55
1204201808570036 58.55
1204201808630895 58.57
1204201808690748 58.55
1204201808750603 58.55
1204201808810470 58.55
1204201808870310 58.53
1204201808930165 58.53
1204201808990024 58.51
1204201809050876 58.49
1204201809110911 58.47
1204201809170585 58.49
1204201809230440 58.49
1204201809290295 58.49
1204201809350151 58.49
1204201809410039 58.49
1204201809470860 58.49
1204201809530716 58.49
1204201809590570 58.49
1204201809650425 58.49
1204201809710460 58.49
1204201809770134 58.49
1204201809830990 58.49
1204201809890845 58.49
1204201809950701 58.49
1204201900010823 58.49
1204201900070665 58.49
1204201900130521 58.49
1204201900190375 58.49
1204201900250229 58.49
1204201900310283 58.49
1204201900370940 58.49
1204201900430795 58.49
1204201900490651 58.49
1204201900550504 58.49
1204201900610373 58.49
1204201900670214 58.49
1204201900730070 58.49
1204201900790928 58.51
1204201900850783 58.51
1204201900910635 58.53
1204201900970490 58.53
1204201901030345 58.53
1204201901050246 58.55
1204201901100176 58.55
1204201901160031 58.55
1204201901220889 58.57
1204201901280743 58.55
1204201901340598 58.57
1204201901400451 58.55
1204201901460306 58.55
1204201901520162 58.55
1204201901580015 58.55
1204201901640873 58.57
1204201901700728 58.57
1204201901760582 58.55
1204201901820439 58.57
1204201901880292 58.57
1204201901940148 58.57
1204201902000003 58.57
1204201902060857 58.58
1204201902120712 58.64
1204201902180566 58.73
1204201902240423 58.77
1204201902300276 58.79
1204201902360131 58.79
1204201902420985 58.79
1204201902480842 58.81