1204301004640811 60.65
1204301004700668 60.69
1204301004760523 60.72
1204301004820379 60.71
1204301004880232 60.72
1204301004940087 60.71
1204301005000943 60.72
1204301005060798 60.71
1204301005120654 60.71
1204301005180509 60.71
1204301005240364 60.72
1204301005300217 60.72
1204301005360070 60.74
1204301005420928 60.76
1204301005490942 60.76
1204301005540639 60.78
1204301005600492 60.76
1204301005660348 60.76
1204301005720202 60.76
1204301005780058 60.78
1204301005800960 60.78
1204301005860955 60.78
1204301005910746 60.78
1204301005970601 60.78
1204301006030454 60.8
1204301006090309 60.8
1204301006160217 60.8
1204301006210019 60.8
1204301006270876 60.8
1204301006330725 60.82
1204301006390580 60.82
1204301006460486 60.8
1204301006510295 60.8
1204301006570148 60.8
1204301006630003 60.8
1204301006690860 60.8
1204301006760789 60.8
1204301006810570 60.8
1204301006870425 60.8
1204301006930278 60.8
1204301006990130 60.82
1204301007060034 60.8
1204301007110845 60.8
1204301007170699 60.8
1204301007230551 60.82
1204301007290405 60.82
1204301007350299 60.8
1204301007410118 60.8
1204301007470971 60.82
1204301007540876 60.82
1204301007590679 60.82
1204301007660599 60.82
1204301007710390 60.82
1204301007770244 60.82
1204301007830099 60.82
1204301007890955 60.82
1204301007950810 60.82
1204301008010665 60.82
1204301008070520 60.82
1204301008130373 60.82
1204301008190229 60.82
1204301008260132 60.84
1204301008310939 60.89
1204301008370793 60.93
1204301008430651 60.98
1204301008490508 61.04
1204301008560430 61.04
1204301008610217 61.04
1204301008670071 61.06
1204301008730929 61.04
1204301008790782 61.04
1204301008810681 61.06
1204301008860611 61.06
1204301008920468 61.04
1204301008980324 61.04
1204301009040177 61.04
1204301009100032 61.04
1204301009160887 61.08
1204301009220742 61.06
1204301009280597 61.06
1204301009340450 61.08
1204301009400305 61.06
1204301009460160 61.06
1204301009520016 61.08
1204301009580870 61.1
1204301009640725 61.08
1204301009700579 61.1
1204301009760438 61.12
1204301009820295 61.13
1204301009880146 61.15
1204301009940001 61.19
1204301100000113 61.19
1204301100060969 61.19
1204301100120824 61.19
1204301100180680 61.19
1204301100240535 61.19
1204301100300388 61.19
1204301100360243 61.19
1204301100420098 61.19
1204301100480955 61.19
1204301100540808 61.19
1204301100600663 61.19
1204301100660518 61.19
1204301100720374 61.19
1204301100780226 61.19
1204301100840080 61.17
1204301100900938 61.19
1204301100960793 61.19
1204301101020648 61.19
1204301101080502 61.19
1204301101140357 61.19
1204301101200212 61.19
1204301101260065 61.21
1204301101320921 61.21
1204301101380776 61.21
1204301101440630 61.23
1204301101500485 61.21
1204301101560340 61.21
1204301101620195 61.23
1204301101680050 61.23
1204301101740907 61.21
1204301101800760 61.23
1204301101820673 61.25
1204301101870591 61.21
1204301101930447 61.21
1204301101990300 61.21
1204301102060235 61.23
1204301102110010 61.23
1204301102170867 61.23
1204301102230720 61.21
1204301102290575 61.21
1204301102360501 61.23
1204301102410285 61.23
1204301102470141 61.23
1204301102540054 61.23
1204301102590850 61.21
1204301102660746 61.21
1204301102710561 61.25
1204301102770416 61.26
1204301102830271 61.28
1204301102890126 61.28
1204301102950983 61.28
1204301103010836 61.3
1204301103080863 61.28
1204301103130544 61.3
1204301103190402 61.28
1204301103260307 61.3
1204301103310110 61.3
1204301103370964 61.3
1204301103430819 61.3
1204301103490675 61.3
1204301103560594 61.28
1204301103610385 61.3
1204301103680312 61.28
1204301103730093 61.3
1204301103790950 61.3
1204301103860885 61.3
1204301103910660 61.3
1204301103970515 61.28
1204301104030368 61.3
1204301104090225 61.28
1204301104160133 61.3
1204301104210935 61.3
1204301104270802 61.3
1204301104330644 61.3
1204301104390498 61.3
1204301104460400 61.3
1204301104510209 61.3
1204301104570062 61.3
1204301104630918 61.3
1204301104690774 61.3
1204301104760701 61.3
1204301104810483 61.3
1204301104830401 61.32
1204301104880318 61.32
1204301104940173 61.32
1204301105000028 61.32
1204301105060884 61.32
1204301105120737 61.32
1204301105180592 61.32
1204301105240447 61.32
1204301105300303 61.32
1204301105360157 61.32
1204301105420011 61.32
1204301105480868 61.36
1204301105540721 61.39
1204301105600576 61.43
1204301105660429 61.45
1204301105720286 61.49
1204301105780142 61.49
1204301105840998 61.51
1204301105900853 61.51
1204301105960705 61.52
1204301106020560 61.52
1204301106080415 61.52
1204301106140270 61.52
1204301106200125 61.52
1204301106260981 61.56
1204301106320834 61.58
1204301106380694 61.6
1204301106440549 61.6
1204301106500398 61.62
1204301106560255 61.64
1204301106620111 61.64
1204301106680963 61.65
1204301106740818 61.65
1204301106800673 61.67
1204301106860529 61.73
1204301106920384 61.75
1204301106980237 61.78
1204301107040092 61.82
1204301107100950 61.88
1204301107160804 61.93
1204301107220657 61.97
1204301107280512 61.97
1204301107340367 61.97
1204301107400225 61.99
1204301107460080 61.99
1204301107520936 61.99
1204301107580787 61.97
1204301107640646 61.99
1204301107700501 61.99
1204301107760356 61.99
1204301107820209 61.99
1204301107840111 61.99
1204301107890042 61.99
1204301107950897 61.99
1204301108010750 61.99
1204301108070606 61.99
1204301108130461 61.99
1204301108190316 61.99
1204301108260227 61.99
1204301108320026 61.99
1204301108370879 62.01
1204301108430734 62.01
1204301108490589 62.01
1204301108560521 62.01
1204301108610298 62.01
1204301108670153 62.01
1204301108730008 62.01
1204301108790862 62.03
1204301108860780 62.01
1204301108910571 62.03
1204301108970428 62.01
1204301109030283 62.01
1204301109100138 62.01
1204301109160066 62.01
1204301109210848 62.01
1204301109280703 62.01
1204301109340558 62.01
1204301109390412 62.03
1204301109460344 62.01
1204301109510120 62.03
1204301109570976 62.03
1204301109630831 62.03
1204301109700686 62.03
1204301109760598 62.05
1204301109820399 62.06
1204301109880254 62.08
1204301109940106 62.1
1204301200000961 62.1
1204301200060163 62.1
1204301200120925 62.1
1204301200180780 62.1
1204301200240635 62.1
1204301200300497 62.12
1204301200360407 62.1
1204301200420205 62.12
1204301200480061 62.12
1204301200540983 62.12
1204301200600766 62.14
1204301200660680 62.14
1204301200720475 62.14
1204301200780330 62.14
1204301200840191 62.12
1204301200860200 62.14
1204301200910015 62.14
1204301200970872 62.14
1204301201030726 62.14
1204301201090580 62.14
1204301201150435 62.14
1204301201210294 62.16
1204301201270300 62.16
1204301201330003 62.16
1204301201390855 62.18
1204301201450710 62.18
1204301201510565 62.18
1204301201570420 62.18
1204301201630276 62.18
1204301201690129 62.18
1204301201750985 62.18
1204301201810840 62.18
1204301201870860 62.18
1204301201930551 62.18
1204301201990404 62.18
1204301202050259 62.18
1204301202110116 62.19
1204301202170969 62.18
1204301202230824 62.18
1204301202290679 62.18
1204301202350534 62.18
1204301202410390 62.18
1204301202470257 62.18
1204301202530100 62.18
1204301202590956 62.19
1204301202650809 62.18
1204301202710665 62.18
1204301202770518 62.18
1204301202830375 62.19
1204301202890229 62.18
1204301202950084 62.18
1204301203010940 62.18
1204301203070807 62.18
1204301203130648 62.18
1204301203190503 62.18
1204301203250360 62.19
1204301203310214 62.21
1204301203370067 62.21
1204301203430923 62.21
1204301203490779 62.23
1204301203550633 62.21
1204301203610489 62.21
1204301203670356 62.23
1204301203730197 62.23
1204301203790052 62.23
1204301203850908 62.25
1204301203860837 62.27
1204301203920742 62.27
1204301203980595 62.34
1204301204040448 62.42
1204301204100307 62.45
1204301204160229 62.49
1204301204220015 62.49
1204301204280868 62.51
1204301204340723 62.51
1204301204400580 62.49
1204301204460492 62.49
1204301204520291 62.49
1204301204580146 62.49
1204301204650000 62.49
1204301204700853 62.53
1204301204760794 62.55
1204301204820564 62.57
1204301204880419 62.58
1204301204940274 62.58
1204301205000130 62.58
1204301205060061 62.58
1204301205120841 62.6
1204301205180696 62.6
1204301205240549 62.6
1204301205300402 62.62
1204301205360328 62.64
1204301205420113 62.66
1204301205480973 62.7
1204301205540887 62.7
1204301205600683 62.7
1204301205660616 62.7
1204301205720393 62.7
1204301205780249 62.7
1204301205840102 62.7
1204301205900959 62.7
1204301205960814 62.7
1204301206020669 62.7
1204301206080522 62.7
1204301206140377 62.7
1204301206200232 62.7
1204301206260168 62.7
1204301206320944 62.7
1204301206380797 62.7
1204301206440652 62.7
1204301206500507 62.7
1204301206560474 62.68
1204301206620218 62.7
1204301206680073 62.7
1204301206740927 62.7
1204301206800782 62.7
1204301206860706 62.7
1204301206880566 62.72
1204301206930467 62.7
1204301206990323 62.7
1204301207050178 62.7
1204301207110033 62.7
1204301207170888 62.7
1204301207230745 62.72
1204301207290600 62.72
1204301207350455 62.72
1204301207410308 62.72
1204301207470163 62.72
1204301207530019 62.72
1204301207590872 62.73
1204301207650726 62.73
1204301207710581 62.73
1204301207770435 62.73
1204301207830290 62.73
1204301207890145 62.73
1204301207950000 62.73
1204301208010856 62.73
1204301208070710 62.73
1204301208130563 62.75
1204301208190416 62.77
1204301208250271 62.77
1204301208310128 62.75
1204301208370980 62.77
1204301208430835 62.77
1204301208490691 62.77
1204301208550546 62.77
1204301208610401 62.77
1204301208670258 62.75
1204301208730111 62.77
1204301208790965 62.77
1204301208850821 62.77
1204301208910676 62.77
1204301208970529 62.77
1204301209030384 62.77
1204301209090240 62.79
1204301209150094 62.77
1204301209210950 62.79
1204301209270806 62.77
1204301209330661 62.79
1204301209390516 62.79
1204301209450371 62.83
1204301209510224 62.83
1204301209570080 62.85
1204301209630936 62.85
1204301209690789 62.85
1204301209750646 62.85
1204301209810501 62.88
1204301209870354 62.86
1204301209880256 62.88
1204301209940186 62.85
1204301300000039 62.86
1204301300060242 62.85
1204301300120006 62.85
1204301300180861 62.86
1204301300240714 62.86
1204301300300570 62.86
1204301300360489 62.86
1204301300420280 62.86
1204301300480136 62.86
1204301300540051 62.88
1204301300600847 62.88
1204301300660775 62.88
1204301300720557 62.88
1204301300780411 62.88
1204301300840266 62.88
1204301300900125 62.92
1204301300960975 62.98
1204301301020830 63.01
1204301301080684 63.01
1204301301140539 63.01
1204301301200394 63.01
1204301301260335 63.01
1204301301320104 63.01
1204301301380961 63.01
1204301301440813 63.01
1204301301500669 63.01
1204301301560598 63.01
1204301301620379 63.01
1204301301680238 63.03
1204301301740089 63.01
1204301301800947 63.03
1204301301860881 63.01
1204301301920654 63.01
1204301301980513 63.03
1204301302040364 63.05
1204301302100218 63.07
1204301302160151 63.07
1204301302220929 63.07
1204301302280785 63.09
1204301302340638 63.11
1204301302400497 63.12
1204301302460417 63.14
1204301302520203 63.14
1204301302580057 63.14
1204301302640917 63.16
1204301302700769 63.18
1204301302760719 63.18
1204301302820481 63.2
1204301302880332 63.18
1204301302890235 63.2
1204301302950166 63.2
1204301303010019 63.18
1204301303070875 63.2
1204301303130728 63.18
1204301303190586 63.2
1204301303250440 63.2
1204301303310294 63.18
1204301303370151 63.2
1204301303430002 63.18
1204301303490860 63.2
1204301303550715 63.2
1204301303610571 63.2
1204301303670422 63.18
1204301303730279 63.2
1204301303790135 63.2
1204301303850991 63.2
1204301303910846 63.2
1204301303970699 63.2
1204301304030554 63.2
1204301304090410 63.2
1204301304150262 63.18
1204301304210120 63.2
1204301304270974 63.2
1204301304330829 63.2
1204301304390684 63.2
1204301304450537 63.18
1204301304510391 63.18
1204301304570246 63.18
1204301304630103 63.2
1204301304690960 63.2
1204301304750815 63.2
1204301304810668 63.2
1204301304870523 63.2
1204301304930378 63.2
1204301304990234 63.2
1204301305050089 63.2
1204301305110943 63.2
1204301305170799 63.2
1204301305230654 63.2
1204301305290507 63.18
1204301305350364 63.2
1204301305410219 63.2
1204301305470072 63.2
1204301305530928 63.2
1204301305590784 63.2
1204301305650639 63.2
1204301305710494 63.2
1204301305770348 63.2
1204301305830202 63.2
1204301305890058 63.2
1204301305910957 63.22
1204301305960891 63.2
1204301306020743 63.2
1204301306080599 63.2
1204301306140452 63.22
1204301306200307 63.22
1204301306260163 63.22
1204301306320016 63.22
1204301306380872 63.22
1204301306440727 63.22
1204301306500581 63.22
1204301306560545 63.22
1204301306620291 63.22
1204301306680146 63.22
1204301306740002 63.22
1204301306800856 63.22
1204301306860785 63.22
1204301306920566 63.22
1204301306980421 63.22
1204301307040276 63.22
1204301307100131 63.22
1204301307160076 63.22
1204301307220840 63.22
1204301307280696 63.22
1204301307340551 63.22
1204301307400406 63.22
1204301307460345 63.24
1204301307520116 63.24
1204301307580971 63.22
1204301307640826 63.22
1204301307700681 63.22
1204301307760607 63.22
1204301307820390 63.22
1204301307880245 63.22
1204301307940100 63.22
1204301308000954 63.22
1204301308060913 63.22
1204301308120665 63.22
1204301308180520 63.22
1204301308240375 63.22
1204301308300231 63.22
1204301308360177 63.22
1204301308420940 63.22
1204301308480796 63.22
1204301308540715 63.22
1204301308600504 63.22
1204301308660443 63.22
1204301308720215 63.22
1204301308780070 63.22
1204301308840924 63.22
1204301308900779 63.22
1204301308920681 63.22
1204301308970611 63.22
1204301309030464 63.22
1204301309090319 63.22
1204301309150174 63.22
1204301309210030 63.22
1204301309270886 63.22
1204301309330739 63.22
1204301309390596 63.24
1204301309450451 63.24
1204301309510307 63.24
1204301309570162 63.24
1204301309630017 63.24
1204301309690871 63.24
1204301309750726 63.24
1204301309810582 63.24
1204301309870437 63.24
1204301309930292 63.24
1204301309990145 63.24
1204301400050256 63.24
1204301400110111 63.24
1204301400170967 63.24
1204301400230820 63.24
1204301400290676 63.24
1204301400350531 63.24
1204301400410386 63.24
1204301400470240 63.22
1204301400530095 63.24
1204301400590951 63.24
1204301400650806 63.24
1204301400710662 63.24
1204301400770515 63.24
1204301400830370 63.24
1204301400890225 63.24
1204301400950080 63.24
1204301401010936 63.24
1204301401070791 63.24
1204301401130646 63.24
1204301401190500 63.24
1204301401250355 63.24
1204301401310210 63.24
1204301401370066 63.24
1204301401430919 63.24
1204301401490773 63.25
1204301401550628 63.25
1204301401610483 63.25
1204301401670338 63.25
1204301401730193 63.25
1204301401790048 63.25
1204301401850903 63.25
1204301401910758 63.25
1204301401930659 63.29
1204301401980588 63.25
1204301402040443 63.25
1204301402100298 63.25
1204301402160245 63.25
1204301402220008 63.25
1204301402280865 63.24
1204301402340718 63.25
1204301402400573 63.25
1204301402460428 63.25
1204301402520283 63.25
1204301402580137 63.25
1204301402640993 63.25
1204301402700848 63.25
1204301402760811 63.25
1204301402820558 63.25
1204301402880412 63.25
1204301402940267 63.25
1204301403000124 63.24
1204301403060054 63.25
1204301403120833 63.25
1204301403180689 63.25
1204301403240542 63.27
1204301403300397 63.25
1204301403360252 63.25
1204301403420108 63.25
1204301403480962 63.25
1204301403540887 63.25
1204301403600672 63.25
1204301403660629 63.25
1204301403720382 63.25
1204301403780236 63.25
1204301403840269 63.25
1204301403900948 63.25
1204301403960802 63.25
1204301404020656 63.25
1204301404080511 63.25
1204301404140366 63.25
1204301404200221 63.25
1204301404260172 63.25
1204301404320933 63.25
1204301404380786 63.25
1204301404440725 63.25
1204301404500497 63.25
1204301404560461 63.25
1204301404620205 63.25
1204301404680060 63.25
1204301404740916 63.25
1204301404800772 63.25
1204301404860709 63.25
1204301404920480 63.25
1204301404940381 63.25
1204301404990312 63.25
1204301405050167 63.25
1204301405110022 63.25
1204301405170878 63.24
1204301405230731 63.25
1204301405290587 63.25
1204301405350442 63.25
1204301405410296 63.25
1204301405470151 63.25
1204301405530006 63.25
1204301405590862 63.25
1204301405650717 63.25
1204301405710570 63.25
1204301405770425 63.25
1204301405830280 63.25
1204301405890136 63.25
1204301405950992 63.25
1204301406010845 63.25
1204301406070700 63.25
1204301406130555 63.25
1204301406190411 63.25
1204301406250266 63.25
1204301406310121 63.25
1204301406370976 63.25
1204301406430831 63.25
1204301406490686 63.25
1204301406550541 63.25
1204301406610394 63.25
1204301406670250 63.25
1204301406730105 63.25
1204301406790961 63.25
1204301406850814 63.25
1204301406910669 63.25
1204301406970525 63.25
1204301407030380 63.25
1204301407090235 63.25
1204301407150090 63.25
1204301407210944 63.25
1204301407270799 63.27
1204301407330654 63.25
1204301407390510 63.25
1204301407450365 63.25
1204301407510221 63.25
1204301407570073 63.25
1204301407630929 63.25
1204301407690785 63.25
1204301407750640 63.25
1204301407810493 63.25
1204301407870349 63.25
1204301407930204 63.25
1204301407950105 63.27
1204301408000034 63.25
1204301408060006 63.25
1204301408120745 63.25
1204301408180600 63.25
1204301408240455 63.25
1204301408300309 63.25
1204301408360250 63.25
1204301408420019 63.25
1204301408480876 63.25
1204301408540796 63.25
1204301408600585 63.25
1204301408660534 63.25
1204301408720294 63.25
1204301408780149 63.25
1204301408840004 63.25
1204301408900860 63.27
1204301408960713 63.25
1204301409020569 63.25
1204301409080424 63.25
1204301409140279 63.25
1204301409200134 63.25
1204301409260085 63.25
1204301409320843 63.25
1204301409380699 63.25
1204301409440554 63.25
1204301409500408 63.25
1204301409560264 63.25
1204301409620118 63.25
1204301409680974 63.25
1204301409740829 63.25
1204301409800684 63.27
1204301409860653 63.25
1204301409920393 63.25
1204301409980248 63.25
1204301500040360 63.25
1204301500100215 63.25
1204301500160160 63.25
1204301500220924 63.25
1204301500280780 63.25
1204301500340635 63.25
1204301500400488 63.25
1204301500460343 63.25
1204301500520199 63.25
1204301500580054 63.25
1204301500640910 63.25
1204301500700763 63.25
1204301500760726 63.25
1204301500820473 63.25
1204301500880329 63.25
1204301500940184 63.25
1204301500960083 63.27
1204301501010013 63.25
1204301501070870 63.25
1204301501130725 63.25
1204301501190580 63.27
1204301501250433 63.27
1204301501310288 63.27
1204301501370143 63.27
1204301501430999 63.27
1204301501490855 63.27
1204301501550710 63.27
1204301501610563 63.27
1204301501670419 63.27
1204301501730274 63.27
1204301501790131 63.29
1204301501850985 63.29
1204301501910839 63.31
1204301501970694 63.31
1204301502030715 63.35
1204301502090406 63.44
1204301502150259 63.55
1204301502210116 63.68
1204301502270971 63.7
1204301502330826 63.7
1204301502390681 63.7
1204301502450534 63.7
1204301502510389 63.7
1204301502570245 63.7
1204301502630182 63.7
1204301502690956 63.7
1204301502750809 63.7
1204301502810664 63.7
1204301502870520 63.7
1204301502930375 63.7
1204301502990230 63.7
1204301503050083 63.7
1204301503110940 63.7
1204301503170794 63.7
1204301503230663 63.7
1204301503290505 63.7
1204301503350360 63.7
1204301503410213 63.7
1204301503470068 63.7
1204301503530924 63.7
1204301503590780 63.7
1204301503650633 63.7
1204301503710488 63.7
1204301503770344 63.7
1204301503830199 63.7
1204301503890054 63.7
1204301503950908 63.7
1204301503970847 63.68
1204301504020740 63.7
1204301504080596 63.7
1204301504140451 63.7
1204301504200304 63.7
1204301504260270 63.7
1204301504320014 63.7
1204301504380871 63.7
1204301504440724 63.7
1204301504500579 63.7
1204301504560547 63.7
1204301504620289 63.7
1204301504680142 63.7
1204301504740998 63.7
1204301504800854 63.7
1204301504860805 63.7
1204301504920564 63.7
1204301504980419 63.7
1204301505040275 63.68
1204301505100128 63.7
1204301505160984 63.7
1204301505220839 63.7
1204301505280694 63.7
1204301505340549 63.7
1204301505400403 63.7
1204301505460352 63.7
1204301505520113 63.7
1204301505580967 63.7
1204301505640823 63.7
1204301505700678 63.7
1204301505760638 63.7
1204301505820388 63.7
1204301505880242 63.7
1204301505940097 63.7
1204301506000953 63.7
1204301506060921 63.7
1204301506120664 63.7
1204301506180517 63.7
1204301506240372 63.7
1204301506300227 63.7
1204301506360189 63.7
1204301506420938 63.7
1204301506480794 63.7
1204301506540729 63.7
1204301506600504 63.68
1204301506660474 63.7
1204301506720212 63.7
1204301506780067 63.7
1204301506840921 63.7
1204301506900777 63.7
1204301506960632 63.7
1204301506980563 63.72
1204301507030464 63.7
1204301507090317 63.7
1204301507150173 63.7
1204301507210027 63.7
1204301507270884 63.7
1204301507330737 63.7
1204301507390592 63.7
1204301507450447 63.7
1204301507510302 63.7
1204301507570158 63.7
1204301507630011 63.7
1204301507690868 63.7
1204301507750722 63.7
1204301507810577 63.7
1204301507870431 63.7
1204301507930288 63.68
1204301507990141 63.7
1204301508050997 63.7
1204301508110853 63.7
1204301508170706 63.7
1204301508230563 63.7
1204301508290416 63.7
1204301508350271 63.7
1204301508410126 63.7
1204301508470981 63.7
1204301508530836 63.7
1204301508590691 63.7
1204301508650548 63.68
1204301508710402 63.7
1204301508770255 63.7
1204301508830110 63.7
1204301508890966 63.7
1204301508950821 63.7
1204301509010676 63.7
1204301509070531 63.7
1204301509130386 63.7
1204301509190240 63.7
1204301509250095 63.7
1204301509310953 63.68
1204301509370808 63.68
1204301509430662 63.7
1204301509490515 63.7
1204301509550372 63.68
1204301509610227 63.68
1204301509670082 63.68
1204301509730937 63.7
1204301509790790 63.7
1204301509850647 63.68
1204301509910501 63.7
1204301509970354 63.7
1204301509990255 63.7
1204301600040443 63.68
1204301600100298 63.68
1204301600160251 63.7
1204301600220081 63.7
1204301600280860 63.7
1204301600340715 63.7
1204301600400570 63.7
1204301600460425 63.7
1204301600520281 63.7
1204301600580134 63.7
1204301600640990 63.7
1204301600700845 63.7
1204301600760701 63.7
1204301600820573 63.72
1204301600880411 63.7
1204301600940264 63.7
1204301601000121 63.68
1204301601060084 63.7
1204301601120831 63.7
1204301601180684 63.7
1204301601240540 63.7
1204301601300395 63.7
1204301601360250 63.7
1204301601420119 63.7
1204301601480959 63.7
1204301601540891 63.7
1204301601600670 63.7
1204301601660636 63.7
1204301601720378 63.7
1204301601780233 63.7
1204301601840089 63.7
1204301601900945 63.7
1204301601960800 63.7
1204301602020656 63.68
1204301602080509 63.7
1204301602140364 63.7
1204301602200219 63.7
1204301602260075 63.7
1204301602320930 63.7
1204301602380784 63.7
1204301602440639 63.7
1204301602500494 63.7
1204301602560349 63.7
1204301602620203 63.7
1204301602680058 63.7
1204301602740914 63.7
1204301602800769 63.7
1204301602860624 63.7
1204301602920479 63.7
1204301602980333 63.7
1204301603000234 63.7
1204301603050164 63.7
1204301603110019 63.7
1204301603170875 63.7
1204301603230729 63.7
1204301603290585 63.7
1204301603350439 63.7
1204301603410295 63.7
1204301603470148 63.7
1204301603530003 63.7
1204301603590860 63.7
1204301603650715 63.7
1204301603710570 63.68
1204301603770423 63.7
1204301603830278 63.7
1204301603890134 63.7
1204301603950990 63.7
1204301604010843 63.7
1204301604070698 63.7
1204301604130553 63.7
1204301604190408 63.7
1204301604250263 63.7
1204301604310119 63.7
1204301604370973 63.7
1204301604430828 63.7
1204301604490683 63.7
1204301604550538 63.7
1204301604610393 63.7
1204301604670246 63.7
1204301604730102 63.7
1204301604790958 63.7
1204301604850813 63.7
1204301604910668 63.7
1204301604970522 63.7
1204301605030377 63.7
1204301605090232 63.7
1204301605150087 63.7
1204301605210942 63.7
1204301605270797 63.7
1204301605330652 63.7
1204301605390507 63.7
1204301605450362 63.7
1204301605510218 63.7
1204301605570071 63.7
1204301605630927 63.7
1204301605690783 63.7
1204301605750638 63.7
1204301605810495 63.68
1204301605870346 63.7
1204301605930203 63.68
1204301605990057 63.7
1204301606010961 63.72
1204301606060887 63.7
1204301606120742 63.7
1204301606180597 63.7
1204301606240453 63.7
1204301606300310 63.68
1204301606360161 63.7
1204301606420016 63.7
1204301606480872 63.7
1204301606540807 63.7
1204301606600582 63.7
1204301606660436 63.7
1204301606720291 63.7
1204301606780146 63.7
1204301606840002 63.7
1204301606900858 63.7
1204301606960711 63.7
1204301607020566 63.7
1204301607080421 63.7
1204301607140276 63.7
1204301607200131 63.7
1204301607260096 63.7
1204301607320841 63.7
1204301607380696 63.7
1204301607440551 63.7
1204301607500409 63.68
1204301607560260 63.7
1204301607620115 63.7
1204301607680972 63.7
1204301607740827 63.7
1204301607800680 63.7
1204301607860536 63.7
1204301607920391 63.7
1204301607980246 63.7
1204301608040101 63.7
1204301608100957 63.7
1204301608160921 63.7
1204301608220665 63.7
1204301608280520 63.7
1204301608340375 63.7
1204301608400232 63.68
1204301608460085 63.7
1204301608520941 63.7
1204301608580795 63.7
1204301608640652 63.68
1204301608700505 63.7
1204301608760472 63.7
1204301608820216 63.7
1204301608880069 63.7
1204301608940925 63.7
1204301609000781 63.7
1204301609020698 63.72
1204301609070610 63.7
1204301609130465 63.7
1204301609190321 63.7
1204301609250176 63.7
1204301609310031 63.7
1204301609370885 63.7
1204301609430741 63.7
1204301609490596 63.7
1204301609550451 63.7
1204301609610304 63.7
1204301609670160 63.7
1204301609730015 63.7
1204301609790871 63.7
1204301609850726 63.7
1204301609910580 63.7
1204301609970434 63.7
1204301700030545 63.7
1204301700090400 63.7
1204301700150255 63.7
1204301700210110 63.7
1204301700270965 63.7
1204301700330820 63.7
1204301700390675 63.7
1204301700450530 63.7
1204301700510385 63.7
1204301700570239 63.7
1204301700630094 63.7
1204301700690950 63.7
1204301700750805 63.7
1204301700810660 63.7
1204301700870513 63.7
1204301700930369 63.7
1204301700990224 63.7
1204301701050079 63.7
1204301701110935 63.7
1204301701170788 63.7
1204301701230644 63.7
1204301701290499 63.7
1204301701350354 63.7
1204301701410209 63.7
1204301701470063 63.7
1204301701530919 63.7
1204301701590774 63.7
1204301701650629 63.7
1204301701710484 63.7
1204301701770338 63.7
1204301701830193 63.7
1204301701890048 63.7
1204301701950904 63.7
1204301702010759 63.7
1204301702030663 63.72
1204301702080591 63.68
1204301702140444 63.7
1204301702200299 63.7
1204301702260154 63.7
1204301702320007 63.7
1204301702380863 63.7
1204301702440719 63.7
1204301702500574 63.7
1204301702560429 63.7
1204301702620282 63.7
1204301702680138 63.7
1204301702740994 63.7
1204301702800849 63.7
1204301702860702 63.7
1204301702920558 63.7
1204301702980413 63.7
1204301703040268 63.7
1204301703100123 63.7
1204301703160980 63.68
1204301703220833 63.7
1204301703280688 63.7
1204301703340543 63.7
1204301703400398 63.7
1204301703460367 63.7
1204301703520107 63.7
1204301703580963 63.7
1204301703640818 63.7
1204301703700673 63.7
1204301703760530 63.68
1204301703820381 63.7
1204301703880237 63.7
1204301703940092 63.7
1204301704000948 63.7
1204301704060803 63.7
1204301704120656 63.7
1204301704180511 63.7
1204301704240367 63.7
1204301704300222 63.7
1204301704360077 63.7
1204301704420932 63.7
1204301704480787 63.7
1204301704540722 63.7
1204301704600497 63.7
1204301704660352 63.7
1204301704720208 63.7
1204301704780061 63.7
1204301704840917 63.7
1204301704900772 63.7
1204301704960626 63.7
1204301705020481 63.7
1204301705040385 63.72
1204301705090311 63.7
1204301705150166 63.7
1204301705210021 63.7
1204301705270878 63.7
1204301705330733 63.7
1204301705390586 63.7
1204301705450441 63.7
1204301705510297 63.7
1204301705570152 63.7
1204301705630007 63.7
1204301705690861 63.7
1204301705750718 63.7
1204301705810571 63.7
1204301705870427 63.7
1204301705930282 63.7
1204301705990137 63.7
1204301706050993 63.7
1204301706110846 63.7
1204301706170701 63.7
1204301706230556 63.7
1204301706290411 63.7
1204301706350266 63.7
1204301706410120 63.7
1204301706470976 63.7
1204301706530831 63.7
1204301706590687 63.7
1204301706650542 63.7
1204301706710395 63.7
1204301706770250 63.7
1204301706830106 63.7
1204301706890962 63.7
1204301706950819 63.72
1204301707010670 63.7
1204301707070526 63.7
1204301707130381 63.7
1204301707190234 63.7
1204301707250089 63.7
1204301707310947 63.68
1204301707370801 63.7
1204301707430656 63.7
1204301707490511 63.7
1204301707550364 63.7
1204301707610220 63.7
1204301707670074 63.7
1204301707730930 63.7
1204301707790786 63.7
1204301707850641 63.68
1204301707910494 63.7
1204301707970349 63.7
1204301708030204 63.7
1204301708050104 63.74
1204301708100034 63.7
1204301708160890 63.7
1204301708220746 63.7
1204301708280601 63.7
1204301708340456 63.68
1204301708400310 63.7
1204301708460165 63.7
1204301708520020 63.7
1204301708580874 63.7
1204301708640730 63.7
1204301708700585 63.7
1204301708760440 63.7
1204301708820295 63.7
1204301708880149 63.7
1204301708940004 63.7
1204301709000860 63.7
1204301709060715 63.7
1204301709120568 63.7
1204301709180424 63.7
1204301709240279 63.7
1204301709300134 63.7
1204301709360990 63.7
1204301709420845 63.7
1204301709480700 63.7
1204301709540635 63.7
1204301709600409 63.7
1204301709660264 63.7
1204301709720119 63.7
1204301709780974 63.7
1204301709840829 63.7
1204301709900684 63.7
1204301709960539 63.7
1204301800020653 63.68
1204301800080504 63.7
1204301800140359 63.7
1204301800200215 63.7
1204301800260070 63.7
1204301800320926 63.7
1204301800380779 63.7
1204301800440634 63.7
1204301800500490 63.7
1204301800560345 63.7
1204301800620200 63.7
1204301800680054 63.7
1204301800740912 63.68
1204301800800765 63.7
1204301800860618 63.7
1204301800920475 63.68
1204301800980329 63.7
1204301801040184 63.7
1204301801060087 63.72
1204301801110014 63.7
1204301801170870 63.7
1204301801230725 63.7
1204301801290580 63.7
1204301801350437 63.68
1204301801410289 63.7
1204301801470143 63.7
1204301801540000 63.7
1204301801590855 63.7
1204301801650710 63.7
1204301801710565 63.7
1204301801770418 63.7
1204301801830274 63.7
1204301801890129 63.7
1204301801950985 63.7
1204301802010840 63.7
1204301802070694 63.7
1204301802130551 63.68
1204301802190405 63.7
1204301802250262 63.68
1204301802310112 63.7
1204301802370970 63.68
1204301802430824 63.7
1204301802490681 63.68
1204301802550534 63.7
1204301802610388 63.7
1204301802670243 63.7
1204301802730098 63.7
1204301802790111 63.7
1204301802850809 63.7
1204301802910663 63.7
1204301802970517 63.7
1204301803030375 63.68
1204301803090228 63.7
1204301803150083 63.7
1204301803210939 63.7
1204301803270792 63.7
1204301803330647 63.7
1204301803390606 63.68
1204301803450360 63.68
1204301803510213 63.7
1204301803570066 63.7
1204301803630923 63.7
1204301803690780 63.68
1204301803750635 63.68
1204301803810488 63.7
1204301803870342 63.7
1204301803930197 63.7
1204301803990077 63.7
1204301804050910 63.68
1204301804070839 63.72
1204301804120740 63.68
1204301804180593 63.7
1204301804240449 63.7
1204301804300305 63.68
1204301804360157 63.7
1204301804420012 63.7
1204301804480870 63.68
1204301804540807 63.7
1204301804600577 63.7
1204301804660432 63.7
1204301804720287 63.7
1204301804780143 63.7
1204301804840000 63.68
1204301804900852 63.7
1204301804960707 63.7
1204301805020562 63.7
1204301805080419 63.68
1204301805140271 63.7
1204301805200126 63.7
1204301805260982 63.7
1204301805320837 63.7
1204301805380692 63.7
1204301805440547 63.7
1204301805500402 63.7
1204301805560256 63.7
1204301805620113 63.68
1204301805680967 63.7
1204301805740822 63.7
1204301805800680 63.68
1204301805860531 63.7
1204301805920386 63.7
1204301805980243 63.68
1204301806040099 63.68
1204301806100953 63.7
1204301806160806 63.7
1204301806220661 63.7
1204301806280517 63.7
1204301806340372 63.7
1204301806400225 63.7
1204301806460080 63.7
1204301806520938 63.68
1204301806580792 63.7
1204301806640645 63.7
1204301806700500 63.7
1204301806760355 63.7
1204301806820213 63.68
1204301806880066 63.7
1204301806940924 63.68
1204301807000775 63.7
1204301807060632 63.68
1204301807080557 63.7
1204301807130463 63.68
1204301807190318 63.68
1204301807250173 63.68
1204301807310025 63.66
1204301807370879 63.66
1204301807430734 63.65
1204301807490589 63.65
1204301807550443 63.65
1204301807610298 63.65
1204301807670153 63.65
1204301807730008 63.65
1204301807790864 63.65
1204301807850720 63.65
1204301807910573 63.63
1204301807970428 63.63
1204301808030283 63.63
1204301808090138 63.63
1204301808150994 63.63
1204301808210848 63.63
1204301808270703 63.65
1204301808330559 63.63
1204301808390413 63.61
1204301808450268 63.61
1204301808510122 63.61
1204301808570978 63.61
1204301808630833 63.61
1204301808690688 63.61
1204301808750543 63.59
1204301808810397 63.59
1204301808870252 63.61
1204301808930107 63.59
1204301808990963 63.59
1204301809050818 63.61
1204301809110672 63.61
1204301809170527 63.61
1204301809230382 63.61
1204301809290237 63.61
1204301809350092 63.61
1204301809410948 63.61
1204301809470803 63.61
1204301809530657 63.61
1204301809590512 63.61
1204301809650367 63.61
1204301809710222 63.61
1204301809770076 63.59
1204301809830932 63.61
1204301809890787 63.61
1204301809950642 63.59
1204301900010753 63.59
1204301900070606 63.59
1204301900090506 63.63
1204301900140438 63.61
1204301900200292 63.61
1204301900260147 63.59
1204301900320002 63.61
1204301900380020 63.59
1204301900440712 63.59
1204301900500567 63.61
1204301900560422 63.59
1204301900620278 63.61
1204301900680133 63.61
1204301900740987 63.59
1204301900800842 63.59
1204301900860697 63.59
1204301900920552 63.59
1204301900980407 63.59
1204301901040262 63.57
1204301901100116 63.59
1204301901160972 63.59
1204301901220829 63.57
1204301901280684 63.57
1204301901340537 63.59
1204301901400393 63.57
1204301901460248 63.57
1204301901520101 63.59
1204301901580039 63.57
1204301901640811 63.59
1204301901700666 63.59
1204301901760521 63.59
1204301901820377 63.59
1204301901880231 63.59
1204301901940085 63.59
1204301902000942 63.59
1204301902060797 63.59
1204301902120654 63.57
1204301902180519 63.59
1204301902240362 63.57
1204301902300216 63.59
1204301902360071 63.59
1204301902420926 63.59
1204301902480781 63.59
1204301902540729 63.59
1204301902600491 63.59
1204301902660346 63.59
1204301902720199 63.59
1204301902780054 63.59
1204301902840911 63.59
1204301902900768 63.57
1204301902960621 63.59
1204301903020474 63.59
1204301903080330 63.59
1204301903100229 63.61
1204301903150161 63.59
1204301903210018 63.57
1204301903270872 63.57
1204301903330727 63.57
1204301903390581 63.59
1204301903450436 63.59
1204301903510289 63.59
1204301903570144 63.59
1204301903630000 63.59
1204301903690858 63.57
1204301903750711 63.59
1204301903810566 63.57
1204301903870422 63.57
1204301903930275 63.59
1204301903990132 63.57
1204301904050988 63.57
1204301904110840 63.59
1204301904170697 63.57
1204301904230550 63.59
1204301904290405 63.59
1204301904350262 63.57
1204301904410114 63.59
1204301904470972 63.57
1204301904530825 63.59
1204301904590682 63.57
1204301904650537 63.57
1204301904710388 63.59
1204301904770245 63.57
1204301904830100 63.57
1204301904890955 63.59
1204301904950810 63.59
1204301905010663 63.59
1204301905070521 63.57
1204301905130376 63.57
1204301905190231 63.57
1204301905250084 63.59
1204301905310942 63.57
1204301905370795 63.57
1204301905430651 63.57
1204301905490504 63.59
1204301905550359 63.59
1204301905610215 63.57
1204301905670068 63.59
1204301905730926 63.57
1204301905790781 63.57
1204301905850633 63.59
1204301905910490 63.57
1204301905970346 63.57
1204301906030199 63.59
1204301906090052 63.59
1204301906110954 63.59
1204301906160884 63.59
1204301906220739 63.59
1204301906280594 63.59
1204301906340450 63.59
1204301906400305 63.57
1204301906460158 63.59
1204301906520014 63.59
1204301906580869 63.59
1204301906640724 63.59
1204301906700580 63.57
1204301906760433 63.59
1204301906820288 63.59
1204301906880145 63.57
1204301906940999 63.59
1204301907000853 63.59
1204301907060708 63.59
1204301907120563 63.59
1204301907180419 63.59
1204301907240272 63.59
1204301907300127 63.59
1204301907360985 63.57
1204301907420838 63.59
1204301907480694 63.59
1204301907540643 63.59
1204301907600402 63.59
1204301907660257 63.59
1204301907720113 63.59
1204301907780967 63.59
1204301907840822 63.59
1204301907900678 63.59
1204301907960533 63.59
1204301908020388 63.57
1204301908080241 63.59
1204301908140097 63.59
1204301908200953 63.59
1204301908260808 63.59
1204301908320661 63.59
1204301908380516 63.59
1204301908440372 63.59
1204301908500227 63.59
1204301908560082 63.59
1204301908620936 63.59
1204301908680792 63.59
1204301908740646 63.59
1204301908800502 63.59
1204301908860357 63.59
1204301908920212 63.59
1204301908980065 63.59
1204301909040922 63.59
1204301909100777 63.59
1204301909120676 63.63
1204301909170655 63.59
1204301909230462 63.59
1204301909290317 63.59
1204301909350172 63.59
1204301909410025 63.59
1204301909470881 63.61
1204301909530737 63.59
1204301909590592 63.59
1204301909650447 63.59
1204301909710302 63.59
1204301909770215 63.59
1204301909830011 63.59
1204301909890868 63.59
1204301909950721 63.59
1204302000010832 63.59
1204302000070687 63.59
1204302000130542 63.59
1204302000190397 63.59
1204302000250252 63.59
1204302000310105 63.59
1204302000370963 63.59
1204302000430816 63.59
1204302000490671 63.61
1204302000550527 63.59
1204302000610382 63.59
1204302000670235 63.59
1204302000730090 63.59
1204302000790946 63.59
1204302000850802 63.59
1204302000910657 63.63
1204302000970565 63.65
1204302001030365 63.65
1204302001090221 63.66
1204302001150076 63.66
1204302001210934 63.68
1204302001270789 63.68
1204302001330644 63.68
1204302001390500 63.68
1204302001450355 63.68
1204302001510210 63.68
1204302001570078 63.68
1204302001630918 63.7
1204302001690775 63.68
1204302001750628 63.7
1204302001810481 63.7
1204302001870338 63.68
1204302001930192 63.7
1204302001990047 63.7
1204302002050901 63.7
1204302002110757 63.7
1204302002130662 63.72
1204302002180588 63.7
1204302002240441 63.7
1204302002300296 63.7
1204302002360152 63.7
1204302002420007 63.7
1204302002480863 63.7
1204302002540812 63.68
1204302002600572 63.7
1204302002660427 63.7
1204302002720282 63.7
1204302002780137 63.7
1204302002840995 63.68
1204302002900848 63.68
1204302002960702 63.7
1204302003020557 63.7
1204302003080412 63.7
1204302003140268 63.7
1204302003200122 63.68
1204302003260977 63.7
1204302003320832 63.7
1204302003380687 63.7
1204302003440542 63.7
1204302003500396 63.7
1204302003560253 63.68
1204302003620107 63.7
1204302003680963 63.7
1204302003740816 63.7
1204302003800671 63.7
1204302003860526 63.7
1204302003920381 63.7
1204302003980235 63.7
1204302004040090 63.7
1204302004100948 63.68
1204302004160803 63.68
1204302004220656 63.7
1204302004280511 63.7
1204302004340366 63.7
1204302004400219 63.7
1204302004460074 63.7
1204302004520930 63.7
1204302004580785 63.7
1204302004640641 63.7
1204302004700496 63.7
1204302004760351 63.7
1204302004820204 63.7
1204302004880061 63.68
1204302004940918 63.68
1204302005000771 63.7
1204302005060626 63.7
1204302005120481 63.68
1204302005140381 63.7
1204302005190311 63.7
1204302005250164 63.7
1204302005310020 63.7
1204302005370876 63.7
1204302005430731 63.7
1204302005490586 63.7
1204302005550441 63.7
1204302005610295 63.7
1204302005670150 63.7
1204302005730005 63.7
1204302005790861 63.7
1204302005850716 63.7
1204302005910571 63.7
1204302005970425 63.7
1204302006030282 63.68
1204302006090135 63.7
1204302006150991 63.7
1204302006210844 63.7
1204302006270699 63.7
1204302006330554 63.7
1204302006390410 63.7
1204302006450267 63.68
1204302006510118 63.7
1204302006570974 63.7
1204302006630829 63.7
1204302006690685 63.7
1204302006750540 63.7
1204302006810393 63.7
1204302006870251 63.68
1204302006930104 63.7
1204302006990962 63.68
1204302007050815 63.7
1204302007110668 63.7
1204302007170523 63.7
1204302007230379 63.7
1204302007290236 63.68
1204302007350089 63.7
1204302007410944 63.7
1204302007470799 63.7
1204302007530654 63.7
1204302007590509 63.7
1204302007650362 63.7
1204302007710218 63.7
1204302007770073 63.7
1204302007830929 63.7
1204302007890784 63.7
1204302007950639 63.7
1204302008010493 63.7
1204302008070348 63.7
1204302008130205 63.68
1204302008150106 63.72
1204302008200033 63.7
1204302008260889 63.7
1204302008320744 63.7
1204302008380599 63.7
1204302008440456 63.68
1204302008500308 63.7
1204302008560163 63.7
1204302008620018 63.7
1204302008680874 63.7
1204302008740732 63.68
1204302008800583 63.7
1204302008860438 63.7
1204302008920295 63.68
1204302008980149 63.7
1204302009040002 63.7
1204302009100858 63.7
1204302009160713 63.7
1204302009220569 63.7
1204302009280422 63.7
1204302009340279 63.68
1204302009400135 63.68
1204302009460989 63.7
1204302009520844 63.7
1204302009580699 63.7
1204302009640552 63.7
1204302009700407 63.7
1204302009760263 63.7
1204302009820117 63.7
1204302009880974 63.7
1204302009940829 63.68
1204302100000682 63.7
1204302100060793 63.7
1204302100120648 63.7
1204302100180503 63.7
1204302100240361 63.68
1204302100300211 63.7
1204302100360069 63.68
1204302100420925 63.68
1204302100480778 63.7
1204302100540731 63.7
1204302100600487 63.7
1204302100660342 63.7
1204302100720197 63.7
1204302100780053 63.68
1204302100840907 63.7
1204302100900762 63.7
1204302100960617 63.7
1204302101020471 63.7
1204302101080326 63.7
1204302101140181 63.7
1204302101160098 63.72
1204302101210012 63.7
1204302101270869 63.68
1204302101330722 63.7
1204302101390577 63.7
1204302101450432 63.7
1204302101510287 63.7
1204302101570144 63.68
1204302101630997 63.7
1204302101690854 63.68
1204302101750707 63.7
1204302101810565 63.68
1204302101870415 63.7
1204302101930271 63.7
1204302101990126 63.7
1204302102050984 63.68
1204302102110837 63.7
1204302102170691 63.7
1204302102230548 63.68
1204302102290403 63.68
1204302102350434 63.68
1204302102410111 63.7
1204302102470968 63.68
1204302102530823 63.68
1204302102590678 63.68
1204302102650529 63.66
1204302102710388 63.68
1204302102770244 63.68
1204302102830093 63.66
1204302102890953 63.68
1204302102950879 63.68
1204302103010662 63.68
1204302103070517 63.68
1204302103130372 63.68
1204302103190227 63.68
1204302103250082 63.68
1204302103310937 63.68
1204302103370792 63.68
1204302103430647 63.68
1204302103490502 63.68
1204302103550365 63.68
1204302103610211 63.68
1204302103670066 63.68
1204302103730922 63.68
1204302103790774 63.66
1204302103850627 63.66
1204302103910482 63.66
1204302103970338 63.66
1204302104030193 63.66
1204302104090048 63.66
1204302104150916 63.66
1204302104170847 63.68
1204302104220734 63.66
1204302104280588 63.66
1204302104340443 63.66
1204302104400298 63.66
1204302104460153 63.66
1204302104520007 63.66
1204302104580863 63.66
1204302104640718 63.66
1204302104700574 63.66
1204302104760429 63.66
1204302104820282 63.66
1204302104880138 63.66
1204302104940993 63.66
1204302105000849 63.66
1204302105060704 63.66
1204302105120559 63.66
1204302105180412 63.66
1204302105240267 63.66
1204302105300122 63.66
1204302105360979 63.66
1204302105420833 63.66
1204302105480687 63.66
1204302105540639 63.66
1204302105600397 63.66
1204302105660252 63.66
1204302105720107 63.66
1204302105780962 63.66
1204302105840817 63.66
1204302105900672 63.66
1204302105960527 63.66
1204302106020383 63.66
1204302106080236 63.66
1204302106140091 63.66
1204302106200948 63.66
1204302106260803 63.66
1204302106320656 63.66
1204302106380512 63.66
1204302106440366 63.66
1204302106500222 63.66
1204302106560075 63.66
1204302106620931 63.66
1204302106680787 63.65
1204302106740641 63.66
1204302106800497 63.66
1204302106860352 63.66
1204302106920205 63.66
1204302106980060 63.66
1204302107040920 63.68
1204302107100772 63.66
1204302107160631 63.68
1204302107180557 63.68
1204302107230460 63.68
1204302107290311 63.66
1204302107350171 63.68
1204302107410022 63.66
1204302107470876 63.66
1204302107530735 63.68
1204302107590591 63.68
1204302107650446 63.68
1204302107710297 63.66
1204302107770150 63.66
1204302107830009 63.68
1204302107890866 63.68
1204302107950717 63.66
1204302108010572 63.66
1204302108070425 63.66
1204302108130284 63.68
1204302108190136 63.66
1204302108250992 63.66
1204302108310849 63.68
1204302108370701 63.66