1204305502090670 57.25
1204305502150525 57.25
1204305502210380 57.25
1204305502270237 57.23
1204305502330090 57.23
1204305502390945 57.25
1204305502450800 57.25
1204305502510655 57.25
1204305502570509 57.25
1204305502630364 57.25
1204305502690219 57.3
1204305502750076 57.32
1204305502810930 57.34
1204305502870785 57.34
1204305502930641 57.34
1204305502990496 57.32
1204305503050349 57.32
1204305503110205 57.34
1204305503170060 57.32
1204305503230916 57.32
1204305503290771 57.32
1204305503350626 57.34
1204305503410480 57.34
1204305503470335 57.34
1204305503530190 57.32
1204305503590045 57.34
1204305503650898 57.38
1204305503710752 57.41
1204305503770608 57.49
1204305503830465 57.64
1204305503890320 57.86
1204305503950173 58.05
1204305504010026 58.18
1204305504070886 58.25
1204305504130738 58.29
1204305504190593 58.29
1204305504250448 58.29
1204305504310302 58.29
1204305504330217 58.32
1204305504380134 58.29
1204305504440990 58.31
1204305504500025 58.32
1204305504560699 58.32
1204305504620555 58.32
1204305504680408 58.34
1204305504740263 58.42
1204305504800321 58.57
1204305504860978 58.75
1204305504920830 58.9
1204305504980685 58.99
1204305505040540 59.05
1204305505100573 59.09
1204305505160251 59.12
1204305505220106 59.12
1204305505280960 59.14
1204305505340814 59.18
1204305505400837 59.18
1204305505460525 59.18
1204305505520379 59.18
1204305505580234 59.18
1204305505640089 59.18
1204305505700135 59.18
1204305505760800 59.18
1204305505820814 59.18
1204305505880509 59.18
1204305505940363 59.2
1204305506000216 59.22
1204305506060071 59.25
1204305506120077 59.31
1204305506180781 59.38
1204305506240640 59.48
1204305506300660 59.59
1204305506360346 59.66
1204305506420208 59.72
1204305506480056 59.79
1204305506540912 59.79
1204305506600973 59.79
1204305506660745 59.81
1204305506720479 59.83
1204305506780331 59.85
1204305506840186 59.85
1204305506900227 59.83
1204305506960899 59.83
1204305507020752 59.85
1204305507080605 59.89
1204305507140461 59.94
1204305507200485 60.02
1204305507260170 60.09
1204305507320028 60.2
1204305507340929 60.24
1204305507390857 60.37
1204305507450715 60.48
1204305507510583 60.52
1204305507570426 60.56
1204305507630276 60.58
1204305507690135 60.56
1204305507750987 60.58
1204305507810842 60.58
1204305507870697 60.59
1204305507930552 60.59
1204305507990406 60.61
1204305508050261 60.59
1204305508110164 60.61
1204305508170971 60.61
1204305508230828 60.69
1204305508290684 60.8
1204305508350537 60.91
1204305508410395 61.04
1204305508470248 61.23
1204305508530104 61.39
1204305508590960 61.47
1204305508650817 61.49
1204305508710671 61.49
1204305508770526 61.49
1204305508830381 61.49
1204305508890235 61.49
1204305508950090 61.51
1204305509010947 61.56
1204305509070802 61.64
1204305509130652 61.67
1204305509190509 61.69
1204305509250363 61.69
1204305509310215 61.71
1204305509370072 61.73
1204305509430929 61.75
1204305509490783 61.78
1204305509550636 61.82
1204305509610492 61.88
1204305509670348 62.01
1204305509730207 62.12
1204305509790055 62.25
1204305509850911 62.34
1204305509910766 62.38
1204305509970622 62.38
1204305600030733 62.4
1204305600090587 62.4
1204305600150441 62.38
1204305600210298 62.4
1204305600270151 62.38
1204305600330006 62.38
1204305600350909 62.4
1204305600400035 62.38
1204305600460692 62.38
1204305600520548 62.4
1204305600580403 62.4
1204305600640258 62.4
1204305600700303 62.42
1204305600760974 62.44
1204305600820825 62.45
1204305600880680 62.45
1204305600940536 62.45
1204305601000389 62.45
1204305601060244 62.45
1204305601120099 62.45
1204305601180951 62.47
1204305601240809 62.49
1204305601300855 62.53
1204305601360516 62.53
1204305601420371 62.55
1204305601480226 62.55
1204305601540079 62.55
1204305601600130 62.55
1204305601660791 62.55
1204305601720646 62.57
1204305601780500 62.55
1204305601840355 62.57
1204305601900415 62.58
1204305601960066 62.6
1204305602020923 62.6
1204305602080778 62.6
1204305602140631 62.6
1204305602200676 62.6
1204305602260342 62.6
1204305602320196 62.6
1204305602380051 62.6
1204305602440907 62.6
1204305602500936 62.6
1204305602560617 62.6
1204305602620471 62.6
1204305602680326 62.6
1204305602740181 62.6
1204305602800036 62.6
1204305602860892 62.6
1204305602920747 62.6
1204305602980601 62.6
1204305603040456 62.6
1204305603100454 62.6
1204305603160165 62.6
1204305603220021 62.6
1204305603280877 62.6
1204305603340731 62.6
1204305603360645 62.64
1204305603410561 62.6
1204305603470416 62.6
1204305603530272 62.6
1204305603590126 62.6
1204305603650982 62.6
1204305603710837 62.6
1204305603770692 62.6
1204305603830547 62.6
1204305603890402 62.6
1204305603950256 62.6
1204305604010112 62.6
1204305604070968 62.6
1204305604130821 62.6
1204305604190675 62.6
1204305604250529 62.62
1204305604310386 62.6
1204305604370241 62.6
1204305604430096 62.6
1204305604490951 62.58
1204305604550805 62.6
1204305604610661 62.6
1204305604670516 62.6
1204305604730371 62.6
1204305604790225 62.6
1204305604850080 62.6
1204305604910937 62.6
1204305604970790 62.6
1204305605030645 62.6
1204305605090500 62.6
1204305605150355 62.6
1204305605210210 62.6
1204305605270063 62.6
1204305605330921 62.6
1204305605390774 62.62
1204305605450629 62.62
1204305605510484 62.6
1204305605570337 62.62
1204305605630195 62.64
1204305605690050 62.64
1204305605750905 62.64
1204305605810759 62.64
1204305605870615 62.64
1204305605930469 62.64
1204305605990324 62.64
1204305606050180 62.64
1204305606110033 62.64
1204305606170889 62.64
1204305606230745 62.64
1204305606290599 62.64
1204305606350455 62.64
1204305606370365 62.66
1204305606420284 62.64
1204305606480140 62.64
1204305606540994 62.66
1204305606600063 62.68
1204305606660711 62.68
1204305606720566 62.72
1204305606780421 62.72
1204305606840276 62.72
1204305606900350 62.72
1204305606960986 62.72
1204305607020840 62.72
1204305607080695 62.72
1204305607140549 62.72
1204305607200584 62.72
1204305607260261 62.72
1204305607320115 62.72
1204305607380969 62.7
1204305607440823 62.7
1204305607500881 62.7
1204305607560533 62.7
1204305607620389 62.72
1204305607680242 62.7
1204305607740097 62.7
1204305607800132 62.72
1204305607860811 62.72
1204305607920664 62.72
1204305607980520 62.72
1204305608040371 62.73
1204305608100437 62.72
1204305608160083 62.72
1204305608220940 62.72
1204305608280794 62.72
1204305608340649 62.72
1204305608400709 62.72
1204305608460358 62.72
1204305608520214 62.72
1204305608580067 62.72
1204305608640923 62.7
1204305608700951 62.72
1204305608760632 62.72
1204305608820489 62.72
1204305608880343 62.72
1204305608940194 62.73
1204305609000045 62.77
1204305609060901 62.79
1204305609120755 62.79
1204305609180609 62.81
1204305609240465 62.81
1204305609300510 62.81
1204305609360174 62.81
1204305609380074 62.85
1204305609430006 62.81
1204305609490861 62.81
1204305609550717 62.81
1204305609610572 62.81
1204305609670426 62.81
1204305609730281 62.81
1204305609790135 62.81
1204305609850990 62.81
1204305609910846 62.81
1204305609970701 62.83
1204305700030811 62.81
1204305700090794 62.81
1204305700150521 62.83
1204305700210376 62.83
1204305700270231 62.83
1204305700330084 62.83
1204305700390941 62.83
1204305700450796 62.83
1204305700510651 62.85
1204305700570505 62.83
1204305700630360 62.83
1204305700690261 62.83
1204305700750070 62.83
1204305700810925 62.83
1204305700870780 62.85
1204305700930636 62.83
1204305700990490 62.83
1204305701050344 62.83
1204305701110199 62.83
1204305701170055 62.83
1204305701230909 62.86
1204305701290780 62.88
1204305701350621 62.88
1204305701410477 62.88
1204305701470331 62.88
1204305701530184 62.9
1204305701590039 62.9
1204305701650894 62.9
1204305701710749 62.9
1204305701770604 62.9
1204305701830461 62.88
1204305701890317 62.88
1204305701950169 62.9
1204305702010024 62.88
1204305702070882 62.88
1204305702130736 62.88
1204305702190590 62.88
1204305702250446 62.88
1204305702310300 62.88
1204305702370154 62.9
1204305702390059 62.92
1204305702440987 62.88
1204305702500030 62.88
1204305702560697 62.88
1204305702620551 62.88
1204305702680405 62.88
1204305702740261 62.88
1204305702800336 62.88
1204305702860971 62.88
1204305702920827 62.88
1204305702980681 62.88
1204305703040536 62.88
1204305703100576 62.86
1204305703160243 62.85
1204305703220097 62.86
1204305703280954 62.85
1204305703340808 62.86
1204305703400852 62.85
1204305703460518 62.86
1204305703520374 62.85
1204305703580229 62.86
1204305703640082 62.86
1204305703700156 62.85
1204305703760794 62.85
1204305703820649 62.85
1204305703880504 62.86
1204305703940358 62.86
1204305704000213 62.86
1204305704060068 62.86
1204305704120923 62.86
1204305704180779 62.85
1204305704240632 62.86
1204305704300684 62.86
1204305704360342 62.85
1204305704420198 62.86
1204305704480053 62.86
1204305704540908 62.86
1204305704600977 62.86
1204305704660618 62.86
1204305704720473 62.85
1204305704780328 62.86
1204305704840182 62.85
1204305704900232 62.86
1204305704960893 62.85
1204305705020747 62.85
1204305705080602 62.85
1204305705140456 62.86
1204305705200526 62.85
1204305705260167 62.86
1204305705320021 62.86
1204305705380877 62.86
1204305705400792 62.88
1204305705450708 62.85
1204305705510563 62.86
1204305705570417 62.83
1204305705630272 62.85
1204305705690127 62.85
1204305705750983 62.85
1204305705810837 62.85
1204305705870692 62.85
1204305705930548 62.85
1204305705990402 62.85
1204305706050257 62.85
1204305706110111 62.85
1204305706170967 62.85
1204305706230821 62.85
1204305706290678 62.85
1204305706350532 62.85
1204305706410386 62.85
1204305706470242 62.85
1204305706530097 62.85
1204305706590952 62.85
1204305706650808 62.85
1204305706710661 62.85
1204305706770516 62.85
1204305706830372 62.83
1204305706890227 62.83
1204305706950080 62.85
1204305707010937 62.83
1204305707070792 62.83
1204305707130646 62.83
1204305707190500 62.83
1204305707250355 62.83
1204305707310211 62.83
1204305707370066 62.85
1204305707430921 62.85
1204305707490776 62.85
1204305707550631 62.83
1204305707610485 62.85
1204305707670340 62.85
1204305707730194 62.83
1204305707790051 62.81
1204305707850905 62.79
1204305707910761 62.79
1204305707970615 62.77
1204305708030471 62.77
1204305708090325 62.77
1204305708150180 62.77
1204305708210035 62.79
1204305708270890 62.77
1204305708330746 62.77
1204305708390600 62.77
1204305708410527 62.79
1204305708460431 62.79
1204305708520285 62.79
1204305708580141 62.77
1204305708640996 62.79
1204305708700035 62.79
1204305708760706 62.79
1204305708820559 62.79
1204305708880416 62.79
1204305708940269 62.79
1204305709000124 62.79
1204305709060981 62.77
1204305709120835 62.79
1204305709180690 62.79
1204305709240545 62.79
1204305709300595 62.79
1204305709360254 62.79
1204305709420109 62.79
1204305709480964 62.79
1204305709540821 62.81
1204305709600889 62.81
1204305709660530 62.81
1204305709720385 62.81
1204305709780240 62.81
1204305709840093 62.79
1204305709900157 62.81
1204305709960804 62.81
1204305800020915 62.79
1204305800080770 62.79
1204305800140627 62.81
1204305800200686 62.79
1204305800260335 62.79
1204305800320189 62.79
1204305800380045 62.79
1204305800440901 62.81
1204305800500949 62.81
1204305800560610 62.81
1204305800620466 62.81
1204305800680320 62.81
1204305800740174 62.81
1204305800800029 62.81
1204305800860884 62.81
1204305800920739 62.79
1204305800980595 62.79
1204305801040449 62.81
1204305801100519 62.81
1204305801160159 62.79
1204305801220014 62.79
1204305801280869 62.81
1204305801340724 62.81
1204305801400786 62.79
1204305801420492 62.83
1204305801470410 62.79
1204305801530265 62.81
1204305801590119 62.79
1204305801650977 62.79
1204305801710831 62.81
1204305801770684 62.81
1204305801830539 62.79
1204305801890554 62.81
1204305801950249 62.81
1204305802010104 62.79
1204305802070960 62.81
1204305802130814 62.81
1204305802190670 62.81
1204305802250525 62.79
1204305802310380 62.81
1204305802370233 62.79
1204305802430250 62.81
1204305802490945 62.79
1204305802550798 62.79
1204305802610653 62.77
1204305802670509 62.77
1204305802730364 62.77
1204305802790220 62.77
1204305802850073 62.77
1204305802910930 62.77
1204305802970783 62.77
1204305803030638 62.77
1204305803090494 62.77
1204305803150349 62.77
1204305803210204 62.77
1204305803270058 62.77
1204305803330913 62.77
1204305803390768 62.77
1204305803450623 62.77
1204305803510478 62.77
1204305803570333 62.77
1204305803630187 62.77
1204305803690042 62.77
1204305803750899 62.77
1204305803810753 62.77
1204305803870789 62.77
1204305803930463 62.77
1204305803990318 62.77
1204305804050172 62.77
1204305804110028 62.77
1204305804170883 62.77
1204305804230738 62.77
1204305804290592 62.77
1204305804350447 62.77
1204305804410304 62.75
1204305804430203 62.77
1204305804480132 62.77
1204305804540988 62.77
1204305804600843 62.79
1204305804660698 62.77
1204305804720554 62.77
1204305804780408 62.77
1204305804840263 62.77
1204305804900473 62.77
1204305804960973 62.79
1204305805020828 62.77
1204305805080683 62.77
1204305805140537 62.77
1204305805200392 62.77
1204305805260247 62.77
1204305805320103 62.77
1204305805380957 62.77
1204305805440813 62.79
1204305805500884 62.79
1204305805560522 62.77
1204305805620376 62.79
1204305805680232 62.79
1204305805740088 62.77
1204305805800141 62.79
1204305805860798 62.79
1204305805920651 62.77
1204305805980507 62.77
1204305806040361 62.77
1204305806100216 62.77
1204305806160071 62.79
1204305806220927 62.77
1204305806280782 62.79
1204305806340636 62.77
1204305806400698 62.77
1204305806460346 62.79
1204305806520201 62.77
1204305806580055 62.77
1204305806640911 62.79
1204305806700979 62.77
1204305806760620 62.79
1204305806820476 62.77
1204305806880330 62.79
1204305806940186 62.79
1204305807000040 62.79
1204305807060896 62.77
1204305807120751 62.79
1204305807180605 62.77
1204305807240462 62.75
1204305807300317 62.75
1204305807360172 62.75
1204305807420027 62.75
1204305807440926 62.77
1204305807490859 62.75
1204305807550715 62.73
1204305807610736 62.73
1204305807670424 62.73
1204305807730280 62.73
1204305807790135 62.73
1204305807850990 62.73
1204305807910844 62.73
1204305807970700 62.73
1204305808030555 62.73
1204305808090409 62.73
1204305808150264 62.73
1204305808210119 62.73
1204305808270975 62.73
1204305808330830 62.73
1204305808390682 62.75
1204305808450538 62.73
1204305808510394 62.73
1204305808570249 62.73
1204305808630104 62.73
1204305808690960 62.73
1204305808750814 62.73
1204305808810670 62.73
1204305808870524 62.73
1204305808930378 62.73
1204305808990233 62.73
1204305809050088 62.73
1204305809110944 62.73
1204305809170798 62.73
1204305809230654 62.73
1204305809290509 62.73
1204305809350364 62.73
1204305809410218 62.73
1204305809470072 62.73
1204305809530928 62.73
1204305809590784 62.73
1204305809650638 62.73
1204305809710493 62.73
1204305809770348 62.73
1204305809830203 62.73
1204305809890062 62.72
1204305809950913 62.73
1204305900010026 62.72
1204305900070878 62.73
1204305900130732 62.75
1204305900190584 62.81
1204305900250440 62.83
1204305900310294 62.83
1204305900370149 62.83
1204305900430004 62.83
1204305900450905 62.85
1204305900500061 62.83
1204305900560690 62.83
1204305900620545 62.83
1204305900680399 62.83
1204305900740255 62.83
1204305900800109 62.83
1204305900860966 62.83
1204305900920819 62.83
1204305900980674 62.81
1204305901040529 62.81
1204305901100598 62.81
1204305901160239 62.81
1204305901220094 62.81
1204305901280950 62.81
1204305901340803 62.81
1204305901400658 62.83
1204305901460615 62.81
1204305901520368 62.83
1204305901580224 62.83
1204305901640078 62.81
1204305901700933 62.81
1204305901760789 62.81
1204305901820644 62.79
1204305901880499 62.81
1204305901940354 62.81
1204305902000208 62.81
1204305902060122 62.81
1204305902120918 62.81
1204305902180773 62.81
1204305902240628 62.81
1204305902300483 62.81
1204305902360338 62.81
1204305902420191 62.81
1204305902480047 62.79
1204305902540902 62.81
1204305902600758 62.81
1204305902660627 62.81
1204305902720468 62.79
1204305902780322 62.81
1204305902840176 62.81
1204305902900243 62.81
1204305902960887 62.81
1204305903020742 62.81
1204305903080597 62.81
1204305903140452 62.81
1204305903200307 62.81
1204305903260163 62.81
1204305903320016 62.79
1204305903380872 62.79
1204305903440728 62.81
1204305903460708 62.81
1204305903510557 62.81
1204305903570412 62.79
1204305903630268 62.79
1204305903690122 62.81
1204305903750977 62.81
1204305903810833 62.81
1204305903870688 62.81
1204305903930543 62.81
1204305903990398 62.81
1204305904050251 62.81
1204305904110106 62.81
1204305904170963 62.81
1204305904230818 62.81
1204305904290673 62.81
1204305904350528 62.81
1204305904410382 62.81
1204305904470236 62.79
1204305904530092 62.81
1204305904590946 62.81
1204305904650802 62.79
1204305904710656 62.81
1204305904770512 62.81
1204305904830367 62.79
1204305904890221 62.83
1204305904950076 62.81
1204305905010932 62.81
1204305905070787 62.81
1204305905130642 62.81
1204305905190496 62.81
1204305905250350 62.81
1204305905310206 62.81
1204305905370061 62.81
1204305905430916 62.81
1204305905490771 62.81
1204305905550626 62.81
1204305905610481 62.81
1204305905670335 62.81
1204305905730191 62.81
1204305905790045 62.81
1204305905850901 62.81
1204305905910756 62.81
1204305905970610 62.81
1204305906030465 62.81
1204305906090320 62.81
1204305906150175 62.81
1204305906210030 62.81
1204305906270886 62.81
1204305906330740 62.81
1204305906390596 62.83
1204305906450451 62.81
1204305906470364 62.83
1204305906520281 62.81
1204305906580136 62.81
1204305906640991 62.81
1204305906700066 62.83
1204305906760701 62.81
1204305906820556 62.81
1204305906880410 62.81
1204305906940266 62.81
1204305907000121 62.81
1204305907060976 62.81
1204305907120830 62.81
1204305907180685 62.81
1204305907240540 62.79
1204305907300395 62.79
1204305907360250 62.81
1204305907420105 62.81
1204305907480960 62.79
1204305907540815 62.81
1204305907600670 62.81
1204305907660525 62.81
1204305907720379 62.81
1204305907780234 62.81
1204305907840089 62.79
1204305907900946 62.81
1204305907960801 62.81
1204305908020653 62.81
1204305908080509 62.79
1204305908140364 62.81
1204305908200440 62.81
1204305908260074 62.81
1204305908320929 62.81
1204305908380784 62.81
1204305908440639 62.81
1204305908500493 62.81
1204305908560348 62.79
1204305908620204 62.81
1204305908680059 62.81
1204305908740914 62.81
1204305908800769 62.81
1204305908860623 62.79
1204305908920478 62.81
1204305908980333 62.81
1204305909040187 62.81
1204305909100261 62.81
1204305909160899 62.81
1204305909220753 62.81
1204305909280608 62.81
1204305909340463 62.81
1204305909400318 62.81
1204305909460173 62.81
1204305909480073 62.83
1204305909530003 62.81
1204305909590860 62.79
1204305909650727 62.81
1204305909710568 62.81
1204305909770423 62.79
1204305909830278 62.81
1204305909890134 62.81
1204305909950988 62.81
1204400000010098 62.81
1204400000070954 62.79
1204400000130809 62.81
1204400000190665 62.81
1204400000250519 62.81
1204400000310373 62.81
1204400000370227 62.81
1204400000430082 62.81
1204400000490939 62.79
1204400000550794 62.79
1204400000610649 62.81
1204400000670503 62.79
1204400000730359 62.81
1204400000790213 62.81
1204400000850068 62.81
1204400000910924 62.81
1204400000970777 62.81
1204400001030633 62.81
1204400001090488 62.81
1204400001150343 62.81
1204400001210196 62.81
1204400001270052 62.79
1204400001330908 62.81
1204400001390762 62.79
1204400001450618 62.81
1204400001510471 62.81
1204400001570327 62.81
1204400001630182 62.79
1204400001690036 62.77
1204400001750892 62.77
1204400001810748 62.77
1204400001870602 62.77
1204400001930457 62.77
1204400001990312 62.77
1204400002050166 62.77
1204400002110021 62.77
1204400002170877 62.77
1204400002230731 62.77
1204400002290586 62.77
1204400002350442 62.77
1204400002410297 62.77
1204400002470151 62.77
1204400002490051 62.81
1204400002540983 62.77
1204400002600838 62.79
1204400002660692 62.77
1204400002720547 62.77
1204400002780401 62.77
1204400002840256 62.77
1204400002900340 62.79
1204400002960967 62.77
1204400003020823 62.77
1204400003080678 62.77
1204400003140533 62.77
1204400003200386 62.77
1204400003260242 62.79
1204400003320096 62.77
1204400003380952 62.77
1204400003440807 62.77
1204400003500661 62.77
1204400003560516 62.77
1204400003620370 62.77
1204400003680225 62.77
1204400003740080 62.77
1204400003800162 62.77
1204400003860792 62.77
1204400003920646 62.77
1204400003980502 62.77
1204400004040356 62.77
1204400004100210 62.79
1204400004160065 62.77
1204400004220922 62.77
1204400004280776 62.77
1204400004340630 62.77
1204400004400714 62.77
1204400004460339 62.77
1204400004520194 62.77
1204400004580050 62.79
1204400004640905 62.77
1204400004700760 62.77
1204400004760616 62.77
1204400004820471 62.77
1204400004880325 62.77
1204400004940179 62.77
1204400005000035 62.79
1204400005060889 62.77
1204400005120746 62.77
1204400005180600 62.77
1204400005240633 62.77
1204400005300309 62.77
1204400005360163 62.77
1204400005420018 62.77
1204400005480876 62.77
1204400005500789 62.79
1204400005550705 62.77
1204400005610561 62.77
1204400005670416 62.77
1204400005730269 62.77
1204400005790125 62.77
1204400005850980 62.77
1204400005910835 62.77
1204400005970690 62.77
1204400006030544 62.77
1204400006090400 62.77
1204400006150254 62.77
1204400006210110 62.77
1204400006270965 62.77
1204400006330821 62.75
1204400006390679 62.73
1204400006450533 62.73
1204400006510388 62.73
1204400006570243 62.73
1204400006630098 62.73
1204400006690953 62.73
1204400006750812 62.72
1204400006810663 62.73
1204400006870522 62.72
1204400006930373 62.73
1204400006990227 62.73
1204400007050082 62.73
1204400007110939 62.73
1204400007170796 62.72
1204400007230651 62.72
1204400007290507 62.72
1204400007350362 62.72
1204400007410217 62.72
1204400007470070 62.72
1204400007530926 62.72
1204400007590781 62.72
1204400007650633 62.73
1204400007710488 62.73
1204400007770347 62.72
1204400007830200 62.72
1204400007890051 62.73
1204400007950912 62.72
1204400008010765 62.72
1204400008070622 62.72
1204400008130475 62.72
1204400008190330 62.72
1204400008250181 62.73
1204400008310041 62.72
1204400008370896 62.72
1204400008430751 62.72
1204400008490605 62.72
1204400008510526 62.75
1204400008560436 62.72
1204400008620291 62.72
1204400008680142 62.73
1204400008740001 62.72
1204400008800856 62.72
1204400008860711 62.72
1204400008920567 62.72
1204400008980420 62.72
1204400009040272 62.73
1204400009100130 62.72
1204400009160987 62.72
1204400009220840 62.72
1204400009280695 62.72
1204400009340546 62.73
1204400009400400 62.75
1204400009460257 62.73
1204400009520111 62.73
1204400009580966 62.73
1204400009640820 62.75
1204400009700675 62.75
1204400009760532 62.73
1204400009820386 62.73
1204400009880239 62.75
1204400009940095 62.73
1204400100000204 62.75
1204400100060061 62.73
1204400100120914 62.75
1204400100180772 62.73
1204400100240627 62.73
1204400100300480 62.73
1204400100360336 62.73
1204400100420189 62.73
1204400100480046 62.73
1204400100540901 62.73
1204400100600756 62.73
1204400100660611 62.73
1204400100720467 62.73
1204400100780319 62.73
1204400100840173 62.75
1204400100900028 62.75
1204400100960883 62.75
1204400101020740 62.73
1204400101080596 62.73
1204400101140447 62.75
1204400101200304 62.73
1204400101260160 62.73
1204400101320013 62.75
1204400101380868 62.75
1204400101440722 62.75
1204400101500578 62.75
1204400101520493 62.75
1204400101570409 62.73
1204400101630266 62.73
1204400101690117 62.75
1204400101750976 62.73
1204400101810831 62.73
1204400101870686 62.73
1204400101930540 62.73
1204400101990392 62.75
1204400102050248 62.75
1204400102110103 62.75
1204400102170961 62.73
1204400102230814 62.75
1204400102290670 62.73
1204400102350524 62.75
1204400102410381 62.73
1204400102470233 62.75
1204400102530090 62.73
1204400102590944 62.73
1204400102650800 62.73
1204400102710655 62.73
1204400102770511 62.73
1204400102830475 62.73
1204400102890219 62.73
1204400102950074 62.73
1204400103010930 62.73
1204400103070785 62.73
1204400103130637 62.75
1204400103190492 62.75
1204400103250347 62.75
1204400103310202 62.75
1204400103370058 62.73
1204400103430950 62.73
1204400103490770 62.73
1204400103550624 62.73
1204400103610483 62.72
1204400103670334 62.73
1204400103730188 62.73
1204400103790043 62.73
1204400103850900 62.73
1204400103910752 62.75
1204400103970608 62.73
1204400104030477 62.73
1204400104090319 62.73
1204400104150172 62.73
1204400104210027 62.73
1204400104270884 62.73
1204400104330738 62.73
1204400104390593 62.73
1204400104450447 62.75
1204400104510301 62.75
1204400104530198 62.77
1204400104580133 62.73
1204400104640990 62.73
1204400104700843 62.73
1204400104760697 62.75
1204400104820554 62.73
1204400104880408 62.73
1204400104940263 62.73
1204400105000119 62.73
1204400105060974 62.73
1204400105120829 62.73
1204400105180684 62.73
1204400105240537 62.73
1204400105300394 62.73
1204400105360248 62.73
1204400105420103 62.73
1204400105480958 62.73
1204400105540814 62.73
1204400105600667 62.73
1204400105660523 62.73
1204400105720378 62.73
1204400105780230 62.75
1204400105840087 62.73
1204400105900942 62.73
1204400105960795 62.75
1204400106020651 62.75
1204400106080505 62.75
1204400106140366 62.72
1204400106200220 62.72
1204400106260076 62.72
1204400106320932 62.72
1204400106380787 62.72
1204400106440642 62.72
1204400106500495 62.72
1204400106560351 62.72
1204400106620205 62.72
1204400106680060 62.72
1204400106740915 62.72
1204400106800771 62.72
1204400106860626 62.72
1204400106920480 62.72
1204400106980335 62.72
1204400107040191 62.72
1204400107100044 62.72
1204400107160901 62.72
1204400107220755 62.72
1204400107280610 62.72
1204400107340465 62.72
1204400107400320 62.72
1204400107460175 62.72
1204400107520030 62.72
1204400107540926 62.73
1204400107590861 62.72
1204400107650716 62.72
1204400107710571 62.72
1204400107770426 62.72
1204400107830280 62.72
1204400107890136 62.72
1204400107950991 62.72
1204400108010846 62.72
1204400108070699 62.72
1204400108130556 62.72
1204400108190410 62.72
1204400108250265 62.72
1204400108310119 62.72
1204400108370977 62.72
1204400108430828 62.7
1204400108490684 62.7
1204400108550534 62.64
1204400108610388 62.58
1204400108670243 62.57
1204400108730096 62.57
1204400108790952 62.57
1204400108850807 62.57
1204400108910662 62.57
1204400108970515 62.57
1204400109030371 62.57
1204400109090229 62.58
1204400109150080 62.57
1204400109210937 62.57
1204400109270792 62.57
1204400109330647 62.57
1204400109390504 62.58
1204400109450359 62.58
1204400109510212 62.58
1204400109570065 62.57
1204400109630922 62.57
1204400109690776 62.57
1204400109750631 62.57
1204400109810486 62.57
1204400109870342 62.58
1204400109930197 62.57
1204400109990052 62.58
1204400200050162 62.57
1204400200110016 62.57
1204400200170872 62.57
1204400200230727 62.57
1204400200290581 62.57
1204400200350437 62.57
1204400200410292 62.57
1204400200470147 62.57
1204400200530002 62.57
1204400200550904 62.58
1204400200600833 62.57
1204400200660688 62.57
1204400200720542 62.57
1204400200780397 62.57
1204400200840253 62.57
1204400200900106 62.57
1204400200960964 62.58
1204400201020826 62.58
1204400201080673 62.58
1204400201140526 62.57
1204400201200383 62.58
1204400201260238 62.58
1204400201320092 62.62
1204400201380948 62.62
1204400201440803 62.64
1204400201500659 62.64
1204400201560514 62.64
1204400201620367 62.64
1204400201680222 62.64
1204400201740077 62.64
1204400201800931 62.66
1204400201860789 62.64
1204400201920642 62.64
1204400201980497 62.64
1204400202040352 62.64
1204400202100206 62.64
1204400202160062 62.64
1204400202220919 62.64
1204400202280773 62.64
1204400202340629 62.64
1204400202400482 62.64
1204400202460338 62.64
1204400202520192 62.64
1204400202580047 62.64
1204400202640903 62.64
1204400202700758 62.64
1204400202760612 62.64
1204400202820467 62.64
1204400202880322 62.64
1204400202940178 62.64
1204400203000031 62.64
1204400203060887 62.64
1204400203120742 62.64
1204400203180598 62.64
1204400203240452 62.64
1204400203300305 62.64
1204400203360161 62.64
1204400203420016 62.64
1204400203480873 62.64
1204400203540727 62.64
1204400203560632 62.68
1204400203610556 62.64
1204400203670412 62.64
1204400203730267 62.64
1204400203790120 62.66
1204400203850978 62.64
1204400203910831 62.64
1204400203970685 62.66
1204400204030539 62.66
1204400204090396 62.64
1204400204150251 62.64
1204400204210105 62.64
1204400204270963 62.64
1204400204330817 62.64
1204400204390672 62.64
1204400204450527 62.64
1204400204510379 62.66
1204400204570236 62.64
1204400204630091 62.64
1204400204690946 62.64
1204400204750801 62.64
1204400204810656 62.64
1204400204870512 62.64
1204400204930367 62.64
1204400204990219 62.66
1204400205050074 62.66
1204400205110930 62.66
1204400205170783 62.66
1204400205230638 62.66
1204400205290493 62.66
1204400205350349 62.66
1204400205410204 62.66
1204400205470057 62.66
1204400205530916 62.64
1204400205590768 62.66
1204400205650624 62.66
1204400205710479 62.66
1204400205770332 62.66
1204400205830188 62.66
1204400205890043 62.66
1204400205950899 62.66
1204400206010926 62.66
1204400206070609 62.66
1204400206130462 62.66
1204400206190317 62.66
1204400206250172 62.66
1204400206310027 62.66
1204400206370886 62.64
1204400206430739 62.66
1204400206490593 62.66
1204400206550448 62.66
1204400206570355 62.68
1204400206620279 62.66
1204400206680134 62.66
1204400206740988 62.66
1204400206810231 62.66
1204400206860698 62.66
1204400206920554 62.66
1204400206980409 62.66
1204400207040264 62.66
1204400207100117 62.66
1204400207160973 62.66
1204400207220828 62.66
1204400207280684 62.66
1204400207340537 62.66
1204400207400393 62.66
1204400207460248 62.66
1204400207520103 62.66
1204400207580957 62.66
1204400207640813 62.66
1204400207700668 62.66
1204400207760521 62.66
1204400207820377 62.66
1204400207880233 62.66
1204400207940086 62.66
1204400208000943 62.66
1204400208060797 62.66
1204400208120652 62.66
1204400208180507 62.66
1204400208240362 62.66
1204400208300217 62.66
1204400208360070 62.66
1204400208420927 62.66
1204400208480782 62.66
1204400208540637 62.62
1204400208600493 62.66
1204400208660346 62.66
1204400208720201 62.66
1204400208780055 62.66
1204400208840911 62.66
1204400208900767 62.66
1204400208960622 62.66
1204400209020476 62.66
1204400209080332 62.66
1204400209140185 62.66
1204400209200040 62.66
1204400209260897 62.66
1204400209320752 62.66
1204400209380607 62.64
1204400209440462 62.64
1204400209500315 62.66
1204400209560171 62.66
1204400209580092 62.68
1204400209630000 62.66
1204400209690856 62.66
1204400209750711 62.66
1204400209810567 62.66
1204400209870421 62.66
1204400209930276 62.66
1204400209990131 62.66
1204400300050241 62.66
1204400300110097 62.66
1204400300170952 62.66
1204400300230807 62.66
1204400300290660 62.66
1204400300350516 62.66
1204400300410371 62.66
1204400300470226 62.66
1204400300530080 62.66
1204400300590936 62.66
1204400300650791 62.66
1204400300710646 62.66
1204400300770501 62.66
1204400300830357 62.64
1204400300890210 62.66
1204400300950065 62.66
1204400301010921 62.66
1204400301070776 62.66
1204400301130630 62.66
1204400301190485 62.66
1204400301250340 62.66
1204400301310195 62.66
1204400301370050 62.66
1204400301430904 62.66
1204400301490760 62.66
1204400301550614 62.66
1204400301610472 62.64
1204400301670324 62.66
1204400301730180 62.66
1204400301790035 62.66
1204400301850891 62.66
1204400301910744 62.66
1204400301970599 62.66
1204400302030453 62.66
1204400302090310 62.66
1204400302150164 62.66
1204400302210026 62.68
1204400302270883 62.68
1204400302330730 62.66
1204400302390591 62.68
1204400302450446 62.68
1204400302510301 62.68
1204400302570148 62.66
1204400302590071 62.68
1204400302640980 62.66
1204400302700843 62.68
1204400302760698 62.68
1204400302820553 62.68
1204400302880399 62.66
1204400302940256 62.64
1204400303000111 62.64
1204400303060965 62.62
1204400303120820 62.62
1204400303180674 62.62
1204400303240528 62.62
1204400303300384 62.62
1204400303360241 62.64
1204400303420096 62.64
1204400303480950 62.62
1204400303540805 62.64
1204400303600661 62.64
1204400303660516 62.64
1204400303720370 62.64
1204400303780225 62.64
1204400303840081 62.64
1204400303900936 62.64
1204400303960791 62.64
1204400304020647 62.64
1204400304080501 62.64
1204400304140356 62.64
1204400304200211 62.64
1204400304260066 62.64
1204400304320920 62.64
1204400304380774 62.64
1204400304440629 62.62
1204400304500485 62.64
1204400304560340 62.64
1204400304620194 62.64
1204400304680049 62.64
1204400304740905 62.64
1204400304800761 62.64
1204400304860615 62.64
1204400304920469 62.64
1204400304980325 62.64
1204400305040180 62.64
1204400305100034 62.64
1204400305160887 62.66
1204400305220746 62.64
1204400305280598 62.64
1204400305340455 62.64
1204400305400307 62.66
1204400305460163 62.64
1204400305520019 62.64
1204400305580875 62.64
1204400305600786 62.66
1204400305650706 62.64
1204400305710559 62.64
1204400305770415 62.64
1204400305830269 62.64
1204400305890125 62.64
1204400305950979 62.64
1204400306010835 62.64
1204400306070689 62.64
1204400306130544 62.64
1204400306190399 62.64
1204400306250255 62.64
1204400306310109 62.64
1204400306370965 62.64
1204400306430820 62.64
1204400306490675 62.64
1204400306550530 62.64
1204400306610384 62.64
1204400306670238 62.62
1204400306730091 62.62
1204400306790947 62.62
1204400306850801 62.62
1204400306910657 62.62
1204400306970512 62.62
1204400307030366 62.62
1204400307090223 62.64
1204400307150075 62.62
1204400307210934 62.64
1204400307270788 62.62
1204400307330642 62.62
1204400307390497 62.62
1204400307450351 62.62
1204400307510209 62.64
1204400307570062 62.64
1204400307630916 62.62
1204400307690772 62.62
1204400307750625 62.62
1204400307810480 62.62
1204400307870336 62.62
1204400307930191 62.62
1204400307990045 62.62
1204400308050901 62.62
1204400308110756 62.62
1204400308170612 62.62
1204400308230465 62.62
1204400308290320 62.62
1204400308350174 62.62
1204400308410030 62.62
1204400308470885 62.62
1204400308530742 62.64
1204400308590595 62.62
1204400308610535 62.66
1204400308660426 62.62
1204400308720281 62.62
1204400308780135 62.62
1204400308840993 62.64
1204400308900849 62.64
1204400308960702 62.62
1204400309020558 62.64
1204400309080411 62.62
1204400309140265 62.62
1204400309200120 62.62
1204400309260977 62.62
1204400309320831 62.62
1204400309380685 62.62
1204400309440541 62.62
1204400309500396 62.62
1204400309560251 62.62
1204400309620107 62.64
1204400309680961 62.62
1204400309740817 62.64
1204400309800671 62.62
1204400309860524 62.62
1204400309920381 62.64
1204400309980235 62.62
1204400400040344 62.62
1204400400100201 62.64
1204400400160054 62.62
1204400400220910 62.62
1204400400280766 62.62
1204400400340619 62.62
1204400400400476 62.62
1204400400460330 62.62
1204400400520185 62.62
1204400400580038 62.62
1204400400640897 62.64
1204400400700750 62.62
1204400400760605 62.62
1204400400820459 62.62
1204400400880313 62.62
1204400400940169 62.62
1204400401000023 62.62
1204400401060881 62.64
1204400401120735 62.62
1204400401180588 62.62
1204400401240444 62.62
1204400401300301 62.64
1204400401360153 62.62
1204400401420007 62.62
1204400401480864 62.62
1204400401540719 62.62
1204400401600576 62.64
1204400401620489 62.64
1204400401670405 62.62
1204400401730258 62.62
1204400401790114 62.62
1204400401850971 62.62
1204400401910826 62.62
1204400401970679 62.62
1204400402030534 62.62
1204400402090391 62.64
1204400402150244 62.62
1204400402210100 62.62
1204400402270954 62.62
1204400402330809 62.62
1204400402390664 62.62
1204400402450520 62.62
1204400402510373 62.62
1204400402570228 62.62
1204400402630084 62.62
1204400402690938 62.62
1204400402750793 62.62
1204400402810648 62.62
1204400402870503 62.62
1204400402930357 62.62
1204400402990213 62.66
1204400403050076 62.68
1204400403110932 62.68
1204400403170786 62.68
1204400403230641 62.68
1204400403290495 62.68
1204400403350350 62.68
1204400403410206 62.68
1204400403470061 62.68
1204400403530915 62.68
1204400403590771 62.68
1204400403650625 62.68
1204400403710479 62.68
1204400403770335 62.68
1204400403830189 62.68
1204400403890045 62.68
1204400403950901 62.68
1204400404010747 62.66
1204400404070610 62.68
1204400404130465 62.68
1204400404190320 62.68
1204400404250166 62.66
1204400404310029 62.68
1204400404370885 62.68
1204400404430740 62.68
1204400404490594 62.68
1204400404550449 62.68
1204400404610304 62.68
1204400404630205 62.68
1204400404680135 62.68
1204400404740990 62.68
1204400404800845 62.68
1204400404860701 62.68
1204400404920555 62.68
1204400404980409 62.68
1204400405040265 62.68
1204400405100120 62.68
1204400405160976 62.68
1204400405220831 62.68
1204400405280684 62.68
1204400405340539 62.68
1204400405400393 62.7
1204400405460248 62.7
1204400405520103 62.72
1204400405580957 62.7
1204400405640815 62.72
1204400405700669 62.72
1204400405760525 62.72
1204400405820377 62.7
1204400405880233 62.72
1204400405940089 62.72
1204400406000943 62.7
1204400406060798 62.72
1204400406120653 62.72
1204400406180624 62.72
1204400406240362 62.7
1204400406300219 62.72
1204400406360072 62.7
1204400406420930 62.72
1204400406480785 62.72
1204400406540634 62.73
1204400406600488 62.75
1204400406660343 62.75
1204400406720196 62.77
1204400406780071 62.75
1204400406840906 62.77
1204400406900763 62.75
1204400406960615 62.77
1204400407020472 62.75
1204400407080325 62.77
1204400407140180 62.77
1204400407200035 62.77
1204400407260891 62.77
1204400407320745 62.77
1204400407380613 62.77