1204302607910213 57.08
1204302607970082 57.19
1204302608030924 57.23
1204302608090777 57.26
1204302608150632 57.3
1204302608210488 57.32
1204302608270344 57.36
1204302608330199 57.36
1204302608350095 57.38
1204302608400029 57.34
1204302608460885 57.34
1204302608520741 57.36
1204302608580595 57.36
1204302608640450 57.36
1204302608700467 57.36
1204302608760159 57.34
1204302608820012 57.34
1204302608880872 57.36
1204302608940725 57.34
1204302609000577 57.34
1204302609060433 57.34
1204302609120290 57.36
1204302609180144 57.36
1204302609250000 57.36
1204302609300856 57.36
1204302609360709 57.36
1204302609420565 57.36
1204302609480420 57.36
1204302609540394 57.36
1204302609600129 57.36
1204302609660985 57.36
1204302609720839 57.36
1204302609780695 57.36
1204302609840548 57.34
1204302609900404 57.36
1204302609960259 57.36
1204302700020369 57.36
1204302700080223 57.36
1204302700140079 57.36
1204302700200932 57.39
1204302700260785 57.39
1204302700320640 57.45
1204302700380653 57.54
1204302700440354 57.6
1204302700500207 57.64
1204302700560063 57.6
1204302700620921 57.62
1204302700680776 57.62
1204302700740627 57.64
1204302700800480 57.71
1204302700860334 57.77
1204302700920189 57.82
1204302700980211 57.9
1204302701040900 57.93
1204302701100755 57.95
1204302701160612 57.99
1204302701220465 58.06
1204302701280319 58.18
1204302701340176 58.36
1204302701360076 58.44
1204302701410009 58.64
1204302701470005 58.94
1204302701530717 59.2
1204302701590572 59.4
1204302701650429 59.5
1204302701710282 59.53
1204302701770135 59.57
1204302701830990 59.59
1204302701890848 59.65
1204302701950703 59.76
1204302702010555 59.91
1204302702070690 60.07
1204302702130266 60.2
1204302702190120 60.24
1204302702250977 60.24
1204302702310079 60.24
1204302702370685 60.26
1204302702430545 60.28
1204302702490396 60.3
1204302702550253 60.32
1204302702610103 60.41
1204302702670960 60.54
1204302702730815 60.74
1204302702790674 60.87
1204302702850524 60.89
1204302702910536 60.89
1204302702970248 60.89
1204302703030089 60.89
1204302703090944 60.89
1204302703150799 60.89
1204302703210657 60.91
1204302703270508 60.93
1204302703330525 60.93
1204302703390219 60.93
1204302703450074 60.93
1204302703510930 60.93
1204302703570783 60.93
1204302703630639 60.93
1204302703690493 60.95
1204302703750353 61
1204302703810203 61.1
1204302703870114 61.23
1204302703930915 61.3
1204302703990775 61.32
1204302704050630 61.32
1204302704110479 61.3
1204302704170334 61.3
1204302704230193 61.32
1204302704290048 61.32
1204302704350903 61.32
1204302704370882 61.32
1204302704420734 61.32
1204302704480589 61.32
1204302704540565 61.34
1204302704600298 61.32
1204302704660154 61.36
1204302704720008 61.36
1204302704780862 61.38
1204302704840717 61.38
1204302704900571 61.39
1204302704960426 61.43
1204302705020281 61.47
1204302705080138 61.51
1204302705140992 61.52
1204302705200847 61.52
1204302705260702 61.52
1204302705320554 61.54
1204302705380412 61.52
1204302705440264 61.54
1204302705500120 61.54
1204302705560978 61.52
1204302705620831 61.54
1204302705680684 61.54
1204302705740539 61.54
1204302705800393 61.54
1204302705860535 61.56
1204302705920103 61.54
1204302705980960 61.54
1204302706040817 61.56
1204302706100672 61.58
1204302706160531 61.6
1204302706220384 61.6
1204302706280239 61.6
1204302706340095 61.6
1204302706400950 61.6
1204302706460805 61.6
1204302706520657 61.64
1204302706580509 61.67
1204302706640364 61.73
1204302706700218 61.73
1204302706760075 61.75
1204302706820930 61.75
1204302706880783 61.77
1204302706940642 61.8
1204302707000493 61.82
1204302707060351 61.93
1204302707120207 62.16
1204302707180064 62.44
1204302707240921 62.72
1204302707300767 62.9
1204302707360623 63.01
1204302707380550 63.05
1204302707430457 63.03
1204302707490307 63.05
1204302707550168 63.03
1204302707610017 63.05
1204302707670873 63.05
1204302707730729 63.07
1204302707790583 63.07
1204302707850439 63.07
1204302707910293 63.07
1204302707970162 63.05
1204302708030003 63.05
1204302708090859 63.07
1204302708150713 63.07
1204302708210568 63.07
1204302708270423 63.07
1204302708330277 63.05
1204302708390132 63.07
1204302708450988 63.07
1204302708510843 63.07
1204302708570698 63.07
1204302708630552 63.07
1204302708690407 63.07
1204302708750261 63.07
1204302708810117 63.07
1204302708870132 63.05
1204302708930827 63.07
1204302708990682 63.05
1204302709050537 63.07
1204302709110393 63.07
1204302709170248 63.07
1204302709230102 63.05
1204302709290957 63.07
1204302709350957 63.05
1204302709410667 63.07
1204302709470522 63.07
1204302709530377 63.05
1204302709590232 63.07
1204302709650087 63.05
1204302709710942 63.07
1204302709770797 63.05
1204302709830652 63.05
1204302709890506 63.07
1204302709950361 63.07
1204302800010471 63.07
1204302800070326 63.07
1204302800130182 63.05
1204302800190037 63.05
1204302800250891 63.05
1204302800310747 63.05
1204302800370606 63.03
1204302800390501 63.07
1204302800440436 63.03
1204302800500287 63.05
1204302800560142 63.05
1204302800620998 63.05
1204302800680853 63.05
1204302800740712 63.03
1204302800800562 63.05
1204302800860417 63.05
1204302800920271 63.05
1204302800980125 63.05
1204302801040981 63.05
1204302801100836 63.05
1204302801160695 63.03
1204302801220546 63.01
1204302801280401 62.99
1204302801340255 63.01
1204302801400110 63.01
1204302801460966 63.01
1204302801520821 63.01
1204302801580676 63.01
1204302801640532 63.01
1204302801700386 63.01
1204302801760241 63.01
1204302801820096 63.01
1204302801880951 63.01
1204302801940806 63.01
1204302802000661 63.01
1204302802060515 63.01
1204302802120514 63.01
1204302802180225 63.01
1204302802240080 63.01
1204302802300937 63.01
1204302802360791 63.01
1204302802420646 63.01
1204302802480505 63.03
1204302802540479 63.01
1204302802600209 63.01
1204302802660066 63.01
1204302802720924 63.03
1204302802780774 63.05
1204302802840630 63.07
1204302802900485 63.09
1204302802960340 63.09
1204302803020195 63.09
1204302803080048 63.09
1204302803140905 63.09
1204302803200761 63.09
1204302803260614 63.09
1204302803320469 63.07
1204302803380324 63.09
1204302803400224 63.11
1204302803450155 63.09
1204302803510009 63.07
1204302803570866 63.07
1204302803630720 63.07
1204302803690575 63.07
1204302803750430 63.07
1204302803810284 63.09
1204302803870139 63.07
1204302803930994 63.07
1204302803990850 63.07
1204302804050704 63.07
1204302804110559 63.07
1204302804170415 63.07
1204302804230269 63.07
1204302804290123 63.07
1204302804350979 63.07
1204302804410835 63.07
1204302804470689 63.05
1204302804530544 63.05
1204302804590398 63.05
1204302804650255 63.05
1204302804710110 63.05
1204302804770964 63.05
1204302804830819 63.05
1204302804890674 63.05
1204302804950529 63.07
1204302805010384 63.11
1204302805070238 63.09
1204302805130093 63.09
1204302805190949 63.11
1204302805250941 63.11
1204302805310658 63.09
1204302805370512 63.09
1204302805430368 63.09
1204302805490223 63.11
1204302805550077 63.09
1204302805610934 63.09
1204302805670789 63.07
1204302805730644 63.09
1204302805790498 63.07
1204302805850447 63.07
1204302805910207 63.07
1204302805970077 63.07
1204302806030917 63.07
1204302806090772 63.07
1204302806150633 63.12
1204302806210485 63.16
1204302806270341 63.16
1204302806330196 63.16
1204302806390051 63.16
1204302806410952 63.16
1204302806460883 63.16
1204302806520738 63.16
1204302806580592 63.16
1204302806640447 63.16
1204302806700301 63.16
1204302806760156 63.16
1204302806820012 63.16
1204302806880867 63.16
1204302806940722 63.16
1204302807000576 63.16
1204302807060432 63.16
1204302807120286 63.16
1204302807180141 63.16
1204302807240998 63.16
1204302807300853 63.16
1204302807360707 63.16
1204302807420562 63.16
1204302807480416 63.16
1204302807540394 63.14
1204302807600127 63.16
1204302807660981 63.16
1204302807720835 63.16
1204302807780690 63.16
1204302807840547 63.16
1204302807900400 63.16
1204302807960255 63.16
1204302808020110 63.16
1204302808080966 63.16
1204302808140820 63.16
1204302808200676 63.16
1204302808260531 63.16
1204302808320386 63.16
1204302808380238 63.24
1204302808440090 63.25
1204302808500946 63.27
1204302808560803 63.27
1204302808620656 63.27
1204302808680511 63.27
1204302808740365 63.25
1204302808800222 63.27
1204302808860076 63.27
1204302808920932 63.27
1204302808980786 63.27
1204302809040641 63.27
1204302809100496 63.27
1204302809160351 63.27
1204302809220206 63.27
1204302809280061 63.27
1204302809340916 63.27
1204302809400770 63.27
1204302809420672 63.29
1204302809470601 63.27
1204302809530456 63.27
1204302809590385 63.27
1204302809650166 63.27
1204302809710021 63.27
1204302809770876 63.27
1204302809830732 63.27
1204302809890747 63.27
1204302809950441 63.27
1204302900020551 63.27
1204302900080406 63.27
1204302900140263 63.25
1204302900200118 63.24
1204302900260974 63.24
1204302900320830 63.24
1204302900380684 63.24
1204302900440539 63.24
1204302900500394 63.24
1204302900560246 63.25
1204302900620101 63.25
1204302900680958 63.24
1204302900740812 63.25
1204302900800666 63.25
1204302900860521 63.25
1204302900920376 63.25
1204302900980247 63.24
1204302901040085 63.25
1204302901100942 63.25
1204302901160797 63.25
1204302901220650 63.25
1204302901280506 63.25
1204302901340361 63.25
1204302901400215 63.25
1204302901460070 63.25
1204302901520927 63.25
1204302901580780 63.25
1204302901640636 63.25
1204302901700491 63.25
1204302901760346 63.25
1204302901820200 63.25
1204302901880055 63.25
1204302901940910 63.25
1204302902000767 63.24
1204302902060621 63.25
1204302902120475 63.25
1204302902180330 63.25
1204302902240185 63.27
1204302902300039 63.25
1204302902360899 63.24
1204302902420752 63.24
1204302902440650 63.27
1204302902490580 63.25
1204302902550561 63.22
1204302902610289 63.25
1204302902670145 63.25
1204302902730000 63.25
1204302902790856 63.25
1204302902850829 63.25
1204302902910566 63.25
1204302902970421 63.25
1204302903030274 63.25
1204302903090131 63.25
1204302903150985 63.25
1204302903210839 63.25
1204302903270695 63.25
1204302903330652 63.25
1204302903390570 63.24
1204302903450277 63.25
1204302903510115 63.25
1204302903570970 63.25
1204302903630826 63.25
1204302903690681 63.25
1204302903750535 63.25
1204302903810390 63.25
1204302903870245 63.24
1204302903930100 63.25
1204302903990956 63.25
1204302904050824 63.25
1204302904110665 63.25
1204302904170519 63.27
1204302904230374 63.27
1204302904290228 63.25
1204302904350084 63.25
1204302904410941 63.24
1204302904470795 63.22
1204302904530649 63.22
1204302904590504 63.22
1204302904650358 63.22
1204302904710216 63.24
1204302904770068 63.22
1204302904830924 63.22
1204302904890778 63.22
1204302904950633 63.22
1204302905010623 63.22
1204302905070344 63.25
1204302905130197 63.27
1204302905190052 63.27
1204302905250909 63.27
1204302905310764 63.27
1204302905370618 63.27
1204302905430473 63.27
1204302905450388 63.29
1204302905500303 63.27
1204302905560158 63.27
1204302905620014 63.27
1204302905680868 63.27
1204302905740724 63.25
1204302905800578 63.27
1204302905860432 63.27
1204302905920288 63.27
1204302905980156 63.27
1204302906040999 63.27
1204302906100853 63.27
1204302906160710 63.27
1204302906220565 63.29
1204302906280419 63.29
1204302906340275 63.29
1204302906400129 63.29
1204302906460986 63.29
1204302906520839 63.29
1204302906580696 63.29
1204302906640551 63.29
1204302906700403 63.27
1204302906760260 63.29
1204302906820114 63.29
1204302906880970 63.29
1204302906940825 63.29
1204302907000678 63.27
1204302907060535 63.29
1204302907120389 63.29
1204302907180241 63.27
1204302907240099 63.29
1204302907300955 63.29
1204302907360810 63.29
1204302907420664 63.29
1204302907480520 63.29
1204302907540375 63.29
1204302907600230 63.29
1204302907660083 63.29
1204302907720939 63.29
1204302907780794 63.29
1204302907840649 63.29
1204302907900504 63.29
1204302907960357 63.27
1204302908020214 63.29
1204302908080068 63.29
1204302908140924 63.29
1204302908200779 63.29
1204302908260631 63.27
1204302908320487 63.29
1204302908380341 63.27
1204302908440198 63.29
1204302908460109 63.31
1204302908510027 63.27
1204302908570885 63.29
1204302908630738 63.29
1204302908690594 63.29
1204302908750448 63.29
1204302908810302 63.29
1204302908870156 63.27
1204302908930011 63.27
1204302908990867 63.27
1204302909050722 63.25
1204302909110576 63.25
1204302909170482 63.25
1204302909230286 63.25
1204302909290142 63.25
1204302909350997 63.25
1204302909410852 63.25
1204302909470707 63.25
1204302909530561 63.25
1204302909590417 63.25
1204302909650271 63.25
1204302909710126 63.25
1204302909770982 63.25
1204302909830836 63.25
1204302909890690 63.25
1204302909950545 63.25
1204303000010656 63.25
1204303000070511 63.22
1204303000130368 63.2
1204303000190223 63.2
1204303000250078 63.2
1204303000310934 63.2
1204303000370788 63.2
1204303000430643 63.2
1204303000490495 63.22
1204303000550490 63.2
1204303000610206 63.22
1204303000670061 63.2
1204303000730917 63.2
1204303000790772 63.2
1204303000850628 63.2
1204303000910481 63.22
1204303000970335 63.22
1204303001030190 63.22
1204303001090045 63.22
1204303001150902 63.2
1204303001210755 63.22
1204303001270611 63.22
1204303001330465 63.22
1204303001390321 63.2
1204303001450174 63.22
1204303001470076 63.24
1204303001520007 63.2
1204303001580862 63.22
1204303001640731 63.24
1204303001700571 63.22
1204303001760425 63.22
1204303001820280 63.22
1204303001880134 63.22
1204303001940990 63.22
1204303002000845 63.22
1204303002060701 63.22
1204303002120555 63.22
1204303002180411 63.22
1204303002240264 63.22
1204303002300119 63.22
1204303002360974 63.22
1204303002420830 63.22
1204303002480685 63.22
1204303002540540 63.22
1204303002600394 63.22
1204303002660249 63.22
1204303002720104 63.22
1204303002780960 63.22
1204303002840814 63.22
1204303002900670 63.22
1204303002960525 63.22
1204303003020380 63.22
1204303003080233 63.22
1204303003140088 63.22
1204303003200945 63.22
1204303003260801 63.24
1204303003320653 63.22
1204303003380508 63.22
1204303003440364 63.22
1204303003500318 63.22
1204303003560073 63.22
1204303003620929 63.22
1204303003680784 63.22
1204303003740638 63.22
1204303003800494 63.22
1204303003860348 63.22
1204303003920202 63.22
1204303003980072 63.22
1204303004040913 63.22
1204303004100768 63.22
1204303004160623 63.22
1204303004220479 63.22
1204303004280335 63.24
1204303004340188 63.22
1204303004400043 63.22
1204303004460897 63.22
1204303004480907 63.22
1204303004530731 63.24
1204303004590583 63.22
1204303004650440 63.22
1204303004710293 63.22
1204303004770148 63.22
1204303004830004 63.22
1204303004890859 63.22
1204303004950714 63.22
1204303005010726 63.22
1204303005070423 63.22
1204303005130278 63.22
1204303005190132 63.22
1204303005250989 63.22
1204303005310843 63.22
1204303005370698 63.22
1204303005430552 63.22
1204303005490407 63.22
1204303005550398 63.22
1204303005610118 63.22
1204303005670975 63.24
1204303005730828 63.22
1204303005790684 63.22
1204303005850538 63.22
1204303005910392 63.22
1204303005970247 63.22
1204303006030104 63.24
1204303006090957 63.25
1204303006150816 63.24
1204303006210829 63.24
1204303006270523 63.24
1204303006330377 63.25
1204303006390232 63.25
1204303006450087 63.24
1204303006510944 63.24
1204303006570796 63.25
1204303006630654 63.24
1204303006690509 63.24
1204303006750362 63.24
1204303006810216 63.25
1204303006870074 63.24
1204303006930929 63.24
1204303006990783 63.24
1204303007050639 63.24
1204303007110493 63.24
1204303007170348 63.24
1204303007230329 63.24
1204303007290055 63.25
1204303007350912 63.25
1204303007410766 63.25
1204303007470622 63.24
1204303007490548 63.25
1204303007540453 63.24
1204303007600308 63.24
1204303007660164 63.24
1204303007720018 63.24
1204303007780873 63.24
1204303007840729 63.24
1204303007900583 63.24
1204303007960438 63.24
1204303008020293 63.24
1204303008080146 63.22
1204303008140001 63.22
1204303008200859 63.24
1204303008260711 63.22
1204303008320568 63.24
1204303008380423 63.24
1204303008440277 63.24
1204303008500133 63.24
1204303008560987 63.22
1204303008620842 63.22
1204303008680699 63.24
1204303008740553 63.24
1204303008800407 63.24
1204303008860261 63.24
1204303008920117 63.24
1204303008980976 63.22
1204303009040826 63.22
1204303009100681 63.22
1204303009160535 63.22
1204303009220390 63.22
1204303009280244 63.22
1204303009340100 63.22
1204303009400955 63.22
1204303009460811 63.22
1204303009520665 63.22
1204303009580648 63.22
1204303009640375 63.22
1204303009700231 63.22
1204303009760085 63.22
1204303009820940 63.22
1204303009880794 63.22
1204303009940649 63.22
1204303100000506 63.24
1204303100060615 63.22
1204303100120469 63.22
1204303100180324 63.22
1204303100240180 63.22
1204303100300036 63.24
1204303100360889 63.22
1204303100420744 63.22
1204303100480600 63.22
1204303100500501 63.24
1204303100550563 63.24
1204303100610286 63.22
1204303100670142 63.24
1204303100730995 63.22
1204303100790852 63.24
1204303100850707 63.24
1204303100910559 63.22
1204303100970416 63.24
1204303101030268 63.22
1204303101090126 63.24
1204303101150981 63.22
1204303101210834 63.22
1204303101270689 63.22
1204303101330545 63.22
1204303101390400 63.22
1204303101450254 63.22
1204303101510108 63.22
1204303101570965 63.22
1204303101630820 63.22
1204303101690675 63.22
1204303101750531 63.24
1204303101810383 63.22
1204303101870239 63.22
1204303101930093 63.22
1204303101990965 63.24
1204303102050806 63.24
1204303102110660 63.22
1204303102170514 63.22
1204303102230369 63.22
1204303102290224 63.22
1204303102350078 63.22
1204303102410934 63.22
1204303102470789 63.22
1204303102530644 63.22
1204303102590500 63.24
1204303102650354 63.22
1204303102710209 63.24
1204303102770063 63.22
1204303102830919 63.22
1204303102890773 63.22
1204303102950628 63.22
1204303103010483 63.22
1204303103070338 63.22
1204303103130195 63.24
1204303103190046 63.22
1204303103250903 63.22
1204303103310758 63.22
1204303103370612 63.22
1204303103430467 63.22
1204303103490322 63.22
1204303103510223 63.22
1204303103560154 63.22
1204303103620009 63.2
1204303103680862 63.22
1204303103740718 63.22
1204303103800573 63.22
1204303103860428 63.22
1204303103920282 63.22
1204303103980151 63.22
1204303104040992 63.22
1204303104100850 63.2
1204303104160704 63.22
1204303104220557 63.22
1204303104280414 63.22
1204303104340267 63.22
1204303104400122 63.22
1204303104460977 63.22
1204303104520832 63.22
1204303104580688 63.22
1204303104640542 63.22
1204303104700398 63.22
1204303104760251 63.22
1204303104820224 63.22
1204303104880962 63.22
1204303104940817 63.22
1204303105000672 63.22
1204303105060529 63.2
1204303105120381 63.22
1204303105180236 63.22
1204303105240091 63.22
1204303105300947 63.22
1204303105360802 63.22
1204303105420706 63.22
1204303105480511 63.22
1204303105540366 63.22
1204303105600221 63.22
1204303105660077 63.22
1204303105720932 63.22
1204303105780787 63.22
1204303105840642 63.22
1204303105900498 63.2
1204303105960351 63.22
1204303106020219 63.22
1204303106080061 63.22
1204303106140917 63.22
1204303106200771 63.22
1204303106260627 63.2
1204303106320482 63.22
1204303106380335 63.22
1204303106440190 63.22
1204303106500046 63.22
1204303106520947 63.22
1204303106570877 63.22
1204303106630732 63.22
1204303106690585 63.22
1204303106750442 63.22
1204303106810295 63.22
1204303106870152 63.22
1204303106930006 63.22
1204303106990862 63.22
1204303107050716 63.22
1204303107110570 63.22
1204303107170426 63.22
1204303107230280 63.22
1204303107290137 63.24
1204303107350992 63.22
1204303107410846 63.22
1204303107470700 63.22
1204303107530555 63.22
1204303107590410 63.22
1204303107650264 63.22
1204303107710120 63.22
1204303107770976 63.22
1204303107830831 63.22
1204303107890685 63.22
1204303107950541 63.22
1204303108010395 63.22
1204303108070250 63.22
1204303108130105 63.22
1204303108190960 63.22
1204303108250817 63.24
1204303108310671 63.24
1204303108370525 63.22
1204303108430379 63.22
1204303108490235 63.22
1204303108550225 63.24
1204303108610945 63.22
1204303108670802 63.24
1204303108730656 63.24
1204303108790509 63.22
1204303108850364 63.22
1204303108910220 63.22
1204303108970076 63.24
1204303109030931 63.2
1204303109090786 63.24
1204303109150640 63.22
1204303109210494 63.22
1204303109270350 63.22
1204303109330202 63.22
1204303109390058 63.22
1204303109450915 63.24
1204303109510770 63.22
1204303109530832 63.24
1204303109580601 63.24
1204303109640456 63.24
1204303109700309 63.22
1204303109760164 63.22
1204303109820019 63.22
1204303109880875 63.22
1204303109940731 63.22
1204303200000587 63.24
1204303200060696 63.24
1204303200120551 63.24
1204303200180404 63.22
1204303200240261 63.24
1204303200300115 63.24
1204303200360970 63.22
1204303200420824 63.22
1204303200480681 63.24
1204303200540535 63.22
1204303200600389 63.22
1204303200660245 63.22
1204303200720100 63.24
1204303200780956 63.24
1204303200840809 63.22
1204303200900663 63.22
1204303200960519 63.22
1204303201020374 63.22
1204303201080229 63.22
1204303201140083 63.22
1204303201200940 63.2
1204303201260796 63.2
1204303201320650 63.2
1204303201380505 63.2
1204303201440360 63.2
1204303201500214 63.2
1204303201560069 63.2
1204303201620924 63.22
1204303201680779 63.22
1204303201740633 63.22
1204303201800488 63.22
1204303201860343 63.22
1204303201920198 63.22
1204303201980063 63.22
1204303202040908 63.22
1204303202100762 63.22
1204303202160617 63.22
1204303202220474 63.2
1204303202280328 63.22
1204303202340182 63.22
1204303202400037 63.22
1204303202460892 63.22
1204303202520747 63.22
1204303202540648 63.22
1204303202590579 63.22
1204303202650434 63.24
1204303202710287 63.22
1204303202770143 63.22
1204303202830999 63.22
1204303202890854 63.22
1204303202950707 63.22
1204303203010644 63.22
1204303203070417 63.22
1204303203130272 63.22
1204303203190126 63.22
1204303203250983 63.22
1204303203310839 63.22
1204303203370692 63.22
1204303203430549 63.2
1204303203490403 63.22
1204303203550392 63.22
1204303203610139 63.22
1204303203670968 63.22
1204303203730824 63.24
1204303203790679 63.24
1204303203850534 63.24
1204303203910388 63.24
1204303203970241 63.25
1204303204030099 63.24
1204303204090955 63.24
1204303204150810 63.24
1204303204210662 63.25
1204303204270518 63.24
1204303204330374 63.24
1204303204390228 63.24
1204303204450083 63.24
1204303204510939 63.24
1204303204570793 63.24
1204303204630647 63.24
1204303204690503 63.24
1204303204750359 63.24
1204303204810212 63.24
1204303204870065 63.25
1204303204930922 63.25
1204303204990777 63.25
1204303205050632 63.25
1204303205110485 63.25
1204303205170340 63.25
1204303205230194 63.25
1204303205290050 63.25
1204303205350905 63.25
1204303205410760 63.25
1204303205470615 63.25
1204303205530470 63.25
1204303205550372 63.29
1204303205600301 63.25
1204303205660155 63.25
1204303205720011 63.25
1204303205780868 63.24
1204303205840721 63.25
1204303205900576 63.25
1204303205960430 63.25
1204303206020285 63.25
1204303206080141 63.25
1204303206140996 63.25
1204303206200852 63.25
1204303206260706 63.25
1204303206320560 63.25
1204303206380415 63.25
1204303206440270 63.25
1204303206500125 63.25
1204303206560981 63.25
1204303206620836 63.25
1204303206680690 63.25
1204303206740548 63.24
1204303206800401 63.24
1204303206860254 63.25
1204303206920109 63.25
1204303206980995 63.25
1204303207040820 63.25
1204303207100675 63.25
1204303207160530 63.25
1204303207220384 63.25
1204303207220556 63.25
1204303207280239 63.25
1204303207340094 63.25
1204303207400950 63.25
1204303207460804 63.25
1204303207520660 63.25
1204303207580514 63.25
1204303207640369 63.25
1204303207700224 63.25
1204303207760081 63.24
1204303207820936 63.24
1204303207880790 63.25
1204303207940643 63.25
1204303208000498 63.25
1204303208060354 63.25
1204303208120209 63.25
1204303208180064 63.24
1204303208240922 63.24
1204303208300775 63.24
1204303208360628 63.25
1204303208420485 63.24
1204303208480338 63.25
1204303208540193 63.25
1204303208560107 63.27
1204303208610024 63.25
1204303208670879 63.25
1204303208730736 63.24
1204303208790589 63.25
1204303208850446 63.24
1204303208910298 63.25
1204303208970153 63.25
1204303209030008 63.25
1204303209090866 63.24
1204303209150718 63.25
1204303209210576 63.24
1204303209270429 63.25
1204303209330284 63.25
1204303209390139 63.25
1204303209450996 63.24
1204303209510849 63.25
1204303209570704 63.25
1204303209630559 63.25
1204303209690416 63.24
1204303209750268 63.25
1204303209810123 63.25
1204303209870979 63.25
1204303209930833 63.25
1204303209990687 63.25
1204303300050799 63.22
1204303300110655 63.22
1204303300170512 63.2
1204303300230366 63.2
1204303300290220 63.2
1204303300350076 63.2
1204303300410930 63.22
1204303300470784 63.22
1204303300530639 63.22
1204303300590494 63.22
1204303300650348 63.22
1204303300710204 63.22
1204303300770059 63.22
1204303300830914 63.22
1204303300890771 63.2
1204303300950624 63.22
1204303301010478 63.22
1204303301070333 63.22
1204303301130190 63.2
1204303301190043 63.22
1204303301250057 63.22
1204303301310754 63.22
1204303301370610 63.2
1204303301430464 63.2
1204303301490317 63.22
1204303301550311 63.22
1204303301570086 63.22
1204303301620004 63.22
1204303301680858 63.22
1204303301740714 63.22
1204303301800571 63.22
1204303301860425 63.2
1204303301920280 63.2
1204303301980143 63.2
1204303302040989 63.18
1204303302100842 63.18
1204303302160699 63.18
1204303302220558 63.16
1204303302280409 63.18
1204303302340262 63.18
1204303302400118 63.18
1204303302460973 63.18
1204303302520828 63.18
1204303302580684 63.18
1204303302640539 63.18
1204303302700394 63.2
1204303302760248 63.18
1204303302820103 63.2
1204303302880121 63.18
1204303302940815 63.2
1204303303000671 63.16
1204303303060527 63.16
1204303303120382 63.16
1204303303180235 63.14
1204303303240090 63.16
1204303303300947 63.16
1204303303360802 63.16
1204303303420652 63.14
1204303303480507 63.14
1204303303540361 63.14
1204303303600217 63.14
1204303303660075 63.16
1204303303720928 63.14
1204303303780786 63.16
1204303303840637 63.14
1204303303900496 63.16
1204303303960351 63.16
1204303304020205 63.16
1204303304080062 63.16
1204303304140912 63.14
1204303304200772 63.16
1204303304260625 63.16
1204303304320479 63.16
1204303304380335 63.16
1204303304440189 63.16
1204303304500045 63.16
1204303304560900 63.16
1204303304580932 63.16
1204303304630731 63.16
1204303304690585 63.2
1204303304750436 63.22
1204303304810292 63.22
1204303304870148 63.24
1204303304930003 63.24
1204303304990857 63.22
1204303305050714 63.24
1204303305110566 63.22
1204303305170423 63.24
1204303305230277 63.22
1204303305290130 63.22
1204303305350988 63.2
1204303305410844 63.2
1204303305470699 63.2
1204303305530657 63.2
1204303305590406 63.18
1204303305650261 63.18
1204303305710115 63.18
1204303305770971 63.18
1204303305830825 63.18
1204303305890680 63.18
1204303305950536 63.18
1204303306010390 63.18
1204303306070246 63.18
1204303306130101 63.18
1204303306190955 63.18
1204303306250812 63.2
1204303306310667 63.18
1204303306370519 63.18
1204303306430375 63.18
1204303306490231 63.18
1204303306550229 63.18
1204303306610941 63.18
1204303306670796 63.18
1204303306730651 63.18
1204303306790506 63.18
1204303306850359 63.18
1204303306910214 63.18
1204303306970068 63.18
1204303307030924 63.18
1204303307090781 63.18
1204303307150635 63.18
1204303307210490 63.18
1204303307270349 63.16
1204303307330199 63.18
1204303307390053 63.18
1204303307450909 63.18
1204303307510765 63.18
1204303307570619 63.18
1204303307590546 63.22
1204303307640449 63.18
1204303307700305 63.18
1204303307760159 63.18
1204303307820015 63.18
1204303307880871 63.18
1204303307940724 63.18
1204303308000580 63.18
1204303308060435 63.18
1204303308120289 63.18
1204303308180144 63.18
1204303308250000 63.18
1204303308300857 63.2
1204303308360710 63.18
1204303308420564 63.18
1204303308480419 63.18
1204303308540274 63.18
1204303308600129 63.18
1204303308660984 63.18
1204303308720839 63.18
1204303308780694 63.18
1204303308840548 63.18
1204303308900406 63.16
1204303308960259 63.18
1204303309020113 63.18
1204303309080969 63.18
1204303309140825 63.18
1204303309200683 63.16
1204303309260533 63.18
1204303309320389 63.14
1204303309380256 63.18
1204303309440103 63.16
1204303309500959 63.16
1204303309560809 63.18
1204303309620663 63.18
1204303309680518 63.18
1204303309740372 63.18
1204303309800231 63.16
1204303309860083 63.18
1204303309920939 63.18
1204303309980838 63.18
1204303400040904 63.18
1204303400100758 63.18
1204303400160612 63.18
1204303400220467 63.18
1204303400280327 63.16
1204303400340179 63.18
1204303400400032 63.18
1204303400460888 63.18
1204303400520747 63.16
1204303400580601 63.16
1204303400600661 63.2
1204303400650432 63.16
1204303400710283 63.18
1204303400770142 63.16
1204303400830994 63.18
1204303400890848 63.18
1204303400950703 63.18
1204303401010558 63.18
1204303401070418 63.16
1204303401130272 63.16
1204303401190123 63.18
1204303401250978 63.18
1204303401310836 63.16
1204303401370689 63.18
1204303401430543 63.18
1204303401490398 63.18
1204303401550396 63.18
1204303401610106 63.18
1204303401670963 63.18
1204303401730818 63.18
1204303401790677 63.16
1204303401850527 63.18
1204303401910383 63.18
1204303401970237 63.18
1204303402030096 63.16
1204303402090951 63.16
1204303402150806 63.16
1204303402210662 63.16
1204303402270516 63.16
1204303402330367 63.18
1204303402390221 63.18
1204303402450079 63.16
1204303402510936 63.16
1204303402570790 63.16
1204303402630642 63.18
1204303402690497 63.18
1204303402750352 63.18
1204303402810206 63.18
1204303402870064 63.16
1204303402930917 63.18
1204303402990774 63.16
1204303403050630 63.16
1204303403110484 63.16
1204303403170336 63.18
1204303403230194 63.16
1204303403290049 63.16
1204303403350905 63.16
1204303403410756 63.18
1204303403470611 63.18
1204303403530469 63.16
1204303403590319 63.18
1204303403610221 63.18
1204303403660156 63.16
1204303403720006 63.18
1204303403780867 63.18
1204303403840717 63.18
1204303403900570 63.18
1204303403960425 63.18
1204303404020280 63.18
1204303404080141 63.18
1204303404140991 63.18
1204303404200849 63.16
1204303404260701 63.18
1204303404320556 63.18
1204303404380411 63.18
1204303404440266 63.18
1204303404500124 63.16
1204303404560977 63.18
1204303404620830 63.18
1204303404680698 63.18
1204303404740700 63.18
1204303404800396 63.18
1204303404860249 63.18
1204303404920105 63.18
1204303404980991 63.18
1204303405040815 63.18
1204303405100670 63.18
1204303405160524 63.18
1204303405220383 63.16
1204303405280239 63.16
1204303405340089 63.18
1204303405400950 63.16
1204303405460804 63.16
1204303405520659 63.16
1204303405590817 63.18
1204303405640369 63.16
1204303405700222 63.16
1204303405760078 63.16
1204303405820933 63.16
1204303405880788 63.16
1204303405940643 63.16
1204303406000499 63.16
1204303406060349 63.18
1204303406120207 63.16
1204303406180059 63.18
1204303406240915 63.18
1204303406300773 63.16
1204303406360624 63.18
1204303406420483 63.16
1204303406480347 63.18
1204303406540189 63.18
1204303406600044 63.18
1204303406620944 63.18
1204303406670878 63.16
1204303406730730 63.18
1204303406790588 63.16
1204303406850440 63.18
1204303406910294 63.18
1204303406970153 63.16
1204303407030004 63.18
1204303407090859 63.18
1204303407150714 63.18
1204303407210569 63.18
1204303407270428 63.16
1204303407330278 63.18
1204303407390134 63.18
1204303407450989 63.18
1204303407510845 63.18
1204303407570698 63.18
1204303407630713 63.18
1204303407690408 63.18
1204303407750264 63.18
1204303407810119 63.18
1204303407870975 63.18
1204303407930828 63.18
1204303407990684 63.18
1204303408050539 63.18
1204303408110394 63.18
1204303408170248 63.18
1204303408230103 63.18
1204303408290959 63.18
1204303408350813 63.18
1204303408410669 63.18
1204303408470523 63.18
1204303408530382 63.16
1204303408590233 63.18
1204303408650087 63.18
1204303408710943 63.18
1204303408770801 63.16
1204303408830653 63.18
1204303408890511 63.16
1204303408950362 63.18
1204303409010218 63.18
1204303409070072 63.18
1204303409130931 63.16
1204303409190782 63.18
1204303409250637 63.18
1204303409310493 63.18
1204303409370347 63.18
1204303409430202 63.18
1204303409490057 63.18
1204303409550055 63.18
1204303409610768 63.18
1204303409630668 63.18
1204303409680757 63.18
1204303409740452 63.18
1204303409800307 63.18
1204303409860161 63.18
1204303409920017 63.18
1204303409980890 63.18
1204303500040984 63.18
1204303500100842 63.16
1204303500160693 63.18
1204303500220552 63.16
1204303500280415 63.18
1204303500340257 63.18
1204303500400111 63.18
1204303500460967 63.18
1204303500520823 63.18
1204303500580813 63.18
1204303500640532 63.18
1204303500700386 63.18
1204303500760242 63.18
1204303500820096 63.18
1204303500880970 63.16
1204303500940807 63.18
1204303501000662 63.14
1204303501060516 63.18
1204303501120372 63.18
1204303501180286 63.18
1204303501240081 63.18
1204303501300937 63.18
1204303501360792 63.18
1204303501420646 63.18
1204303501480500 63.18
1204303501540356 63.18
1204303501600211 63.18
1204303501660065 63.18
1204303501720920 63.18
1204303501780789 63.18
1204303501840632 63.18
1204303501900486 63.18
1204303501960341 63.18
1204303502020196 63.18
1204303502080052 63.18
1204303502140906 63.18
1204303502200761 63.18
1204303502260615 63.18
1204303502320471 63.18
1204303502380324 63.18
1204303502440180 63.18
1204303502500034 63.18
1204303502560891 63.18
1204303502620746 63.18
1204303502640645 63.22
1204303502690575 63.18
1204303502750430 63.18
1204303502810285 63.18
1204303502870141 63.18
1204303502930997 63.18
1204303502990852 63.18
1204303503050706 63.18
1204303503110560 63.18
1204303503170552 63.18
1204303503230270 63.18
1204303503290124 63.18
1204303503350981 63.18
1204303503410835 63.18
1204303503470690 63.18
1204303503530544 63.18
1204303503590400 63.18
1204303503650256 63.18
1204303503710109 63.18
1204303503770008 63.18
1204303503830822 63.2
1204303503890675 63.18
1204303503950530 63.18
1204303504010385 63.18
1204303504070238 63.18
1204303504130095 63.18
1204303504190949 63.18
1204303504250804 63.18
1204303504310660 63.18
1204303504370528 63.18
1204303504430369 63.18
1204303504490224 63.18
1204303504550228 63.2
1204303504610935 63.18
1204303504670791 63.18
1204303504730644 63.18
1204303504790501 63.2
1204303504850353 63.22
1204303504910209 63.22
1204303504970064 63.22
1204303505030918 63.22
1204303505090773 63.22
1204303505150629 63.22
1204303505210486 63.2
1204303505270339 63.22
1204303505330194 63.22
1204303505390049 63.22
1204303505450903 63.22
1204303505510761 63.2
1204303505570614 63.22
1204303505630468 63.22
1204303505650370 63.22
1204303505700300 63.22
1204303505760155 63.2
1204303505820009 63.22
1204303505880864 63.22
1204303505940719 63.22
1204303506000575 63.22
1204303506060428 63.22
1204303506120286 63.2
1204303506180153 63.2
1204303506240996 63.2
1204303506300850 63.22
1204303506360705 63.22
1204303506420558 63.22
1204303506480427 63.22
1204303506540268 63.22
1204303506600123 63.22
1204303506660980 63.22
1204303506720834 63.22
1204303506780699 63.2
1204303506840544 63.2
1204303506900398 63.22
1204303506960253 63.22
1204303507020110 63.2
1204303507080976 63.22
1204303507140817 63.22
1204303507200673 63.22
1204303507260528 63.22
1204303507320383 63.22
1204303507380250 63.22
1204303507440092 63.22
1204303507500950 63.2
1204303507560803 63.22
1204303507620657 63.22