1204903002410243 61.82
1204903002470098 61.82
1204903002530954 61.82
1204903002590813 61.8
1204903002650665 61.82
1204903002710518 61.82
1204903002770373 61.82
1204903002830228 61.82
1204903002890084 61.82
1204903002950938 61.82
1204903003010793 61.82
1204903003070648 61.82
1204903003130503 61.82
1204903003190358 61.82
1204903003250212 61.82
1204903003310067 61.82
1204903003370927 61.8
1204903003430779 61.82
1204903003490636 61.8
1204903003550487 61.82
1204903003610342 61.82
1204903003670211 61.82
1204903003730053 61.82
1204903003790907 61.82
1204903003850762 61.82
1204903003910617 61.82
1204903003970472 61.82
1204903004030327 61.82
1204903004090264 61.8
1204903004150038 61.82
1204903004210896 61.8
1204903004270747 61.82
1204903004330602 61.82
1204903004390457 61.82
1204903004450314 61.8
1204903004510166 61.82
1204903004570021 61.82
1204903004630877 61.82
1204903004690752 61.82
1204903004750586 61.82
1204903004810441 61.82
1204903004870296 61.82
1204903004930151 61.82
1204903004990007 61.82
1204903005050861 61.82
1204903005110792 61.82
1204903005130563 61.82
1204903005180547 61.82
1204903005240402 61.82
1204903005300258 61.82
1204903005360111 61.82
1204903005420967 61.82
1204903005480822 61.82
1204903005540678 61.82
1204903005600533 61.82
1204903005660389 61.8
1204903005720241 61.82
1204903005780096 61.82
1204903005840952 61.82
1204903005900808 61.82
1204903005960661 61.82
1204903006020516 61.82
1204903006080371 61.82
1204903006140230 61.8
1204903006200080 61.82
1204903006260936 61.82
1204903006320791 61.82
1204903006380650 61.8
1204903006440501 61.82
1204903006500359 61.8
1204903006560210 61.82
1204903006620065 61.82
1204903006680921 61.82
1204903006740776 61.82
1204903006800629 61.82
1204903006860485 61.82
1204903006920340 61.82
1204903006980195 61.82
1204903007040055 61.8
1204903007100905 61.82
1204903007160760 61.82
1204903007220615 61.82
1204903007280471 61.82
1204903007340328 61.8
1204903007400179 61.82
1204903007460034 61.82
1204903007520891 61.82
1204903007580744 61.82
1204903007640599 61.82
1204903007700458 61.8
1204903007760309 61.82
1204903007820165 61.82
1204903007880024 61.8
1204903007940874 61.82
1204903008000729 61.82
1204903008060585 61.82
1204903008120516 61.82
1204903008140286 61.82
1204903008190269 61.82
1204903008250124 61.82
1204903008310981 61.82
1204903008370836 61.82
1204903008430691 61.82
1204903008490544 61.82
1204903008550400 61.82
1204903008610255 61.82
1204903008670123 61.82
1204903008730966 61.82
1204903008790819 61.82
1204903008850674 61.82
1204903008910530 61.82
1204903008970385 61.82
1204903009030240 61.82
1204903009090094 61.82
1204903009150950 61.82
1204903009210805 61.82
1204903009270660 61.82
1204903009330513 61.82
1204903009390369 61.82
1204903009450228 61.8
1204903009510079 61.82
1204903009570935 61.82
1204903009630788 61.82
1204903009690644 61.82
1204903009750499 61.82
1204903009810353 61.82
1204903009870209 61.82
1204903009930064 61.82
1204903009990918 61.82
1204903100050029 61.82
1204903100110886 61.82
1204903100170744 61.8
1204903100230594 61.82
1204903100290449 61.82
1204903100350304 61.82
1204903100410159 61.82
1204903100470014 61.82
1204903100530869 61.82
1204903100590725 61.82
1204903100650583 61.8
1204903100710435 61.82
1204903100770288 61.82
1204903100830143 61.82
1204903100890999 61.82
1204903100950854 61.82
1204903101010710 61.82
1204903101070563 61.82
1204903101130492 61.82
1204903101150270 61.84
1204903101200249 61.82
1204903101260105 61.82
1204903101320959 61.82
1204903101380814 61.82
1204903101440673 61.8
1204903101500528 61.8
1204903101560380 61.82
1204903101620237 61.8
1204903101680088 61.82
1204903101740948 61.8
1204903101800804 61.8
1204903101860655 61.82
1204903101920512 61.8
1204903101980363 61.82
1204903102040218 61.82
1204903102100074 61.82
1204903102160929 61.82
1204903102220784 61.82
1204903102280799 61.82
1204903102340498 61.8
1204903102400348 61.82
1204903102460202 61.82
1204903102520058 61.82
1204903102580914 61.82
1204903102640769 61.82
1204903102700622 61.82
1204903102760477 61.82
1204903102820336 61.8
1204903102880189 61.82
1204903102940043 61.82
1204903103000899 61.82
1204903103060752 61.82
1204903103120607 61.82
1204903103180463 61.82
1204903103240318 61.82
1204903103300171 61.82
1204903103360026 61.82
1204903103420882 61.82
1204903103480738 61.82
1204903103540593 61.82
1204903103600448 61.82
1204903103660301 61.82
1204903103720156 61.82
1204903103780012 61.82
1204903103840868 61.82
1204903103900727 61.8
1204903103960576 61.82
1204903104020432 61.82
1204903104080291 61.82
1204903104140218 61.82
1204903104160990 61.82
1204903104210972 61.82
1204903104270827 61.82
1204903104330683 61.82
1204903104390538 61.82
1204903104450393 61.82
1204903104510246 61.82
1204903104570101 61.82
1204903104630958 61.82
1204903104690812 61.82
1204903104750670 61.8
1204903104810521 61.82
1204903104870376 61.82
1204903104930232 61.82
1204903104990091 61.8
1204903105050945 61.8
1204903105110797 61.82
1204903105170652 61.82
1204903105230511 61.8
1204903105290360 61.82
1204903105350215 61.82
1204903105410071 61.82
1204903105470927 61.82
1204903105530782 61.82
1204903105590637 61.82
1204903105650490 61.82
1204903105710346 61.82
1204903105770200 61.82
1204903105830056 61.82
1204903105890912 61.82
1204903105950767 61.82
1204903106010620 61.82
1204903106070475 61.82
1204903106130330 61.82
1204903106190188 61.82
1204903106250041 61.82
1204903106310897 61.82
1204903106370754 61.8
1204903106430605 61.82
1204903106490461 61.82
1204903106550320 61.8
1204903106610169 61.82
1204903106670038 61.82
1204903106730881 61.82
1204903106790736 61.82
1204903106850589 61.82
1204903106910444 61.82
1204903106970299 61.82
1204903107030154 61.82
1204903107090010 61.82
1204903107150938 61.82
1204903107170826 61.82
1204903107220696 61.82
1204903107280555 61.8
1204903107340406 61.82
1204903107400261 61.82
1204903107460114 61.82
1204903107520971 61.82
1204903107580826 61.82
1204903107640683 61.8
1204903107700535 61.82
1204903107760390 61.82
1204903107820245 61.82
1204903107880100 61.82
1204903107940954 61.82
1204903108000810 61.82
1204903108060665 61.82
1204903108120520 61.82
1204903108180373 61.82
1204903108240233 61.8
1204903108300088 61.8
1204903108360940 61.82
1204903108420795 61.82
1204903108480662 61.82
1204903108540503 61.82
1204903108600359 61.82
1204903108660214 61.82
1204903108720073 61.8
1204903108780924 61.82
1204903108840782 61.8
1204903108900638 61.8
1204903108960489 61.82
1204903109020344 61.82
1204903109080199 61.82
1204903109140052 61.82
1204903109200913 61.8
1204903109260764 61.82
1204903109320623 61.8
1204903109380473 61.82
1204903109440328 61.82
1204903109500183 61.82
1204903109560042 61.8
1204903109620894 61.82
1204903109680748 61.82
1204903109740603 61.82
1204903109800458 61.82
1204903109860317 61.8
1204903109920168 61.82
1204903109980025 61.8
1204903200050136 61.8
1204903200110988 61.82
1204903200170920 61.82
1204903200190721 61.84
1204903200240675 61.82
1204903200300528 61.82
1204903200360387 61.8
1204903200420238 61.82
1204903200480093 61.82
1204903200540954 61.8
1204903200600807 61.8
1204903200660662 61.8
1204903200720514 61.82
1204903200780373 61.8
1204903200840222 61.82
1204903200900077 61.82
1204903200960937 61.8
1204903201020789 61.82
1204903201080644 61.82
1204903201140499 61.82
1204903201200364 61.82
1204903201260207 61.82
1204903201320067 61.8
1204903201380918 61.82
1204903201440774 61.82
1204903201500627 61.82
1204903201560482 61.82
1204903201620337 61.82
1204903201680206 61.82
1204903201740048 61.82
1204903201800902 61.82
1204903201860757 61.82
1204903201920612 61.82
1204903201980467 61.82
1204903202040322 61.82
1204903202100178 61.82
1204903202160031 61.82
1204903202220891 61.8
1204903202280742 61.82
1204903202340598 61.82
1204903202400451 61.82
1204903202460306 61.82
1204903202520161 61.82
1204903202580017 61.82
1204903202640873 61.82
1204903202700726 61.82
1204903202760581 61.82
1204903202820436 61.82
1204903202880292 61.82
1204903202940146 61.82
1204903203000000 61.82
1204903203060856 61.82
1204903203120711 61.82
1204903203180576 61.82
1204903203200575 61.82
1204903203250396 61.82
1204903203310251 61.82
1204903203370107 61.82
1204903203430963 61.82
1204903203490818 61.82
1204903203550671 61.82
1204903203610526 61.82
1204903203670385 61.8
1204903203730237 61.82
1204903203790090 61.82
1204903203850946 61.82
1204903203910801 61.82
1204903203970656 61.82
1204903204030512 61.82
1204903204090367 61.82
1204903204150220 61.82
1204903204210075 61.82
1204903204270935 61.8
1204903204330791 61.8
1204903204390644 61.8
1204903204450495 61.82
1204903204510350 61.82
1204903204570205 61.82
1204903204630061 61.82
1204903204690917 61.82
1204903204750770 61.82
1204903204810625 61.82
1204903204870481 61.82
1204903204930336 61.82
1204903204990189 61.82
1204903205050044 61.82
1204903205110904 61.8
1204903205170756 61.82
1204903205230609 61.82
1204903205290468 61.8
1204903205350320 61.82
1204903205410175 61.82
1204903205470200 61.82
1204903205530884 61.82
1204903205590739 61.82
1204903205650594 61.82
1204903205710450 61.82
1204903205770304 61.82
1204903205830160 61.82
1204903205890013 61.82
1204903205950869 61.82
1204903206010724 61.82
1204903206070687 61.82
1204903206130434 61.82
1204903206190392 61.82
1204903206210154 61.84
1204903206260120 61.82
1204903206320976 61.82
1204903206380833 61.8
1204903206440685 61.82
1204903206500540 61.82
1204903206560395 61.82
1204903206620250 61.82
1204903206680113 61.82
1204903206740959 61.82
1204903206800814 61.82
1204903206860669 61.82
1204903206920525 61.82
1204903206980380 61.82
1204903207040233 61.82
1204903207100088 61.82
1204903207160944 61.82
1204903207220800 61.82
1204903207280655 61.82
1204903207340508 61.82
1204903207400363 61.82
1204903207460218 61.82
1204903207520073 61.82
1204903207580929 61.82
1204903207640785 61.82
1204903207700642 61.8
1204903207760493 61.82
1204903207820348 61.82
1204903207880203 61.82
1204903207940059 61.82
1204903208000915 61.82
1204903208060772 61.8
1204903208120623 61.82
1204903208180478 61.82
1204903208240334 61.82
1204903208300187 61.82
1204903208360042 61.82
1204903208420899 61.82
1204903208480758 61.8
1204903208540607 61.82
1204903208600462 61.82
1204903208660317 61.82
1204903208720172 61.82
1204903208780027 61.82
1204903208840883 61.82
1204903208900738 61.82
1204903208960592 61.82
1204903209020447 61.82
1204903209080302 61.82
1204903209140157 61.82
1204903209200105 61.82
1204903209220878 61.84
1204903209270843 61.82
1204903209330699 61.82
1204903209390552 61.82
1204903209450407 61.82
1204903209510263 61.82
1204903209570117 61.82
1204903209630974 61.82
1204903209690831 61.8
1204903209750682 61.82
1204903209810537 61.82
1204903209870392 61.82
1204903209930248 61.82
1204903209990103 61.82
1204903300050212 61.82
1204903300110067 61.82
1204903300170923 61.82
1204903300230782 61.8
1204903300290633 61.82
1204903300350487 61.82
1204903300410342 61.82
1204903300470197 61.82
1204903300530052 61.82
1204903300590906 61.82
1204903300650761 61.82
1204903300710617 61.82
1204903300770472 61.82
1204903300830327 61.82
1204903300890180 61.82
1204903300950035 61.82
1204903301010892 61.82
1204903301070747 61.82
1204903301130602 61.82
1204903301190456 61.82
1204903301250311 61.82
1204903301310166 61.82
1204903301370021 61.82
1204903301430876 61.82
1204903301490731 61.82
1204903301550586 61.82
1204903301610441 61.82
1204903301670296 61.82
1204903301730151 61.82
1204903301790009 61.8
1204903301850861 61.82
1204903301910716 61.82
1204903301970571 61.82
1204903302030429 61.8
1204903302090280 61.82
1204903302150135 61.82
1204903302210077 61.82
1204903302230842 61.84
1204903302280821 61.82
1204903302340676 61.82
1204903302400531 61.82
1204903302460386 61.82
1204903302520240 61.82
1204903302580095 61.82
1204903302640951 61.82
1204903302700806 61.82
1204903302760661 61.82
1204903302820516 61.82
1204903302880370 61.82
1204903302940225 61.82
1204903303000080 61.82
1204903303060076 61.82
1204903303120795 61.8
1204903303180646 61.82
1204903303240500 61.82
1204903303300355 61.82
1204903303360210 61.82
1204903303420065 61.82
1204903303480921 61.82
1204903303540775 61.82
1204903303600630 61.82
1204903303660520 61.82
1204903303720340 61.82
1204903303780199 61.8
1204903303840049 61.82
1204903303900905 61.82
1204903303960760 61.82
1204903304020615 61.82
1204903304080471 61.82
1204903304140324 61.82
1204903304200189 61.82
1204903304260048 61.82
1204903304320890 61.82
1204903304380743 61.82
1204903304440599 61.82
1204903304500454 61.82
1204903304560313 61.8
1204903304620164 61.82
1204903304680029 61.82
1204903304740873 61.82
1204903304800729 61.82
1204903304860584 61.82
1204903304920439 61.82
1204903304980294 61.82
1204903305040148 61.82
1204903305100003 61.82
1204903305160859 61.82
1204903305220787 61.82
1204903305240559 61.82
1204903305290544 61.82
1204903305350399 61.82
1204903305410254 61.82
1204903305470109 61.82
1204903305530964 61.82
1204903305590819 61.82
1204903305650674 61.82
1204903305710529 61.82
1204903305770384 61.82
1204903305830239 61.82
1204903305890093 61.82
1204903305950953 61.8
1204903306010804 61.82
1204903306070659 61.82
1204903306130515 61.82
1204903306190367 61.82
1204903306250223 61.82
1204903306310078 61.82
1204903306370934 61.82
1204903306430789 61.82
1204903306490644 61.82
1204903306550498 61.82
1204903306610357 61.8
1204903306670208 61.82
1204903306730063 61.82
1204903306790921 61.8
1204903306850772 61.82
1204903306910628 61.82
1204903306970483 61.82
1204903307030338 61.82
1204903307090192 61.82
1204903307150051 61.8
1204903307210903 61.82
1204903307270758 61.82
1204903307330611 61.82
1204903307390468 61.82
1204903307450322 61.82
1204903307510177 61.82
1204903307570032 61.82
1204903307630888 61.82
1204903307690745 61.8
1204903307750596 61.82
1204903307810452 61.82
1204903307870307 61.82
1204903307930162 61.82
1204903307990020 61.8
1204903308050876 61.8
1204903308110727 61.82
1204903308170582 61.82
1204903308230512 61.82
1204903308250282 61.82
1204903308300267 61.82
1204903308360122 61.82
1204903308420978 61.82
1204903308480832 61.82
1204903308540687 61.82
1204903308600542 61.82
1204903308660398 61.82
1204903308720252 61.82
1204903308780106 61.82
1204903308840962 61.82
1204903308900817 61.82
1204903308960672 61.82
1204903309020527 61.82
1204903309080380 61.82
1204903309140239 61.8
1204903309200105 61.82
1204903309260947 61.82
1204903309320802 61.82
1204903309380657 61.82
1204903309440511 61.82
1204903309500366 61.82
1204903309560221 61.82
1204903309620076 61.82
1204903309680939 61.82
1204903309740786 61.82
1204903309800641 61.82
1204903309860496 61.82
1204903309920351 61.82
1204903309980205 61.82
1204903400040319 61.8
1204903400100171 61.82
1204903400160026 61.82
1204903400220882 61.82
1204903400280739 61.8
1204903400340590 61.82
1204903400400446 61.82
1204903400460300 61.82
1204903400520156 61.82
1204903400580009 61.82
1204903400640865 61.82
1204903400700721 61.82
1204903400760575 61.82
1204903400820430 61.82
1204903400880286 61.82
1204903400940139 61.82
1204903401000999 61.8
1204903401060850 61.82
1204903401120709 61.8
1204903401180561 61.82
1204903401240494 61.8
1204903401260274 61.82
1204903401310246 61.82
1204903401370101 61.82
1204903401430955 61.82
1204903401490810 61.82
1204903401550666 61.82
1204903401610521 61.82
1204903401670376 61.82
1204903401730231 61.82
1204903401790084 61.82
1204903401850944 61.8
1204903401910795 61.82
1204903401970650 61.82
1204903402030510 61.8
1204903402090359 61.82
1204903402150214 61.82
1204903402210070 61.82
1204903402270925 61.82
1204903402330781 61.82
1204903402390634 61.82
1204903402450489 61.82
1204903402510348 61.8
1204903402570199 61.82
1204903402630055 61.82
1204903402690913 61.8
1204903402750765 61.82
1204903402810619 61.82
1204903402870474 61.82
1204903402930333 61.8
1204903402990183 61.82
1204903403050038 61.82
1204903403110894 61.82
1204903403170753 61.8
1204903403230605 61.82
1204903403290458 61.82
1204903403350313 61.82
1204903403410168 61.82
1204903403470023 61.82
1204903403530880 61.82
1204903403590737 61.8
1204903403650590 61.82
1204903403710443 61.82
1204903403770298 61.82
1204903403830153 61.82
1204903403890008 61.82
1204903403950863 61.82
1204903404010718 61.82
1204903404070573 61.82
1204903404130428 61.82
1204903404190284 61.82
1204903404250265 61.82
1204903404270996 61.84
1204903404320970 61.82
1204903404380825 61.82
1204903404440678 61.82
1204903404500537 61.8
1204903404560392 61.8
1204903404620244 61.82
1204903404680112 61.82
1204903404740955 61.82
1204903404800808 61.82
1204903404860663 61.82
1204903404920518 61.82
1204903404980373 61.82
1204903405040228 61.82
1204903405100088 61.8
1204903405160938 61.82
1204903405220793 61.82
1204903405280649 61.82
1204903405340503 61.82
1204903405400357 61.82
1204903405460212 61.82
1204903405520067 61.82
1204903405580923 61.82
1204903405640778 61.82
1204903405700636 61.8
1204903405760487 61.82
1204903405820343 61.82
1204903405880203 61.82
1204903405940052 61.82
1204903406000911 61.8
1204903406060762 61.82
1204903406120617 61.82
1204903406180472 61.82
1204903406240327 61.82
1204903406300181 61.82
1204903406360036 61.82
1204903406420892 61.82
1204903406480747 61.82
1204903406540602 61.82
1204903406600456 61.82
1204903406660315 61.8
1204903406720166 61.82
1204903406780021 61.82
1204903406840878 61.82
1204903406900731 61.82
1204903406960586 61.82
1204903407020445 61.8
1204903407080296 61.82
1204903407140151 61.82
1204903407200019 61.82
1204903407260949 61.82
1204903407280829 61.84
1204903407330697 61.8
1204903407390546 61.82
1204903407450405 61.8
1204903407510260 61.8
1204903407570111 61.82
1204903407630967 61.82
1204903407690825 61.8
1204903407750678 61.82
1204903407810531 61.82
1204903407870386 61.82
1204903407930241 61.82
1204903407990097 61.82
1204903408050953 61.82
1204903408110806 61.82
1204903408170665 61.8
1204903408230517 61.82
1204903408290370 61.82
1204903408350226 61.82
1204903408410080 61.82
1204903408470937 61.82
1204903408530790 61.82
1204903408590645 61.82
1204903408650500 61.82
1204903408710355 61.82
1204903408770211 61.82
1204903408830066 61.82
1204903408890925 61.8
1204903408950779 61.8
1204903409010630 61.82
1204903409070486 61.82
1204903409130341 61.82
1204903409190198 61.8
1204903409250049 61.82
1204903409310905 61.82
1204903409370765 61.8
1204903409430616 61.82
1204903409490469 61.82
1204903409550324 61.82
1204903409610179 61.82
1204903409670034 61.82
1204903409730891 61.82
1204903409790745 61.82
1204903409850604 61.8
1204903409910454 61.82
1204903409970309 61.82
1204903500030420 61.82
1204903500090275 61.82
1204903500150128 61.82
1204903500210985 61.82
1204903500270914 61.82
1204903500290712 61.82
1204903500340670 61.82
1204903500400525 61.82
1204903500460384 61.8
1204903500520235 61.82
1204903500580090 61.82
1204903500640946 61.82
1204903500700803 61.8
1204903500760658 61.8
1204903500820510 61.82
1204903500880365 61.82
1204903500940220 61.82
1204903501000073 61.82
1204903501060929 61.82
1204903501120789 61.8
1204903501180640 61.82
1204903501240499 61.8
1204903501300348 61.82
1204903501360204 61.82
1204903501420059 61.82
1204903501480915 61.82
1204903501540770 61.82
1204903501600623 61.82
1204903501660482 61.8
1204903501720334 61.82
1204903501780189 61.82
1204903501840044 61.82
1204903501900901 61.82
1204903501960753 61.82
1204903502020609 61.82
1204903502080464 61.82
1204903502140323 61.8
1204903502200186 61.82
1204903502260027 61.82
1204903502320883 61.82
1204903502380738 61.82
1204903502440594 61.82
1204903502500449 61.82
1204903502560302 61.82
1204903502620157 61.82
1204903502680032 61.8
1204903502740869 61.82
1204903502800724 61.82
1204903502860577 61.82
1204903502920436 61.8
1204903502980301 61.82
1204903503040143 61.82
1204903503100997 61.82
1204903503160852 61.82
1204903503220708 61.82
1204903503280608 61.82
1204903503300435 61.82
1204903503350398 61.8
1204903503410247 61.82
1204903503470103 61.82
1204903503530958 61.82
1204903503590814 61.82
1204903503650669 61.82
1204903503710522 61.82
1204903503770377 61.82
1204903503830232 61.82
1204903503890087 61.82
1204903503950944 61.82
1204903504010797 61.82
1204903504070652 61.82
1204903504130507 61.82
1204903504190363 61.82
1204903504250216 61.82
1204903504310071 61.82
1204903504370927 61.82
1204903504430782 61.82
1204903504490638 61.82
1204903504550493 61.82
1204903504610346 61.82
1204903504670201 61.82
1204903504730057 61.82
1204903504790913 61.82
1204903504850766 61.82
1204903504910625 61.8
1204903504970477 61.82
1204903505030476 61.82
1204903505090187 61.82
1204903505150042 61.82
1204903505210896 61.82
1204903505270751 61.82
1204903505330607 61.82
1204903505390462 61.82
1204903505450317 61.82
1204903505510170 61.82
1204903505570025 61.82
1204903505630944 61.82
1204903505690737 61.82
1204903505750592 61.82
1204903505810445 61.82
1204903505870300 61.82
1204903505930156 61.82
1204903505990011 61.82
1204903506050866 61.82
1204903506110720 61.82
1204903506170576 61.82
1204903506230448 61.8
1204903506290384 61.82
1204903506310137 61.84
1204903506360115 61.82
1204903506420972 61.82
1204903506480831 61.8
1204903506540682 61.82
1204903506600537 61.82
1204903506660392 61.82
1204903506720245 61.82
1204903506780100 61.82
1204903506840957 61.82
1204903506900812 61.82
1204903506960671 61.8
1204903507020521 61.82
1204903507080389 61.82
1204903507140230 61.82
1204903507200098 61.82
1204903507260944 61.8
1204903507320795 61.82
1204903507380650 61.82
1204903507440506 61.82
1204903507500365 61.8
1204903507560214 61.82
1204903507620073 61.8
1204903507680953 61.82
1204903507740784 61.8
1204903507800636 61.82
1204903507860489 61.82
1204903507920348 61.8
1204903507980199 61.82