1204401002540803 58.38
1204401002600658 58.36
1204401002660512 58.38
1204401002720369 58.4
1204401002780221 58.42
1204401002840075 58.42
1204401002900933 58.45
1204401002960785 58.49
1204401003020643 58.55
1204401003080499 58.57
1204401003140354 58.57
1204401003200207 58.58
1204401003260063 58.57
1204401003320917 58.58
1204401003380773 58.58
1204401003440630 58.57
1204401003500482 58.58
1204401003560337 58.58
1204401003620191 58.58
1204401003680047 58.58
1204401003740902 58.58
1204401003800757 58.58
1204401003860614 58.6
1204401003920466 58.62
1204401003980321 58.66
1204401004040177 58.7
1204401004100034 58.75
1204401004160888 58.85
1204401004220744 58.94
1204401004280594 59.01
1204401004340451 59.05
1204401004400306 59.05
1204401004460159 59.07
1204401004520013 59.03
1204401004580871 59.05
1204401004640724 59.07
1204401004700581 59.05
1204401004760436 59.05
1204401004820288 59.07
1204401004840188 59.09
1204401004890120 59.07
1204401004950974 59.09
1204401005010844 59.14
1204401005070686 59.18
1204401005130539 59.22
1204401005190395 59.27
1204401005250249 59.31
1204401005310106 59.37
1204401005370961 59.46
1204401005430815 59.57
1204401005490671 59.61
1204401005550526 59.65
1204401005610380 59.65
1204401005670234 59.66
1204401005730089 59.66
1204401005790943 59.66
1204401005850799 59.66
1204401005910654 59.66
1204401005970509 59.66
1204401006030362 59.66
1204401006090221 59.68
1204401006150075 59.7
1204401006210931 59.76
1204401006270782 59.79
1204401006330638 59.85
1204401006390497 59.92
1204401006450352 60
1204401006510203 60.11
1204401006570059 60.2
1204401006630914 60.26
1204401006690774 60.28
1204401006750624 60.3
1204401006810481 60.3
1204401006870334 60.3
1204401006930192 60.32
1204401006990044 60.3
1204401007050901 60.3
1204401007110755 60.3
1204401007170609 60.3
1204401007230464 60.3
1204401007290319 60.3
1204401007350173 60.3
1204401007420421 60.32
1204401007470883 60.33
1204401007530738 60.33
1204401007590592 60.37
1204401007650448 60.41
1204401007710304 60.52
1204401007780315 60.61
1204401007830011 60.65
1204401007850912 60.67
1204401007900843 60.65
1204401007960698 60.65
1204401008020552 60.67
1204401008080407 60.65
1204401008140263 60.65
1204401008200117 60.65
1204401008260973 60.65
1204401008320828 60.65
1204401008380681 60.67
1204401008440536 60.67
1204401008510573 60.67
1204401008560249 60.69
1204401008620104 60.69
1204401008680960 60.71
1204401008740815 60.69
1204401008800670 60.72
1204401008870685 60.76
1204401008930693 60.82
1204401008980232 60.85
1204401009040091 60.87
1204401009110067 60.87
1204401009160801 60.87
1204401009220655 60.87
1204401009280510 60.87
1204401009340366 60.87
1204401009400216 60.89
1204401009460075 60.87
1204401009520927 60.89
1204401009580784 60.91
1204401009640636 60.95
1204401009710545 61
1204401009760345 61.02
1204401009820200 61.02
1204401009880058 61.06
1204401009940915 61.12
1204401100000022 61.25
1204401100060880 61.39
1204401100120738 61.49
1204401100180593 61.56
1204401100240443 61.62
1204401100300311 61.62
1204401100360156 61.64
1204401100420010 61.64
1204401100480866 61.64
1204401100540723 61.64
1204401100600577 61.64
1204401100660427 61.65
1204401100720282 61.65
1204401100780138 61.71
1204401100840995 61.75
1204401100860896 61.8
1204401100910827 61.8
1204401100970683 61.84
1204401101030536 61.86
1204401101090392 61.86
1204401101150244 61.88
1204401101210100 61.9
1204401101270959 61.92
1204401101330813 61.92
1204401101390668 61.92
1204401101450523 61.92
1204401101510378 61.92
1204401101570233 61.92
1204401101630089 61.92
1204401101690944 61.92
1204401101750799 61.92
1204401101810652 61.92
1204401101870502 61.95
1204401101930358 62.01
1204401101990211 62.03
1204401102050068 62.05
1204401102110923 62.05
1204401102170779 62.05
1204401102230639 62.12
1204401102290493 62.12
1204401102350341 62.18
1204401102410196 62.18
1204401102480212 62.18
1204401102530907 62.18
1204401102590761 62.18
1204401102650616 62.18
1204401102710471 62.18
1204401102780376 62.18
1204401102830181 62.18
1204401102890036 62.18
1204401102950892 62.18
1204401103010759 62.18
1204401103070601 62.18
1204401103130456 62.18
1204401103190311 62.18
1204401103250165 62.18
1204401103310021 62.18
1204401103370875 62.18
1204401103430733 62.19
1204401103490586 62.23
1204401103550440 62.25
1204401103610295 62.25
1204401103670150 62.25
1204401103730005 62.25
1204401103790860 62.25
1204401103850715 62.23
1204401103870644 62.27
1204401103920546 62.23
1204401103980402 62.25
1204401104040256 62.25
1204401104100111 62.23
1204401104160966 62.23
1204401104220821 62.25
1204401104280676 62.23
1204401104340531 62.25
1204401104400386 62.25
1204401104460240 62.25
1204401104520097 62.29
1204401104580952 62.34
1204401104640807 62.4
1204401104700660 62.42
1204401104760520 62.44
1204401104820376 62.44
1204401104880229 62.45
1204401104940083 62.45
1204401105000942 62.44
1204401105060797 62.44
1204401105120651 62.44
1204401105180505 62.44
1204401105240361 62.44
1204401105310371 62.47
1204401105360066 62.55
1204401105420920 62.62
1204401105480779 62.73
1204401105540629 62.83
1204401105600487 62.88
1204401105660346 62.92
1204401105720202 62.96
1204401105780049 62.98
1204401105840905 62.99
1204401105900760 62.99
1204401105960614 63.01
1204401106020470 63.01
1204401106080323 63.01
1204401106140183 63.03
1204401106200033 63.01
1204401106260889 63.01
1204401106320744 63.01
1204401106380599 63.01
1204401106440455 63.01
1204401106500310 63.01
1204401106570225 63.01
1204401106620017 63.01
1204401106680878 63.03
1204401106740732 63.03
1204401106800588 63.03
1204401106860443 63.03
1204401106880351 63.07
1204401106930268 63.05
1204401106990128 63.03
1204401107050980 63.05
1204401107110835 63.05
1204401107170690 63.05
1204401107230549 63.03
1204401107290416 63.03
1204401107350257 63.03
1204401107410109 63.05
1204401107480126 63.03
1204401107530823 63.03
1204401107590677 63.03
1204401107650529 63.05
1204401107710383 63.05
1204401107770242 63.03
1204401107830098 63.03
1204401107890953 63.03
1204401107950807 63.03
1204401108010672 63.05
1204401108070512 63.05
1204401108130371 63.03
1204401108190223 63.05
1204401108250082 63.03
1204401108310937 63.03
1204401108370792 63.03
1204401108430647 63.03
1204401108490501 63.03
1204401108550352 63.05
1204401108610210 63.03
1204401108670061 63.05
1204401108730918 63.05
1204401108790773 63.05
1204401108850628 63.05
1204401108910486 63.03
1204401108970337 63.05
1204401109030193 63.07
1204401109090046 63.11
1204401109150902 63.14
1204401109210757 63.18
1204401109270613 63.2
1204401109330469 63.2
1204401109390324 63.2
1204401109450176 63.22
1204401109510033 63.2
1204401109570887 63.22
1204401109630745 63.2
1204401109690598 63.2
1204401109750453 63.2
1204401109810308 63.2
1204401109870162 63.22
1204401109890076 63.22
1204401109940994 63.2
1204401200000101 63.22
1204401200060957 63.22
1204401200120813 63.2
1204401200180667 63.22
1204401200240523 63.22
1204401200300376 63.22
1204401200360233 63.24
1204401200420087 63.22
1204401200480942 63.22
1204401200540799 63.24
1204401200600652 63.22
1204401200660509 63.24
1204401200720362 63.22
1204401200780216 63.22
1204401200840072 63.22
1204401200900926 63.22
1204401200960781 63.22
1204401201030796 63.25
1204401201080492 63.22
1204401201140346 63.22
1204401201200203 63.24
1204401201260059 63.24
1204401201320914 63.24
1204401201380769 63.24
1204401201440623 63.24
1204401201510621 63.25
1204401201560330 63.25
1204401201620186 63.25
1204401201680042 63.24
1204401201740897 63.25
1204401201800750 63.25
1204401201860606 63.25
1204401201920460 63.25
1204401201980316 63.25
1204401202040170 63.25
1204401202100026 63.25
1204401202160881 63.25
1204401202220735 63.25
1204401202280591 63.25
1204401202340446 63.25
1204401202400300 63.25
1204401202460154 63.25
1204401202520009 63.25
1204401202580866 63.27
1204401202640721 63.27
1204401202700576 63.27
1204401202760430 63.27
1204401202820284 63.27
1204401202890384 63.27
1204401202900055 63.29
1204401202950971 63.27
1204401203020840 63.27
1204401203070682 63.29
1204401203130534 63.27
1204401203190393 63.29
1204401203250246 63.27
1204401203310100 63.31
1204401203370958 63.29
1204401203430813 63.29
1204401203490668 63.29
1204401203550520 63.31
1204401203610375 63.31
1204401203680391 63.33
1204401203730085 63.31
1204401203800100 63.31
1204401203850797 63.29
1204401203910649 63.31
1204401203970507 63.29
1204401204030360 63.31
1204401204090215 63.31
1204401204150071 63.29
1204401204210924 63.31
1204401204270779 63.31
1204401204330637 63.29
1204401204390492 63.29
1204401204450347 63.29
1204401204510198 63.31
1204401204570054 63.31
1204401204630910 63.31
1204401204690764 63.31
1204401204750618 63.31
1204401204810474 63.31
1204401204870330 63.35
1204401204930186 63.35
1204401205000043 63.37
1204401205060897 63.35
1204401205120751 63.35
1204401205180606 63.35
1204401205240461 63.35
1204401205300315 63.35
1204401205360171 63.35
1204401205420025 63.35
1204401205480881 63.35
1204401205540736 63.35
1204401205600591 63.35
1204401205660445 63.35
1204401205720299 63.35
1204401205780156 63.37
1204401205840011 63.37
1204401205900868 63.37
1204401205920866 63.37
1204401205970699 63.37
1204401206030550 63.38
1204401206090407 63.37
1204401206150258 63.38
1204401206210118 63.37
1204401206270968 63.38
1204401206330823 63.38
1204401206390683 63.37
1204401206450534 63.38
1204401206510387 63.38
1204401206570247 63.37
1204401206630102 63.37
1204401206690957 63.37
1204401206750813 63.37
1204401206810667 63.37
1204401206870522 63.37
1204401206930372 63.38
1204401206990227 63.38
1204401207050081 63.38
1204401207110938 63.38
1204401207170792 63.38
1204401207230646 63.38
1204401207290502 63.38
1204401207350358 63.38
1204401207410212 63.38
1204401207470067 63.38
1204401207530922 63.38
1204401207590778 63.38
1204401207650633 63.38
1204401207710488 63.38
1204401207770343 63.38
1204401207830196 63.38
1204401207890051 63.38
1204401207950907 63.38
1204401208010762 63.38
1204401208070617 63.38
1204401208130473 63.38
1204401208190330 63.37
1204401208250181 63.38
1204401208310041 63.4
1204401208370892 63.38
1204401208430746 63.38
1204401208490601 63.38
1204401208550457 63.38
1204401208610312 63.38
1204401208670166 63.38
1204401208730020 63.38
1204401208790877 63.38
1204401208850730 63.38
1204401208910587 63.38
1204401208920518 63.4
1204401208980416 63.38
1204401209040271 63.38
1204401209100127 63.38
1204401209160983 63.38
1204401209220836 63.38
1204401209280692 63.38
1204401209340547 63.38
1204401209400401 63.38
1204401209460256 63.38
1204401209520110 63.38
1204401209580966 63.38
1204401209640821 63.38
1204401209700676 63.38
1204401209760532 63.38
1204401209820386 63.38
1204401209880241 63.38
1204401209940095 63.38
1204401300000951 63.38
1204401300060062 63.38
1204401300120916 63.38
1204401300180775 63.4
1204401300240631 63.4
1204401300300486 63.4
1204401300360342 63.4
1204401300420195 63.4
1204401300480200 63.42
1204401300540902 63.42
1204401300600757 63.42
1204401300660615 63.4
1204401300720471 63.4
1204401300780321 63.42
1204401300840180 63.4
1204401300900035 63.4
1204401300960886 63.42
1204401301020758 63.4
1204401301080688 63.42
1204401301140452 63.42
1204401301200309 63.4
1204401301260164 63.4
1204401301320019 63.4
1204401301380872 63.42
1204401301440730 63.4
1204401301500584 63.4
1204401301560440 63.4
1204401301620290 63.42
1204401301680158 63.42
1204401301740004 63.4
1204401301800860 63.4
1204401301860711 63.42
1204401301920569 63.4
1204401301930480 63.44
1204401301990399 63.4
1204401302050255 63.4
1204401302110110 63.4
1204401302170966 63.4
1204401302230815 63.42
1204401302290676 63.4
1204401302350529 63.4
1204401302410380 63.42
1204401302470239 63.4
1204401302530090 63.42
1204401302590947 63.42
1204401302650804 63.4
1204401302710659 63.4
1204401302770514 63.4
1204401302830365 63.42
1204401302890224 63.4
1204401302950074 63.42
1204401303010935 63.4
1204401303070784 63.42
1204401303130643 63.4
1204401303190499 63.4
1204401303250354 63.4
1204401303310209 63.4
1204401303370058 63.38
1204401303430919 63.4
1204401303490771 63.42
1204401303550625 63.42
1204401303610479 63.42
1204401303670338 63.4
1204401303730193 63.4
1204401303790045 63.42
1204401303850899 63.42
1204401303910759 63.4
1204401303970613 63.4
1204401304030464 63.42
1204401304090319 63.42
1204401304150174 63.42
1204401304210030 63.42
1204401304270888 63.4
1204401304330740 63.42
1204401304390598 63.4
1204401304450448 63.42
1204401304510305 63.44
1204401304570160 63.46
1204401304630015 63.46
1204401304690872 63.46
1204401304750725 63.46
1204401304810581 63.44
1204401304870435 63.46
1204401304930290 63.46
1204401304940194 63.48
1204401305000121 63.44
1204401305060977 63.44
1204401305120831 63.46
1204401305180687 63.46
1204401305240541 63.46
1204401305300396 63.44
1204401305360250 63.44
1204401305420106 63.44
1204401305480960 63.44
1204401305540816 63.44
1204401305600671 63.46
1204401305660525 63.46
1204401305720381 63.44
1204401305780235 63.44
1204401305840089 63.44
1204401305900946 63.44
1204401305960801 63.46
1204401306020668 63.46
1204401306080511 63.44
1204401306140364 63.44
1204401306200219 63.46
1204401306260075 63.46
1204401306320929 63.46
1204401306380784 63.46
1204401306440640 63.46
1204401306500495 63.46
1204401306560350 63.44
1204401306620204 63.46
1204401306680062 63.48
1204401306740913 63.5
1204401306800768 63.5
1204401306860629 63.48
1204401306920478 63.5
1204401306980331 63.5
1204401307040188 63.5
1204401307100043 63.5
1204401307160903 63.48
1204401307220751 63.5
1204401307280612 63.48
1204401307340463 63.5
1204401307400318 63.5
1204401307460172 63.5
1204401307520032 63.48
1204401307580882 63.5
1204401307640743 63.48
1204401307700598 63.48
1204401307760447 63.5
1204401307820302 63.5
1204401307880158 63.52
1204401307940013 63.52
1204401307950912 63.53
1204401308010844 63.52
1204401308070781 63.52
1204401308130553 63.52
1204401308190408 63.52
1204401308250263 63.52
1204401308310118 63.52
1204401308370973 63.52
1204401308430829 63.52
1204401308490683 63.52
1204401308550539 63.52
1204401308610395 63.52
1204401308670273 63.52
1204401308730103 63.52
1204401308790959 63.52
1204401308850814 63.52
1204401308910669 63.52
1204401308970523 63.52
1204401309030377 63.52
1204401309090233 63.52
1204401309150088 63.52
1204401309210943 63.52
1204401309270798 63.52
1204401309330653 63.52
1204401309390507 63.52
1204401309450362 63.52
1204401309510217 63.52
1204401309570073 63.52
1204401309630928 63.52
1204401309690784 63.52
1204401309750637 63.52
1204401309810492 63.52
1204401309870348 63.52
1204401309930201 63.52
1204401309990057 63.52
1204401400050166 63.53
1204401400110020 63.53
1204401400170879 63.55
1204401400230731 63.53
1204401400290585 63.53
1204401400350442 63.55
1204401400410295 63.53
1204401400470149 63.53
1204401400530005 63.53
1204401400590861 63.53
1204401400650718 63.55
1204401400710571 63.53
1204401400770425 63.53
1204401400830279 63.53
1204401400890135 63.53
1204401400950989 63.53
1204401400960891 63.53
1204401401020827 63.53
1204401401080675 63.53
1204401401140531 63.53
1204401401200387 63.55
1204401401260242 63.55
1204401401320096 63.55
1204401401380950 63.53
1204401401440805 63.53
1204401401500659 63.53
1204401401560514 63.53
1204401401620369 63.53
1204401401680225 63.53
1204401401740080 63.53
1204401401800937 63.52
1204401401860791 63.5
1204401401920646 63.5
1204401401980500 63.5
1204401402040355 63.5
1204401402100208 63.5
1204401402160064 63.5
1204401402220919 63.5
1204401402280774 63.5
1204401402340629 63.5
1204401402400484 63.5
1204401402460339 63.5
1204401402520194 63.5
1204401402580048 63.5
1204401402640905 63.5
1204401402700761 63.52
1204401402760616 63.52
1204401402820469 63.5
1204401402880324 63.5
1204401402940179 63.52
1204401403000032 63.5
1204401403060889 63.5
1204401403120745 63.52
1204401403180598 63.5
1204401403240453 63.5
1204401403300310 63.52
1204401403360163 63.5
1204401403420019 63.52
1204401403480876 63.52
1204401403540730 63.5
1204401403600585 63.52
1204401403660438 63.5
1204401403720294 63.5
1204401403780147 63.5
1204401403840004 63.52
1204401403900860 63.52
1204401403960715 63.52
1204401403980612 63.53
1204401404030546 63.52
1204401404090398 63.5
1204401404150253 63.5
1204401404210108 63.5
1204401404270964 63.5
1204401404330820 63.52
1204401404390675 63.52
1204401404450530 63.52
1204401404510383 63.5
1204401404570239 63.52
1204401404630093 63.52
1204401404690949 63.5
1204401404750806 63.52
1204401404810659 63.5
1204401404870515 63.52
1204401404930370 63.52
1204401404990221 63.5
1204401405050077 63.5
1204401405110933 63.5
1204401405170788 63.5
1204401405230642 63.5
1204401405290498 63.5
1204401405350357 63.48
1204401405410206 63.5
1204401405470062 63.5
1204401405530918 63.5
1204401405590772 63.5
1204401405650627 63.5
1204401405710483 63.5
1204401405770337 63.5
1204401405830192 63.5
1204401405890046 63.5
1204401405950902 63.5
1204401406010757 63.5
1204401406070612 63.5
1204401406130466 63.5
1204401406190321 63.5
1204401406250177 63.5
1204401406310031 63.5
1204401406370894 63.48
1204401406430741 63.5
1204401406490596 63.5
1204401406550457 63.48
1204401406610312 63.48
1204401406670167 63.48
1204401406730022 63.48
1204401406790872 63.5
1204401406850731 63.48
1204401406910586 63.48
1204401406970437 63.5
1204401406990336 63.5
1204401407040266 63.5
1204401407100127 63.48
1204401407160977 63.5
1204401407220832 63.5
1204401407280688 63.5
1204401407340541 63.5
1204401407400396 63.5
1204401407460252 63.5
1204401407520111 63.48
1204401407580962 63.5
1204401407640823 63.48
1204401407700671 63.5
1204401407760526 63.5
1204401407820386 63.48
1204401407880242 63.48
1204401407940093 63.52
1204401408000947 63.5
1204401408060801 63.5
1204401408120656 63.5
1204401408180517 63.48
1204401408240365 63.5
1204401408300227 63.48
1204401408360081 63.48
1204401408420936 63.48
1204401408480792 63.48
1204401408540643 63.46
1204401408600502 63.48
1204401408660355 63.48
1204401408720206 63.46
1204401408780062 63.46
1204401408840918 63.46
1204401408900773 63.46
1204401408960626 63.46
1204401409020493 63.48
1204401409080341 63.48
1204401409140196 63.48
1204401409200046 63.46
1204401409260903 63.46
1204401409320757 63.46
1204401409380612 63.46
1204401409440471 63.48
1204401409500321 63.46
1204401409560176 63.46
1204401409620035 63.48
1204401409680887 63.46
1204401409740742 63.46
1204401409800596 63.46
1204401409860451 63.46
1204401409920305 63.46
1204401409980165 63.48
1204401500000065 63.48
1204401500050246 63.46
1204401500110102 63.46
1204401500170956 63.46
1204401500230816 63.48
1204401500290671 63.48
1204401500350526 63.48
1204401500410381 63.48
1204401500470231 63.46
1204401500530091 63.48
1204401500590942 63.46
1204401500650797 63.46
1204401500710655 63.48
1204401500770506 63.46
1204401500830362 63.46
1204401500890216 63.46
1204401500950075 63.48
1204401501010926 63.46
1204401501070786 63.48
1204401501130640 63.48
1204401501190491 63.46
1204401501250346 63.46
1204401501310200 63.46
1204401501370055 63.46
1204401501430911 63.46
1204401501490766 63.46
1204401501550620 63.46
1204401501610479 63.48
1204401501670331 63.46
1204401501730185 63.46
1204401501790040 63.46
1204401501850895 63.46
1204401501910754 63.48
1204401501970609 63.48
1204401502030460 63.46
1204401502090318 63.48
1204401502150170 63.46
1204401502210024 63.46
1204401502270880 63.46
1204401502330735 63.46
1204401502390590 63.46
1204401502450573 63.46
1204401502510299 63.46
1204401502570154 63.46
1204401502630013 63.48
1204401502690865 63.46
1204401502750720 63.46
1204401502810578 63.48
1204401502870430 63.46
1204401502930284 63.46
1204401502990139 63.46
1204401503010037 63.5
1204401503060974 63.48
1204401503120825 63.46
1204401503180684 63.48
1204401503240538 63.48
1204401503300390 63.46
1204401503360245 63.46
1204401503420099 63.46
1204401503480955 63.46
1204401503540813 63.48
1204401503600666 63.46
1204401503660519 63.46
1204401503720374 63.46
1204401503780228 63.46
1204401503840088 63.48
1204401503900945 63.48
1204401503960799 63.48
1204401504020662 63.46
1204401504080508 63.48
1204401504140359 63.46
1204401504200218 63.48
1204401504260069 63.46
1204401504320923 63.46
1204401504380782 63.48
1204401504440638 63.48
1204401504500493 63.48
1204401504560344 63.46
1204401504620201 63.46
1204401504680054 63.46
1204401504740908 63.46
1204401504800764 63.46
1204401504860617 63.46
1204401504920477 63.48
1204401504980328 63.46
1204401505040182 63.46
1204401505100038 63.46
1204401505160898 63.48
1204401505220749 63.46
1204401505280603 63.46
1204401505340457 63.46
1204401505400314 63.46
1204401505460168 63.46
1204401505520023 63.46
1204401505580877 63.46
1204401505640731 63.5
1204401505700585 63.5
1204401505760447 63.48
1204401505820302 63.48
1204401505880150 63.5
1204401505940011 63.48
1204401506000867 63.48
1204401506020876 63.5
1204401506070697 63.48
1204401506130552 63.48
1204401506190407 63.48
1204401506250261 63.48
1204401506310117 63.48
1204401506370965 63.5
1204401506430820 63.5
1204401506490675 63.5
1204401506550537 63.48
1204401506610386 63.5
1204401506670245 63.48
1204401506730095 63.5
1204401506790951 63.5
1204401506850805 63.5
1204401506910661 63.5
1204401506970515 63.5
1204401507030370 63.5
1204401507090225 63.5
1204401507150085 63.48
1204401507210941 63.48
1204401507270791 63.5
1204401507330646 63.5
1204401507390499 63.5
1204401507450361 63.48
1204401507510217 63.48
1204401507570070 63.48
1204401507630921 63.5
1204401507690775 63.5
1204401507750630 63.5
1204401507810484 63.5
1204401507870339 63.5
1204401507930195 63.5
1204401507990049 63.5
1204401508050904 63.5
1204401508110760 63.5
1204401508170614 63.5
1204401508230470 63.5
1204401508290325 63.5
1204401508350179 63.5
1204401508410034 63.5
1204401508470889 63.5
1204401508530744 63.5
1204401508590600 63.5
1204401508650453 63.5
1204401508710308 63.5
1204401508770164 63.5
1204401508830017 63.5
1204401508890873 63.5
1204401508950729 63.5
1204401509010586 63.52
1204401509030511 63.53
1204401509080415 63.52
1204401509140269 63.53
1204401509200123 63.53
1204401509260980 63.53
1204401509320834 63.53
1204401509380689 63.53
1204401509440724 63.53
1204401509500400 63.53
1204401509560253 63.53
1204401509620110 63.52
1204401509680967 63.52
1204401509740818 63.53
1204401509800674 63.53
1204401509860529 63.53
1204401509920383 63.53
1204401509980238 63.53
1204401600040455 63.53
1204401600100204 63.53
1204401600160058 63.53
1204401600220914 63.53
1204401600280769 63.53
1204401600340624 63.53
1204401600400480 63.52
1204401600460333 63.53
1204401600520188 63.53
1204401600580043 63.53
1204401600640934 63.53
1204401600700752 63.53
1204401600760608 63.53
1204401600820464 63.53
1204401600880319 63.52
1204401600940172 63.53
1204401601000027 63.53
1204401601060884 63.53
1204401601120738 63.53
1204401601180593 63.53
1204401601240456 63.53
1204401601300301 63.53
1204401601360156 63.53
1204401601420012 63.53
1204401601480867 63.53
1204401601540724 63.52
1204401601600578 63.53
1204401601660431 63.53
1204401601720287 63.53
1204401601780144 63.52
1204401601840997 63.53
1204401601900854 63.52
1204401601960706 63.53
1204401602020577 63.53
1204401602040676 63.55
1204401602090393 63.53
1204401602150248 63.52
1204401602210102 63.53
1204401602270958 63.53
1204401602330813 63.53
1204401602390668 63.53
1204401602450522 63.53
1204401602510378 63.53
1204401602570231 63.53
1204401602630086 63.53
1204401602690942 63.53
1204401602750797 63.53
1204401602810652 63.53
1204401602870507 63.53
1204401602930362 63.53
1204401602990217 63.53
1204401603050072 63.52
1204401603110927 63.53
1204401603170781 63.53
1204401603230636 63.53
1204401603290491 63.53
1204401603350347 63.53
1204401603410202 63.53
1204401603470055 63.53
1204401603530914 63.52
1204401603590769 63.52
1204401603650622 63.53
1204401603710476 63.53
1204401603770330 63.53
1204401603830185 63.53
1204401603890040 63.53
1204401603950897 63.53
1204401604010751 63.53
1204401604070606 63.53
1204401604130461 63.53
1204401604190318 63.52
1204401604250171 63.53
1204401604310024 63.53
1204401604370880 63.53
1204401604430735 63.53
1204401604490590 63.53
1204401604550446 63.53
1204401604610300 63.53
1204401604670156 63.53
1204401604730010 63.53
1204401604790866 63.53
1204401604850720 63.53
1204401604910575 63.53
1204401604970429 63.53
1204401605030284 63.53
1204401605050200 63.55
1204401605100114 63.53
1204401605160971 63.53
1204401605220826 63.53
1204401605280681 63.53
1204401605340538 63.52
1204401605400391 63.53
1204401605460244 63.53
1204401605520100 63.53
1204401605580956 63.53
1204401605640810 63.53
1204401605700664 63.53
1204401605760520 63.53
1204401605820375 63.53
1204401605880230 63.53
1204401605940086 63.52
1204401606000940 63.53
1204401606060795 63.53
1204401606120650 63.53
1204401606180507 63.52
1204401606240360 63.53
1204401606300217 63.52
1204401606360071 63.52
1204401606420928 63.52
1204401606480778 63.5
1204401606540638 63.52
1204401606600491 63.52
1204401606660347 63.52
1204401606720202 63.52
1204401606780057 63.52
1204401606840911 63.52
1204401606900766 63.52
1204401606960621 63.52
1204401607020506 63.52
1204401607080330 63.52
1204401607140185 63.52
1204401607200041 63.52
1204401607260896 63.52
1204401607320751 63.52
1204401607380606 63.52
1204401607440461 63.52
1204401607500316 63.52
1204401607560170 63.52
1204401607620036 63.52
1204401607680880 63.52
1204401607740735 63.52
1204401607800590 63.52
1204401607860445 63.52
1204401607920300 63.52
1204401607980154 63.52
1204401608040010 63.52
1204401608060908 63.53
1204401608110840 63.52
1204401608170696 63.52
1204401608230551 63.52
1204401608290405 63.52
1204401608350260 63.52
1204401608410115 63.52
1204401608470970 63.52
1204401608530826 63.52
1204401608590680 63.52
1204401608650535 63.52
1204401608710390 63.52
1204401608770244 63.52
1204401608830106 63.5
1204401608890956 63.52
1204401608950810 63.52
1204401609010665 63.52
1204401609070520 63.52
1204401609130373 63.53
1204401609190230 63.52
1204401609250083 63.52
1204401609310939 63.52
1204401609370794 63.52
1204401609430664 63.52
1204401609490505 63.52
1204401609550359 63.52
1204401609610214 63.52
1204401609670069 63.52
1204401609730925 63.52
1204401609790779 63.52
1204401609850634 63.52
1204401609910490 63.52
1204401609970345 63.52
1204401700030455 63.52
1204401700090309 63.52
1204401700150162 63.5
1204401700210020 63.52
1204401700270874 63.52
1204401700330730 63.52
1204401700390583 63.52
1204401700450437 63.5
1204401700510294 63.52
1204401700570149 63.52
1204401700630004 63.52
1204401700690859 63.52
1204401700750714 63.52
1204401700810567 63.5
1204401700870424 63.52
1204401700930277 63.52
1204401700990132 63.52
1204401701050988 63.52
1204401701070887 63.53
1204401701120819 63.52
1204401701180674 63.52
1204401701240529 63.52
1204401701300385 63.52
1204401701360238 63.52
1204401701420098 63.52
1204401701480950 63.52
1204401701540805 63.52
1204401701600659 63.52
1204401701660514 63.52
1204401701720368 63.52
1204401701780223 63.52
1204401701840077 63.52
1204401701900933 63.52
1204401701960786 63.5
1204401702020672 63.52
1204401702080496 63.5
1204401702140350 63.5
1204401702200205 63.5
1204401702260061 63.5
1204401702320919 63.52
1204401702380770 63.5
1204401702440626 63.5
1204401702500480 63.5
1204401702560335 63.5
1204401702620194 63.52
1204401702680047 63.52
1204401702740902 63.5
1204401702800756 63.5
1204401702860611 63.5
1204401702920466 63.5
1204401702980321 63.5
1204401703040175 63.5
1204401703100029 63.5
1204401703160886 63.5
1204401703220748 63.52
1204401703280596 63.5
1204401703340450 63.5
1204401703400304 63.5
1204401703460161 63.52
1204401703520014 63.5
1204401703580872 63.52
1204401703640726 63.5
1204401703700580 63.5
1204401703760434 63.5
1204401703820303 63.5
1204401703880144 63.5
1204401703950000 63.5
1204401704000856 63.52
1204401704060710 63.5
1204401704080611 63.52
1204401704130540 63.5
1204401704190395 63.5
1204401704250249 63.5
1204401704310106 63.5
1204401704370963 63.52
1204401704430814 63.5
1204401704490669 63.5
1204401704550525 63.5
1204401704610381 63.52
1204401704670235 63.5
1204401704730089 63.5
1204401704790947 63.52
1204401704850799 63.5
1204401704910654 63.5
1204401704970509 63.5
1204401705030365 63.5
1204401705090220 63.5
1204401705150073 63.5
1204401705210929 63.5
1204401705270784 63.5
1204401705330646 63.48
1204401705390500 63.48
1204401705450354 63.48
1204401705510210 63.48
1204401705570064 63.48
1204401705630921 63.48
1204401705690775 63.48
1204401705750629 63.48
1204401705810485 63.48
1204401705870340 63.48
1204401705930187 63.5
1204401705990048 63.48
1204401706050904 63.48
1204401706110759 63.48
1204401706170614 63.48
1204401706230468 63.48
1204401706290323 63.48
1204401706350178 63.48
1204401706410034 63.48
1204401706470889 63.48
1204401706530744 63.48
1204401706590599 63.48
1204401706650454 63.48
1204401706710309 63.48
1204401706770163 63.48
1204401706830019 63.48
1204401706890869 63.5
1204401706950728 63.48
1204401707010583 63.48
1204401707070432 63.5
1204401707090332 63.5
1204401707140264 63.5
1204401707200123 63.48
1204401707260980 63.48
1204401707320834 63.48
1204401707380690 63.48
1204401707440545 63.48
1204401707500398 63.48
1204401707560253 63.48
1204401707620122 63.48
1204401707680964 63.48
1204401707740819 63.48
1204401707800674 63.48
1204401707860522 63.5
1204401707920380 63.5
1204401707980233 63.5
1204401708040093 63.48
1204401708100948 63.48
1204401708160804 63.48
1204401708220652 63.5
1204401708280507 63.5
1204401708340368 63.48
1204401708400218 63.5
1204401708460071 63.5
1204401708520941 63.5
1204401708580788 63.48
1204401708640638 63.5
1204401708700491 63.5
1204401708760346 63.5
1204401708820207 63.48
1204401708880062 63.48
1204401708940912 63.5
1204401709000773 63.48
1204401709060628 63.48
1204401709120476 63.5
1204401709180331 63.5
1204401709240186 63.5
1204401709300041 63.5
1204401709360902 63.48
1204401709420763 63.48
1204401709480612 63.48
1204401709540467 63.48
1204401709600321 63.48
1204401709660170 63.5
1204401709720025 63.5
1204401709780887 63.48
1204401709840736 63.5
1204401709900597 63.48
1204401709960452 63.48
1204401800020587 63.5
1204401800080411 63.5
1204401800100313 63.5
1204401800150249 63.48
1204401800210104 63.48
1204401800270958 63.48
1204401800330808 63.5
1204401800390663 63.5
1204401800450517 63.5
1204401800510372 63.5
1204401800570227 63.5
1204401800630081 63.5
1204401800690938 63.5
1204401800750791 63.5
1204401800810646 63.5
1204401800870502 63.5
1204401800930357 63.5
1204401800990211 63.5
1204401801050066 63.5
1204401801110922 63.5
1204401801170777 63.5
1204401801230632 63.5
1204401801290487 63.5
1204401801350341 63.5
1204401801410366 63.5
1204401801470054 63.52
1204401801530907 63.5
1204401801590761 63.5
1204401801650617 63.5
1204401801710471 63.5
1204401801770326 63.5
1204401801830181 63.5
1204401801890035 63.5
1204401801950892 63.5
1204401802010834 63.5
1204401802070602 63.5
1204401802130457 63.5
1204401802190310 63.5
1204401802250165 63.5
1204401802310020 63.5
1204401802370877 63.5
1204401802430733 63.52
1204401802490588 63.57
1204401802550441 63.63
1204401802610325 63.68
1204401802670151 63.7
1204401802730007 63.7
1204401802790862 63.7
1204401802850718 63.7
1204401802910575 63.68
1204401802970428 63.68
1204401803030281 63.7
1204401803090139 63.68
1204401803110037 63.7
1204401803160966 63.66
1204401803220835 63.65
1204401803280677 63.65
1204401803340530 63.63
1204401803400385 63.63
1204401803460241 63.63
1204401803520095 63.65
1204401803580951 63.63
1204401803640805 63.63
1204401803700660 63.63
1204401803760514 63.63
1204401803820383 63.65
1204401803880225 63.63
1204401803940080 63.63
1204401804000936 63.63
1204401804060789 63.63
1204401804120658 63.63
1204401804180500 63.63
1204401804240355 63.63
1204401804300208 63.63
1204401804360064 63.61
1204401804420924 63.63
1204401804480776 63.63
1204401804540628 63.63
1204401804600484 63.63
1204401804660339 63.63
1204401804720204 63.63
1204401804780048 63.63
1204401804840904 63.63
1204401804900760 63.63
1204401804960613 63.63
1204401805020528 63.63
1204401805080324 63.63
1204401805140179 63.63
1204401805200034 63.63
1204401805260889 63.63
1204401805320744 63.63
1204401805380600 63.63
1204401805440453 63.63
1204401805500309 63.63
1204401805560163 63.63
1204401805620032 63.63
1204401805680874 63.63
1204401805740728 63.61
1204401805800584 63.63
1204401805860439 63.63
1204401805920294 63.65
1204401805980147 63.65
1204401806040003 63.65
1204401806100859 63.65
1204401806120873 63.66
1204401806170688 63.63
1204401806230543 63.63
1204401806290398 63.63
1204401806350254 63.63
1204401806410108 63.63
1204401806470964 63.61
1204401806530818 63.61
1204401806590673 63.61
1204401806650529 63.59
1204401806710383 63.59
1204401806770238 63.59
1204401806830093 63.59
1204401806890949 63.59
1204401806950803 63.59
1204401807010659 63.59
1204401807070513 63.59
1204401807130367 63.59
1204401807190222 63.59
1204401807250078 63.59
1204401807310933 63.59
1204401807370788 63.59
1204401807430642 63.59
1204401807490497 63.59
1204401807550353 63.59
1204401807610207 63.59
1204401807670062 63.59
1204401807730917 63.59
1204401807790772 63.59
1204401807850628 63.59
1204401807910483 63.59
1204401807970336 63.59
1204401808030191 63.59
1204401808090049 63.57
1204401808150903 63.59
1204401808210757 63.59
1204401808270613 63.59
1204401808330466 63.59
1204401808390323 63.57
1204401808450176 63.59
1204401808510032 63.59
1204401808570886 63.59
1204401808630742 63.59
1204401808690597 63.59
1204401808750452 63.57
1204401808810307 63.59
1204401808870162 63.59
1204401808930015 63.59
1204401808990871 63.59
1204401809050726 63.59
1204401809110584 63.57
1204401809130508 63.61
1204401809180411 63.59
1204401809240269 63.57
1204401809300121 63.59
1204401809360977 63.59
1204401809420846 63.59
1204401809480687 63.59
1204401809540541 63.59
1204401809600443 63.57
1204401809660253 63.57
1204401809720118 63.59
1204401809780964 63.57
1204401809840817 63.59
1204401809900674 63.57
1204401809960527 63.57
1204401900020697 63.59
1204401900080493 63.57
1204401900140349 63.57
1204401900200217 63.57
1204401900260057 63.55
1204401900320926 63.57
1204401900380768 63.57
1204401900440623 63.57
1204401900500478 63.57
1204401900560333 63.57
1204401900620198 63.57
1204401900680041 63.57
1204401900740898 63.57
1204401900800753 63.57
1204401900860608 63.57
1204401900920476 63.57
1204401900980317 63.57
1204401901040172 63.57
1204401901100027 63.57
1204401901160884 63.55
1204401901220749 63.53
1204401901280590 63.53
1204401901340445 63.53
1204401901400299 63.53
1204401901460154 63.53
1204401901520010 63.53
1204401901580866 63.55
1204401901640720 63.53
1204401901700577 63.55
1204401901760430 63.53
1204401901820299 63.53
1204401901880138 63.53
1204401901940995 63.53
1204401902000850 63.53
1204401902060705 63.53
1204401902120572 63.53
1204401902140488 63.57
1204401902190390 63.53
1204401902250247 63.52
1204401902310099 63.53
1204401902370955 63.53
1204401902430813 63.52
1204401902490666 63.53
1204401902550519 63.53
1204401902610374 63.53
1204401902670231 63.55
1204401902730086 63.57
1204401902790940 63.59
1204401902850795 63.59
1204401902910649 63.59
1204401902970504 63.59
1204401903030359 63.59
1204401903090213 63.59
1204401903150069 63.59
1204401903210925 63.59
1204401903270780 63.59
1204401903330637 63.57
1204401903390488 63.59
1204401903450346 63.57
1204401903510199 63.59
1204401903570054 63.59
1204401903630909 63.59