1204402400100839 56.85
1204402400160694 56.85
1204402400220557 56.85
1204402400280405 56.87
1204402400300304 56.89
1204402400350234 56.89
1204402400410090 56.89
1204402400470946 56.93
1204402400530799 56.98
1204402400590655 57.06
1204402400650510 57.17
1204402400710365 57.21
1204402400770222 57.23
1204402400830075 57.23
1204402400890931 57.23
1204402400950785 57.26
1204402401010640 57.26
1204402401070493 57.26
1204402401130362 57.26
1204402401190204 57.26
1204402401250059 57.26
1204402401310915 57.28
1204402401370770 57.32
1204402401430624 57.41
1204402401490479 57.54
1204402401550334 57.65
1204402401610190 57.8
1204402401670046 57.91
1204402401730899 57.93
1204402401790754 57.93
1204402401850609 57.93
1204402401910462 57.93
1204402401970319 57.93
1204402402030172 57.93
1204402402090027 57.93
1204402402150884 57.95
1204402402210738 57.93
1204402402270593 57.93
1204402402330447 57.95
1204402402390304 57.99
1204402402450159 58.08
1204402402510012 58.19
1204402402570870 58.32
1204402402630724 58.42
1204402402690582 58.47
1204402402750436 58.51
1204402402810287 58.49
1204402402870146 58.51
1204402402930998 58.53
1204402402990853 58.53
1204402403050709 58.55
1204402403110564 58.55
1204402403170420 58.55
1204402403230274 58.58
1204402403290131 58.68
1204402403310029 58.71
1204402403360961 58.81
1204402403420827 58.98
1204402403480667 59.11
1204402403540524 59.18
1204402403600381 59.24
1204402403660233 59.25
1204402403720099 59.25
1204402403780942 59.25
1204402403840797 59.25
1204402403900655 59.27
1204402403960510 59.35
1204402404020363 59.46
1204402404080218 59.53
1204402404140072 59.55
1204402404200928 59.55
1204402404260781 59.57
1204402404320652 59.63
1204402404380493 59.65
1204402404440348 59.7
1204402404500202 59.79
1204402404560055 59.98
1204402404620942 60.22
1204402404680769 60.46
1204402404740622 60.59
1204402404800477 60.65
1204402404860330 60.65
1204402404920191 60.65
1204402404980040 60.67
1204402405040898 60.71
1204402405100751 60.74
1204402405160609 60.76
1204402405220474 60.74
1204402405280317 60.76
1204402405340174 60.78
1204402405400029 60.8
1204402405460882 60.82
1204402405520758 60.82
1204402405580592 60.84
1204402405640445 60.85
1204402405700305 60.87
1204402405760156 60.93
1204402405820028 60.98
1204402405880865 61.1
1204402405940724 61.19
1204402406000581 61.32
1204402406060435 61.38
1204402406120302 61.39
1204402406180143 61.39
1204402406250000 61.39
1204402406300854 61.39
1204402406320883 61.39
1204402406370684 61.39
1204402406430537 61.41
1204402406490396 61.49
1204402406550254 61.6
1204402406610103 61.75
1204402406670960 61.9
1204402406730813 62.03
1204402406790670 62.05
1204402406850527 62.06
1204402406910378 62.05
1204402406970235 62.06
1204402407030090 62.06
1204402407090946 62.06
1204402407150802 62.06
1204402407210657 62.06
1204402407270510 62.06
1204402407330363 62.05
1204402407390220 62.06
1204402407450076 62.06
1204402407510932 62.06
1204402407570785 62.06
1204402407630640 62.06
1204402407690495 62.06
1204402407750351 62.06
1204402407810204 62.06
1204402407870059 62.06
1204402407930915 62.06
1204402407990771 62.06
1204402408050626 62.06
1204402408110626 62.06
1204402408170334 62.06
1204402408230190 62.06
1204402408290043 62.06
1204402408350900 62.06
1204402408410754 62.06
1204402408470606 62.1
1204402408530465 62.06
1204402408590319 62.08
1204402408650170 62.1
1204402408710079 62.1
1204402408770886 62.12
1204402408830735 62.1
1204402408890590 62.1
1204402408950446 62.1
1204402409010299 62.1
1204402409070154 62.1
1204402409130009 62.1
1204402409190866 62.1
1204402409250720 62.14
1204402409310588 62.1
1204402409330521 62.12
1204402409380409 62.08
1204402409440260 62.1
1204402409500120 62.12
1204402409560971 62.14
1204402409620839 62.21
1204402409680682 62.29
1204402409740536 62.31
1204402409800394 62.32
1204402409860250 62.32
1204402409920099 62.31
1204402409980959 62.32
1204402500040064 62.31
1204402500100924 62.32
1204402500160775 62.31
1204402500220646 62.32
1204402500280490 62.32
1204402500340343 62.32
1204402500400195 62.31
1204402500460053 62.32
1204402500520926 62.32
1204402500580761 62.31
1204402500640620 62.32
1204402500700475 62.32
1204402500760329 62.32
1204402500820193 62.34
1204402500880038 62.32
1204402500940890 62.34
1204402501000750 62.32
1204402501060603 62.32
1204402501120479 62.32
1204402501180312 62.29
1204402501240165 62.27
1204402501300022 62.27
1204402501360877 62.27
1204402501420908 62.27
1204402501480586 62.27
1204402501540441 62.29
1204402501600295 62.29
1204402501660149 62.29
1204402501720032 62.29
1204402501780861 62.29
1204402501840716 62.29
1204402501900570 62.29
1204402501960426 62.29
1204402502020278 62.31
1204402502080135 62.29
1204402502140992 62.29
1204402502200845 62.27
1204402502260701 62.29
1204402502320569 62.29
1204402502340482 62.31
1204402502390385 62.29
1204402502450388 62.29
1204402502510097 62.29
1204402502570953 62.32
1204402502630807 62.36
1204402502690659 62.38
1204402502750514 62.38
1204402502810371 62.36
1204402502870223 62.38
1204402502930080 62.4
1204402502990935 62.4
1204402503050790 62.4
1204402503110644 62.38
1204402503170499 62.4
1204402503230501 62.4
1204402503290207 62.38
1204402503350065 62.4
1204402503410920 62.4
1204402503470775 62.4
1204402503530630 62.4
1204402503590646 62.4
1204402503650340 62.4
1204402503710195 62.4
1204402503770050 62.4
1204402503830905 62.4
1204402503890760 62.4
1204402503950615 62.4
1204402504010469 62.4
1204402504070324 62.4
1204402504130178 62.4
1204402504190033 62.4
1204402504250890 62.4
1204402504310745 62.4
1204402504370599 62.42
1204402504430456 62.45
1204402504490313 62.44
1204402504550165 62.45
1204402504610020 62.45
1204402504670872 62.47
1204402504730729 62.49
1204402504790583 62.47
1204402504850437 62.47
1204402504910292 62.47
1204402504970146 62.47
1204402505030001 62.47
1204402505090856 62.47
1204402505150712 62.47
1204402505210569 62.49
1204402505270421 62.47
1204402505330275 62.47
1204402505350177 62.49
1204402505400108 62.47
1204402505460962 62.47
1204402505520858 62.47
1204402505520031 62.47
1204402505580672 62.47
1204402505640527 62.47
1204402505700409 62.47
1204402505760236 62.47
1204402505820115 62.47
1204402505880948 62.47
1204402505940803 62.47
1204402506000656 62.47
1204402506060512 62.47
1204402506120381 62.47
1204402506180226 62.45
1204402506240075 62.47
1204402506300936 62.47
1204402506360898 62.47
1204402506420672 62.47
1204402506480499 62.45
1204402506540351 62.47
1204402506600206 62.47
1204402506660060 62.47
1204402506720089 62.47
1204402506780770 62.47
1204402506840626 62.47
1204402506900483 62.49
1204402506960337 62.49
1204402507020192 62.49
1204402507080045 62.47
1204402507140901 62.47
1204402507200756 62.47
1204402507260610 62.47
1204402507320500 62.47
1204402507380321 62.49
1204402507440178 62.49
1204402507500030 62.47
1204402507560888 62.49
1204402507620773 62.47
1204402507680595 62.47
1204402507740449 62.47
1204402507800307 62.49
1204402507860160 62.47
1204402507920026 62.47
1204402507980869 62.47
1204402508040727 62.49
1204402508100582 62.49
1204402508160437 62.49
1204402508220315 62.49
1204402508280147 62.49
1204402508340000 62.49
1204402508360902 62.49
1204402508410831 62.47
1204402508470688 62.49
1204402508530541 62.47
1204402508590396 62.47
1204402508650251 62.49
1204402508710104 62.47
1204402508770963 62.49
1204402508830818 62.49
1204402508890670 62.47
1204402508950527 62.49
1204402509010381 62.49
1204402509070237 62.49
1204402509130090 62.47
1204402509190109 62.49
1204402509250799 62.47
1204402509310656 62.49
1204402509370511 62.49
1204402509430364 62.47
1204402509490221 62.49
1204402509550148 62.51
1204402509610929 62.51
1204402509670786 62.49
1204402509730639 62.51
1204402509790496 62.49
1204402509850351 62.49
1204402509910206 62.49
1204402509970058 62.51
1204402600030169 62.47
1204402600090030 62.44
1204402600150884 62.45
1204402600210737 62.45
1204402600270592 62.45
1204402600330448 62.45
1204402600390303 62.45
1204402600450323 62.47
1204402600510013 62.45
1204402600570864 62.47
1204402600630722 62.45
1204402600690577 62.45
1204402600750432 62.45
1204402600810287 62.45
1204402600870139 62.49
1204402600930997 62.45
1204402600990852 62.45
1204402601050707 62.45
1204402601110563 62.45
1204402601170412 62.47
1204402601230267 62.47
1204402601290271 62.45
1204402601350981 62.49
1204402601370878 62.53
1204402601420817 62.51
1204402601480666 62.49
1204402601540520 62.49
1204402601600373 62.51
1204402601660227 62.51
1204402601720153 62.51
1204402601780938 62.51
1204402601840794 62.51
1204402601900648 62.51
1204402601960504 62.51
1204402602020361 62.49
1204402602080214 62.49
1204402602140067 62.51
1204402602200924 62.51
1204402602260778 62.51
1204402602320640 62.51
1204402602380487 62.51
1204402602440342 62.51
1204402602500196 62.53
1204402602560051 62.51
1204402602620967 62.51
1204402602680762 62.51
1204402602740620 62.49
1204402602800474 62.49
1204402602860327 62.51
1204402602920202 62.51
1204402602980037 62.51
1204402603040893 62.51
1204402603100747 62.51
1204402603160603 62.51
1204402603220478 62.51
1204402603280311 62.51
1204402603340167 62.51
1204402603400021 62.51
1204402603460878 62.49
1204402603520762 62.49
1204402603580586 62.51
1204402603640441 62.51
1204402603700456 62.51
1204402603760151 62.51
1204402603820030 62.51
1204402603880864 62.49
1204402603940717 62.47
1204402604000571 62.47
1204402604060427 62.47
1204402604120293 62.47
1204402604180135 62.47
1204402604240992 62.47
1204402604300847 62.47
1204402604360701 62.47
1204402604380608 62.47
1204402604430533 62.49
1204402604490387 62.47
1204402604550241 62.47
1204402604610097 62.47
1204402604670952 62.47
1204402604730806 62.47
1204402604790661 62.47
1204402604850516 62.47
1204402604910370 62.47
1204402604970226 62.47
1204402605030080 62.47
1204402605090936 62.47
1204402605150792 62.47
1204402605210645 62.47
1204402605270500 62.47
1204402605330356 62.47
1204402605390210 62.47
1204402605450065 62.47
1204402605510921 62.47
1204402605570778 62.49
1204402605630790 62.47
1204402605690487 62.49
1204402605750341 62.47
1204402605810196 62.49
1204402605870052 62.49
1204402605930906 62.47
1204402605990762 62.49
1204402606050617 62.49
1204402606110470 62.47
1204402606170326 62.49
1204402606230182 62.49
1204402606290037 62.49
1204402606350891 62.51
1204402606410905 62.53
1204402606470603 62.49
1204402606530454 62.51
1204402606590309 62.51
1204402606650165 62.47
1204402606710019 62.51
1204402606770875 62.51
1204402606830730 62.51
1204402606890585 62.49
1204402606950600 62.49
1204402607010297 62.49
1204402607070152 62.49
1204402607130005 62.49
1204402607190861 62.49
1204402607250716 62.49
1204402607310570 62.49
1204402607370425 62.49
1204402607390338 62.51
1204402607440256 62.49
1204402607500112 62.49
1204402607560967 62.49
1204402607620844 62.47
1204402607680677 62.49
1204402607740529 62.47
1204402607800385 62.47
1204402607860242 62.45
1204402607920145 62.45
1204402607980954 62.45
1204402608040808 62.45
1204402608100663 62.45
1204402608160518 62.45
1204402608220409 62.45
1204402608280336 62.47
1204402608340079 62.47
1204402608400938 62.45
1204402608460789 62.47
1204402608520678 62.45
1204402608580499 62.47
1204402608640357 62.45
1204402608700207 62.47
1204402608760062 62.47
1204402608820007 62.45
1204402608880811 62.45
1204402608940632 62.45
1204402609000487 62.45
1204402609060338 62.47
1204402609120239 62.47
1204402609180051 62.45
1204402609240903 62.47
1204402609300762 62.45
1204402609360616 62.45
1204402609420488 62.47
1204402609480340 62.45
1204402609540177 62.47
1204402609600033 62.47
1204402609660888 62.47
1204402609720807 62.47
1204402609780597 62.47
1204402609840452 62.47
1204402609900306 62.47
1204402609960166 62.45
1204402700020272 62.47
1204402700080129 62.49
1204402700140983 62.51
1204402700200838 62.53
1204402700260692 62.51
1204402700320574 62.51
1204402700380402 62.53
1204402700400301 62.55
1204402700450234 62.51
1204402700510088 62.51
1204402700570942 62.53
1204402700630798 62.51
1204402700690654 62.51
1204402700750508 62.47
1204402700810365 62.49
1204402700870220 62.49
1204402700930074 62.49
1204402700990930 62.49
1204402701050784 62.49
1204402701110641 62.49
1204402701170494 62.49
1204402701230349 62.49
1204402701290203 62.49
1204402701350059 62.49
1204402701410915 62.49
1204402701470770 62.49
1204402701530625 62.49
1204402701590479 62.49
1204402701650333 62.49
1204402701710190 62.49
1204402701770043 62.49
1204402701830898 62.49
1204402701890754 62.49
1204402701950608 62.49
1204402702010462 62.49
1204402702070318 62.49
1204402702130173 62.49
1204402702190028 62.49
1204402702250882 62.51
1204402702310739 62.49
1204402702370594 62.49
1204402702430446 62.47
1204402702490303 62.49
1204402702550156 62.51
1204402702610011 62.47
1204402702670865 62.47
1204402702730724 62.49
1204402702790576 62.47
1204402702850431 62.47
1204402702910285 62.47
1204402702970140 62.47
1204402703030997 62.49
1204402703090850 62.47
1204402703150707 62.49
1204402703210561 62.51
1204402703270416 62.51
1204402703330270 62.51
1204402703390125 62.51
1204402703410024 62.55
1204402703460956 62.51
1204402703520852 62.51
1204402703580666 62.53
1204402703640521 62.51
1204402703700375 62.51
1204402703760232 62.51
1204402703820119 62.51
1204402703880940 62.51
1204402703940796 62.53
1204402704000652 62.51
1204402704060506 62.51
1204402704120386 62.51
1204402704180216 62.53
1204402704240070 62.51
1204402704300926 62.51
1204402704360781 62.51
1204402704420690 62.51
1204402704480489 62.51
1204402704540346 62.51
1204402704600200 62.51
1204402704660055 62.51
1204402704720934 62.53
1204402704780765 62.51
1204402704840620 62.51
1204402704900474 62.51
1204402704960329 62.51
1204402705020184 62.51
1204402705080040 62.51
1204402705140896 62.51
1204402705200750 62.51
1204402705260605 62.51
1204402705320504 62.51
1204402705380314 62.51
1204402705440170 62.51
1204402705500024 62.51
1204402705560017 62.53
1204402705620892 62.51
1204402705680590 62.47
1204402705740444 62.47
1204402705800298 62.47
1204402705860153 62.47
1204402705920081 62.47
1204402705980865 62.47
1204402706040719 62.47
1204402706100573 62.47
1204402706160428 62.47
1204402706220341 62.47
1204402706280139 62.47
1204402706340993 62.47
1204402706400849 62.47
1204402706420866 62.49
1204402706470679 62.47
1204402706530534 62.47
1204402706590548 62.47
1204402706650248 62.45
1204402706710103 62.45
1204402706770031 62.45
1204402706830814 62.45
1204402706890669 62.45
1204402706950522 62.45
1204402707010539 62.45
1204402707070228 62.47
1204402707130083 62.47
1204402707190942 62.45
1204402707250796 62.45
1204402707310649 62.47
1204402707370502 62.47
1204402707430357 62.47
1204402707490213 62.47
1204402707550068 62.47
1204402707610927 62.45
1204402707670782 62.45
1204402707730637 62.45
1204402707790491 62.45
1204402707850347 62.45
1204402707910201 62.45
1204402707970052 62.47
1204402708030909 62.47
1204402708090763 62.47
1204402708150618 62.47
1204402708210472 62.47
1204402708270327 62.47
1204402708330337 62.47
1204402708390040 62.45
1204402708450892 62.47
1204402708510747 62.47
1204402708570606 62.45
1204402708630457 62.47
1204402708690312 62.47
1204402708750326 62.47
1204402708810025 62.45
1204402708870878 62.47
1204402708930732 62.47
1204402708990590 62.45
1204402709050441 62.47
1204402709110299 62.49
1204402709170154 62.49
1204402709230006 62.47
1204402709290864 62.49
1204402709350719 62.49
1204402709410573 62.49
1204402709430501 62.49
1204402709480403 62.49
1204402709540258 62.49
1204402709600111 62.47
1204402709660968 62.47
1204402709720890 62.45
1204402709780676 62.47
1204402709840532 62.47
1204402709900386 62.47
1204402709960241 62.47
1204402800020353 62.47
1204402800080212 62.45
1204402800140063 62.47
1204402800200919 62.47
1204402800260773 62.47
1204402800320667 62.47
1204402800380483 62.47
1204402800440338 62.47
1204402800500193 62.49
1204402800560048 62.47
1204402800620964 62.47
1204402800680757 62.47
1204402800740612 62.47
1204402800800467 62.47
1204402800860489 62.47
1204402800920223 62.47
1204402800980031 62.47
1204402801040887 62.47
1204402801100744 62.49
1204402801160599 62.49
1204402801220485 62.47
1204402801280308 62.49
1204402801340161 62.47
1204402801400016 62.47
1204402801460970 62.49
1204402801520787 62.47
1204402801580582 62.47
1204402801640437 62.47
1204402801700290 62.47
1204402801760146 62.47
1204402801820034 62.47
1204402801880020 62.49
1204402801940713 62.49
1204402802000567 62.47
1204402802060445 62.49
1204402802120355 62.47
1204402802180131 62.47
1204402802240987 62.47
1204402802300842 62.47
1204402802360695 62.47
1204402802420606 62.47
1204402802440467 62.49
1204402802490382 62.47
1204402802550240 62.45
1204402802610095 62.45
1204402802670950 62.45
1204402802730805 62.45
1204402802790660 62.45
1204402802850515 62.45
1204402802910370 62.45
1204402802970224 62.45
1204402803030079 62.45
1204402803090936 62.45
1204402803150790 62.45
1204402803210646 62.45
1204402803270500 62.45
1204402803330355 62.45
1204402803390210 62.45
1204402803450064 62.45
1204402803510922 62.44
1204402803570771 62.42
1204402803630624 62.42
1204402803690480 62.42
1204402803750335 62.42
1204402803810190 62.42
1204402803870044 62.42
1204402803930900 62.42
1204402803990756 62.42
1204402804050609 62.42
1204402804110464 62.42
1204402804170320 62.42
1204402804230174 62.42
1204402804290029 62.42
1204402804350885 62.42
1204402804410746 62.44
1204402804470756 62.42
1204402804530449 62.42
1204402804590304 62.42
1204402804650159 62.42
1204402804710020 62.44
1204402804770921 62.42
1204402804830731 62.44
1204402804890580 62.42
1204402804950434 62.42
1204402805010295 62.44
1204402805070149 62.44
1204402805130999 62.42
1204402805190860 62.44
1204402805250714 62.44
1204402805310569 62.44
1204402805370425 62.44
1204402805430272 62.42
1204402805450180 62.44
1204402805500110 62.44
1204402805560966 62.44
1204402805620872 62.42
1204402805680836 62.44
1204402805740530 62.44
1204402805800378 62.42
1204402805860237 62.45
1204402805920161 62.49
1204402805980946 62.49
1204402806040801 62.49
1204402806100656 62.49
1204402806160511 62.49
1204402806220447 62.49
1204402806280220 62.49
1204402806340073 62.47
1204402806400928 62.47
1204402806460785 62.47
1204402806520684 62.45
1204402806580494 62.47
1204402806640349 62.47
1204402806700206 62.45
1204402806760062 62.45
1204402806820984 62.47
1204402806880769 62.47
1204402806940624 62.47
1204402807000483 62.45
1204402807060333 62.47
1204402807120227 62.47
1204402807180042 62.47
1204402807240899 62.47
1204402807300753 62.47
1204402807360608 62.47
1204402807420533 62.47
1204402807480318 62.47
1204402807540172 62.47
1204402807600027 62.47
1204402807660883 62.47
1204402807720812 62.47
1204402807780592 62.47
1204402807840452 62.45
1204402807900303 62.47
1204402807960156 62.47
1204402808020013 62.47
1204402808080867 62.47
1204402808140723 62.47
1204402808200578 62.47
1204402808260432 62.47
1204402808320338 62.47
1204402808380144 62.45
1204402808440001 62.45
1204402808460914 62.45
1204402808510834 62.44
1204402808570688 62.44
1204402808630544 62.44
1204402808690398 62.44
1204402808750253 62.44
1204402808810106 62.45
1204402808870961 62.45
1204402808930816 62.45
1204402808990670 62.45
1204402809050541 62.44
1204402809110383 62.44
1204402809170235 62.45
1204402809230091 62.45
1204402809290946 62.45
1204402809350864 62.44
1204402809410656 62.45
1204402809470511 62.45
1204402809530366 62.45
1204402809590220 62.45
1204402809650074 62.45
1204402809710933 62.44
1204402809770785 62.45
1204402809830641 62.45
1204402809890496 62.45
1204402809950350 62.45
1204402900010461 62.45
1204402900070316 62.45
1204402900130170 62.45
1204402900190025 62.45
1204402900250881 62.45
1204402900310735 62.45
1204402900370591 62.45
1204402900430445 62.45
1204402900490300 62.45
1204402900550155 62.45
1204402900610009 62.45
1204402900670865 62.45
1204402900730720 62.45
1204402900790575 62.45
1204402900850430 62.45
1204402900910285 62.45
1204402900970139 62.45
1204402901030995 62.45
1204402901090850 62.45
1204402901150704 62.45
1204402901210562 62.44
1204402901270417 62.44
1204402901330265 62.42
1204402901390122 62.4
1204402901450977 62.4
1204402901470876 62.42
1204402901520881 62.4
1204402901580663 62.4
1204402901640518 62.4
1204402901700373 62.4
1204402901760226 62.4
1204402901820128 62.42
1204402901880939 62.4
1204402901940792 62.4
1204402902000645 62.42
1204402902060503 62.4
1204402902120456 62.4
1204402902180210 62.42
1204402902240065 62.42
1204402902300921 62.42
1204402902360776 62.4
1204402902420699 62.4
1204402902480485 62.42
1204402902540342 62.4
1204402902600197 62.4
1204402902660049 62.42
1204402902720953 62.42
1204402902780761 62.42
1204402902840614 62.42
1204402902900469 62.42
1204402902960324 62.42
1204402903020179 62.42
1204402903080034 62.42
1204402903140891 62.42
1204402903200746 62.4
1204402903260601 62.36
1204402903320533 62.36
1204402903380310 62.36
1204402903440163 62.34
1204402903500018 62.34
1204402903560875 62.36
1204402903620799 62.36
1204402903680584 62.34
1204402903740440 62.36
1204402903800296 62.36
1204402903860151 62.36
1204402903920087 62.36
1204402903980860 62.36
1204402904040715 62.36
1204402904100570 62.36
1204402904160425 62.36
1204402904220344 62.36
1204402904280135 62.36
1204402904340988 62.34
1204402904400846 62.36
1204402904460701 62.36
1204402904480600 62.4
1204402904530529 62.34
1204402904590386 62.36
1204402904650241 62.36
1204402904710096 62.36
1204402904770951 62.36
1204402904830803 62.34
1204402904890661 62.36
1204402904950516 62.36
1204402905010369 62.36
1204402905070225 62.36
1204402905130080 62.36
1204402905190936 62.36
1204402905250789 62.38
1204402905310646 62.36
1204402905370499 62.36
1204402905430355 62.36
1204402905490210 62.36
1204402905550062 62.38
1204402905610924 62.44
1204402905670779 62.44
1204402905730633 62.44
1204402905790488 62.44
1204402905850343 62.44
1204402905910196 62.45
1204402905970052 62.44
1204402906030907 62.45
1204402906090758 62.47
1204402906150617 62.45
1204402906210471 62.45
1204402906270327 62.44
1204402906330183 62.44
1204402906390038 62.44
1204402906450893 62.44
1204402906510747 62.44
1204402906570759 62.44
1204402906630455 62.45
1204402906690314 62.44
1204402906750166 62.45
1204402906810022 62.44
1204402906870878 62.44
1204402906930894 62.44
1204402906990587 62.44
1204402907050443 62.44
1204402907110295 62.45
1204402907170454 62.44
1204402907230004 62.45
1204402907290863 62.44
1204402907350718 62.44
1204402907410571 62.44
1204402907470425 62.45
1204402907490321 62.47
1204402907540256 62.45
1204402907600110 62.45
1204402907660962 62.47
1204402907720902 62.47
1204402907780677 62.45
1204402907840704 62.45
1204402907900385 62.45
1204402907960237 62.47
1204402908020095 62.45
1204402908080950 62.45
1204402908140804 62.45
1204402908200656 62.47
1204402908260674 62.45
1204402908320434 62.45
1204402908380224 62.45
1204402908440079 62.45
1204402908500932 62.47
1204402908560790 62.45
1204402908620728 62.47
1204402908680499 62.45
1204402908740354 62.45
1204402908800210 62.45
1204402908860060 62.47
1204402908920987 62.47
1204402908980770 62.47
1204402909040630 62.45
1204402909100485 62.45
1204402909160339 62.45
1204402909220277 62.44
1204402909280049 62.45
1204402909340904 62.45
1204402909400760 62.45
1204402909460614 62.45
1204402909520554 62.45
1204402909580323 62.45
1204402909640179 62.45
1204402909700028 62.47
1204402909760889 62.45
1204402909820800 62.45
1204402909880598 62.45
1204402909940454 62.45
1204403000010564 62.45
1204403000070414 62.42
1204403000130377 62.44
1204403000190131 62.44
1204403000250986 62.44
1204403000310842 62.44
1204403000370697 62.44
1204403000430646 62.45
1204403000490403 62.45
1204403000510298 62.47
1204403000560231 62.47
1204403000620090 62.45
1204403000680944 62.45
1204403000740800 62.45
1204403000800655 62.45
1204403000860509 62.45
1204403000920364 62.45
1204403000980219 62.45
1204403001040070 62.42
1204403001100926 62.42
1204403001160779 62.42
1204403001220640 62.44
1204403001280495 62.44
1204403001340350 62.44
1204403001400205 62.44
1204403001460060 62.44
1204403001520916 62.44
1204403001580770 62.44
1204403001640625 62.44
1204403001700480 62.44
1204403001760334 62.44
1204403001820189 62.44
1204403001880045 62.44
1204403001940900 62.44
1204403002000755 62.44
1204403002060604 62.42
1204403002120458 62.42
1204403002180320 62.44
1204403002240188 62.44
1204403002300029 62.44
1204403002360885 62.44
1204403002420833 62.42
1204403002480595 62.44
1204403002540449 62.44
1204403002600304 62.44
1204403002660159 62.44
1204403002720014 62.44
1204403002780867 62.45
1204403002840739 62.44
1204403002900578 62.44
1204403002960434 62.44
1204403003020289 62.44
1204403003080144 62.44
1204403003140999 62.44
1204403003200854 62.44
1204403003260708 62.44
1204403003320562 62.45
1204403003380416 62.45
1204403003440271 62.45
1204403003500127 62.45
1204403003520023 62.47
1204403003570953 62.47
1204403003630893 62.45
1204403003690667 62.45
1204403003750522 62.45
1204403003810376 62.45
1204403003870232 62.45
1204403003930168 62.45
1204403003990945 62.44
1204403004050798 62.45
1204403004110652 62.45
1204403004170506 62.45
1204403004230435 62.45
1204403004290216 62.45
1204403004350067 62.47
1204403004410923 62.47
1204403004470777 62.47
1204403004530717 62.49
1204403004590487 62.47
1204403004650341 62.47
1204403004710196 62.47
1204403004770051 62.47
1204403004830000 62.47
1204403004890763 62.42
1204403004950618 62.42
1204403005010472 62.42
1204403005070328 62.42
1204403005130245 62.42
1204403005190041 62.44
1204403005250899 62.44
1204403005310752 62.44
1204403005370607 62.44
1204403005430535 62.42
1204403005490318 62.44
1204403005550173 62.44
1204403005610027 62.44
1204403005670882 62.44
1204403005730823 62.44
1204403005790587 62.42
1204403005850446 62.44
1204403005910295 62.42
1204403005970151 62.42
1204403006030011 62.44
1204403006090861 62.42
1204403006150722 62.44
1204403006210572 62.47
1204403006270425 62.47
1204403006330367 62.47
1204403006390136 62.47
1204403006450992 62.47
1204403006510845 62.47
1204403006530747 62.47
1204403006580677 62.47
1204403006640565 62.47
1204403006700385 62.47
1204403006760240 62.47
1204403006820100 62.45
1204403006880956 62.45
1204403006940811 62.45
1204403007000665 62.45
1204403007060520 62.45
1204403007120375 62.45
1204403007180230 62.45
1204403007240084 62.45
1204403007300941 62.45
1204403007360796 62.45
1204403007420651 62.45
1204403007480503 62.45
1204403007540359 62.45
1204403007600215 62.45
1204403007660069 62.45
1204403007720927 62.44
1204403007780781 62.44
1204403007840632 62.4
1204403007900485 62.42
1204403007960341 62.42
1204403008020194 62.42
1204403008080049 62.42
1204403008140911 62.44
1204403008200760 62.42
1204403008260621 62.44
1204403008320476 62.44
1204403008380329 62.44
1204403008440179 62.42
1204403008500039 62.44
1204403008560891 62.42
1204403008620751 62.44
1204403008680605 62.44
1204403008740459 62.44
1204403008800309 62.42
1204403008860171 62.44
1204403008920019 62.42
1204403008980875 62.42
1204403009040730 62.42
1204403009100590 62.44
1204403009160438 62.42
1204403009220299 62.44
1204403009280149 62.42
1204403009340008 62.44
1204403009400859 62.42
1204403009460719 62.44
1204403009520569 62.42
1204403009540502 62.44
1204403009590402 62.4
1204403009650255 62.38
1204403009710109 62.38
1204403009770965 62.38
1204403009830892 62.38
1204403009890675 62.38
1204403009950531 62.36
1204403100010640 62.38
1204403100070496 62.4
1204403100130451 62.38
1204403100190206 62.4
1204403100250061 62.4
1204403100310917 62.4
1204403100370768 62.38
1204403100430709 62.4
1204403100490479 62.38
1204403100550333 62.38
1204403100610191 62.4
1204403100670045 62.4
1204403100730982 62.4
1204403100790753 62.38
1204403100850611 62.4
1204403100910465 62.4
1204403100970320 62.4
1204403101030174 62.38
1204403101090030 62.4
1204403101150884 62.38
1204403101210740 62.4
1204403101270594 62.4
1204403101330533 62.38
1204403101390306 62.4
1204403101450157 62.38
1204403101510013 62.38
1204403101570867 62.38
1204403101630807 62.36
1204403101690577 62.38
1204403101750432 62.38
1204403101810288 62.38
1204403101870145 62.36
1204403101930099 62.36
1204403101990853 62.38
1204403102050710 62.36
1204403102110563 62.38
1204403102170419 62.36
1204403102230346 62.38
1204403102290126 62.38
1204403102350984 62.36
1204403102410837 62.38
1204403102470695 62.36
1204403102530633 62.36
1204403102550462 62.4
1204403102600380 62.36
1204403102660232 62.38
1204403102720087 62.38
1204403102780945 62.36
1204403102840800 62.4
1204403102900657 62.45
1204403102960510 62.49
1204403103020498 62.49
1204403103080219 62.49
1204403103140074 62.49
1204403103200930 62.49
1204403103260784 62.49
1204403103320639 62.49
1204403103380492 62.51
1204403103440349 62.49
1204403103500204 62.49
1204403103560058 62.49
1204403103620978 62.49
1204403103680767 62.51
1204403103740624 62.49
1204403103800479 62.49
1204403103860333 62.49
1204403103920186 62.51
1204403103980043 62.49
1204403104040900 62.49
1204403104100751 62.51
1204403104160608 62.49
1204403104220477 62.49
1204403104280318 62.49
1204403104340172 62.49
1204403104400027 62.49
1204403104460883 62.49
1204403104520738 62.49
1204403104580592 62.51
1204403104640478 62.51
1204403104700302 62.49
1204403104760157 62.49
1204403104820010 62.51
1204403104880866 62.53
1204403104940722 62.53
1204403105000577 62.55
1204403105060430 62.55
1204403105120285 62.57
1204403105180140 62.57
1204403105240996 62.57
1204403105300852 62.57
1204403105360705 62.55
1204403105420560 62.57
1204403105480415 62.55
1204403105540270 62.57