1205001308110980 54.42
1205001308170837 54.44
1205001308230810 54.47
1205001308290542 54.53
1205001308350399 54.6
1205001308410256 54.68
1205001308470110 54.81
1205001308530962 55.09
1205001308590857 55.51
1205001308610654 55.68
1205001308660655 56
1205001308720580 56.3
1205001308780359 56.43
1205001308840216 56.48
1205001308900067 56.5
1205001308960923 56.5
1205001309020949 56.5
1205001309080634 56.5
1205001309140493 56.52
1205001309200342 56.54
1205001309260197 56.54
1205001309320066 56.65
1205001309380911 56.82
1205001309440768 57.04
1205001309500619 57.32
1205001309560473 57.49
1205001309620344 57.52
1205001309680185 57.52
1205001309740038 57.52
1205001309800894 57.52
1205001309860750 57.52
1205001309920619 57.52
1205001309980460 57.52
1205001400040569 57.51
1205001400100424 57.51
1205001400160280 57.52
1205001400220148 57.52
1205001400280988 57.54
1205001400340842 57.54
1205001400400701 57.58
1205001400460554 57.64
1205001400520581 57.71
1205001400580262 57.73
1205001400640120 57.75
1205001400700972 57.77
1205001400760827 57.77
1205001400820694 57.77
1205001400880536 57.77
1205001400940391 57.77
1205001401000246 57.78
1205001401060103 57.8
1205001401120972 57.84
1205001401180813 57.9
1205001401240666 57.95
1205001401300521 58.05
1205001401360379 58.08
1205001401420246 58.08
1205001401480087 58.1
1205001401540944 58.08
1205001401600834 58.1
1205001401620870 58.1
1205001401670629 58.12
1205001401730482 58.14
1205001401790337 58.14
1205001401850196 58.16
1205001401910047 58.21
1205001401970903 58.31
1205001402030759 58.38
1205001402090612 58.42
1205001402150469 58.44
1205001402210322 58.45
1205001402270179 58.47
1205001402330031 58.49
1205001402390887 58.49
1205001402450746 58.51
1205001402510595 58.53
1205001402570454 58.51
1205001402630310 58.51
1205001402690165 58.57
1205001402750018 58.66
1205001402810872 58.81
1205001402870725 59.01
1205001402930582 59.14
1205001402990440 59.24
1205001403050291 59.25
1205001403110146 59.27
1205001403170000 59.25
1205001403230988 59.27
1205001403290713 59.27
1205001403350568 59.27
1205001403410421 59.27
1205001403470274 59.29
1205001403530130 59.29
1205001403590988 59.27
1205001403650843 59.35
1205001403710696 59.4
1205001403770551 59.46
1205001403830407 59.46
1205001403890262 59.46
1205001403950117 59.46
1205001404010971 59.46
1205001404070826 59.46
1205001404130684 59.48
1205001404190539 59.48
1205001404250394 59.48
1205001404310247 59.48
1205001404370101 59.44
1205001404430957 59.46
1205001404490808 59.55
1205001404550666 59.65
1205001404610557 59.65
1205001404630380 59.66
1205001404680349 59.66
1205001404740204 59.66
1205001404800061 59.65
1205001404860915 59.66
1205001404920783 59.66
1205001404980627 59.65
1205001405040482 59.65
1205001405100335 59.66
1205001405160188 59.66
1205001405220058 59.66
1205001405280906 59.72
1205001405340755 59.81
1205001405400612 59.83
1205001405460467 59.83
1205001405520492 59.83
1205001405580178 59.83
1205001405640033 59.83
1205001405700889 59.83
1205001405760739 59.85
1205001405820611 59.83
1205001405880452 59.83
1205001405940308 59.83
1205001406000159 59.85
1205001406060014 59.87
1205001406120881 59.89
1205001406180727 59.92
1205001406240582 60
1205001406300433 60.05
1205001406360289 60.09
1205001406420156 60.09
1205001406480998 60.09
1205001406540854 60.09
1205001406600708 60.09
1205001406660564 60.09
1205001406720487 60.11
1205001406780274 60.13
1205001406840129 60.18
1205001406900985 60.2
1205001406960840 60.24
1205001407020864 60.26
1205001407080547 60.26
1205001407140402 60.26
1205001407200257 60.26
1205001407260113 60.26
1205001407320982 60.26
1205001407380822 60.26
1205001407440677 60.26
1205001407500532 60.26
1205001407560388 60.26
1205001407620376 60.32
1205001407640103 60.35
1205001407690073 60.39
1205001407750929 60.41
1205001407810785 60.41
1205001407870637 60.43
1205001407930493 60.43
1205001407990348 60.41
1205001408050201 60.43
1205001408110056 60.41
1205001408170912 60.41
1205001408230891 60.41
1205001408290623 60.41
1205001408350476 60.43
1205001408410332 60.45
1205001408470189 60.46
1205001408530044 60.46
1205001408590900 60.46
1205001408650753 60.46
1205001408710608 60.46
1205001408770464 60.46
1205001408830319 60.46
1205001408890174 60.46
1205001408950027 60.46
1205001409010883 60.46
1205001409070738 60.46
1205001409130594 60.46
1205001409190449 60.5
1205001409250302 60.54
1205001409310156 60.54
1205001409370011 60.54
1205001409430869 60.52
1205001409490724 60.52
1205001409550575 60.54
1205001409610432 60.52
1205001409670286 60.54
1205001409730141 60.54
1205001409790998 60.54
1205001409850850 60.54
1205001409910707 60.52
1205001409970565 60.56
1205001500030674 60.63
1205001500090527 60.65
1205001500150380 60.65
1205001500210237 60.63
1205001500270090 60.65
1205001500330949 60.63
1205001500390800 60.65
1205001500450655 60.65
1205001500510510 60.65
1205001500570365 60.65
1205001500630283 60.65
1205001500650054 60.65
1205001500700050 60.65
1205001500760907 60.67
1205001500820778 60.71
1205001500880617 60.72
1205001500940471 60.74
1205001501000328 60.72
1205001501060181 60.74
1205001501120204 60.74
1205001501180890 60.74
1205001501240746 60.74
1205001501300601 60.74
1205001501360457 60.74
1205001501420323 60.74
1205001501480165 60.74
1205001501540022 60.72
1205001501600876 60.74
1205001501660733 60.76
1205001501720807 60.76
1205001501780441 60.76
1205001501840297 60.76
1205001501900152 60.76
1205001501960007 60.76
1205001502020028 60.74
1205001502080716 60.76
1205001502140569 60.74
1205001502200426 60.76
1205001502260282 60.76
1205001502320178 60.84
1205001502380991 60.95
1205001502440846 61.06
1205001502500703 61.19
1205001502560559 61.28
1205001502620426 61.3
1205001502680265 61.3
1205001502740120 61.3
1205001502800976 61.3
1205001502860832 61.3
1205001502920699 61.3
1205001502980544 61.32
1205001503040396 61.3
1205001503100254 61.32
1205001503160110 61.36
1205001503220977 61.43
1205001503280817 61.47
1205001503340674 61.49
1205001503400530 61.49
1205001503460385 61.49
1205001503520449 61.49
1205001503580093 61.49
1205001503640999 61.49
1205001503660783 61.51
1205001503710947 61.49
1205001503770634 61.49
1205001503830490 61.49
1205001503890343 61.52
1205001503950200 61.56
1205001504010053 61.58
1205001504070908 61.58
1205001504130763 61.58
1205001504190618 61.58
1205001504250473 61.58
1205001504310451 61.58
1205001504370184 61.56
1205001504430037 61.58
1205001504490895 61.56
1205001504550747 61.58
1205001504610602 61.58
1205001504670457 61.58
1205001504730315 61.6
1205001504790170 61.6
1205001504850025 61.6
1205001504910895 61.6
1205001504970736 61.6
1205001505030591 61.6
1205001505090446 61.6
1205001505150302 61.6
1205001505210155 61.6
1205001505270010 61.6
1205001505330866 61.6
1205001505390722 61.6
1205001505450575 61.6
1205001505510438 61.62
1205001505570283 61.64
1205001505630138 61.64
1205001505690993 61.64
1205001505750848 61.64
1205001505810703 61.64
1205001505870558 61.64
1205001505930414 61.64
1205001505990268 61.64
1205001506050122 61.64
1205001506110978 61.64
1205001506170833 61.64
1205001506230810 61.64
1205001506290542 61.64
1205001506350393 61.65
1205001506410249 61.67
1205001506470104 61.67
1205001506530962 61.69
1205001506590813 61.67
1205001506650704 61.67
1205001506670503 61.69
1205001506720592 61.67
1205001506780355 61.67
1205001506840208 61.67
1205001506900063 61.67
1205001506960920 61.67
1205001507020949 61.67
1205001507080630 61.69
1205001507140483 61.67
1205001507200340 61.69
1205001507260195 61.69
1205001507320063 61.69
1205001507380905 61.69
1205001507440761 61.69
1205001507500616 61.69
1205001507560471 61.69
1205001507620340 61.69
1205001507680179 61.69
1205001507740035 61.69
1205001507800891 61.69
1205001507860744 61.69
1205001507920613 61.69
1205001507980453 61.71
1205001508040308 61.73
1205001508100163 61.73
1205001508160017 61.73
1205001508220886 61.73
1205001508280728 61.73
1205001508340583 61.73
1205001508400438 61.73
1205001508460292 61.73
1205001508520326 61.73
1205001508580002 61.73
1205001508640858 61.73
1205001508700713 61.73
1205001508760568 61.71
1205001508820435 61.73
1205001508880276 61.73
1205001508940132 61.73
1205001509000988 61.71
1205001509060843 61.73
1205001509120710 61.73
1205001509180552 61.73
1205001509240407 61.71
1205001509300262 61.71
1205001509360116 61.71
1205001509420985 61.67
1205001509480829 61.69
1205001509540682 61.67
1205001509600539 61.69
1205001509660426 61.71
1205001509680224 61.73
1205001509730222 61.71
1205001509790077 61.71
1205001509850932 61.71
1205001509910787 61.73
1205001509970642 61.73
1205001600030753 61.71
1205001600090608 61.71
1205001600150462 61.71
1205001600210317 61.73
1205001600270172 61.71
1205001600330027 61.71
1205001600390883 61.73
1205001600450736 61.73
1205001600510592 61.73
1205001600570447 61.73
1205001600630302 61.73
1205001600690157 61.73
1205001600750012 61.73
1205001600810866 61.73
1205001600870722 61.73
1205001600930577 61.73
1205001600990432 61.73
1205001601050286 61.73
1205001601110141 61.73
1205001601170997 61.73
1205001601230975 61.73
1205001601290705 61.73
1205001601350561 61.73
1205001601410416 61.73
1205001601470271 61.73
1205001601530125 61.73
1205001601590981 61.73
1205001601650836 61.73
1205001601710691 61.73
1205001601770546 61.73
1205001601830399 61.73
1205001601890254 61.73
1205001601950110 61.73
1205001602010966 61.71
1205001602070821 61.73
1205001602130676 61.73
1205001602190529 61.73
1205001602250384 61.73
1205001602310239 61.73
1205001602370095 61.73
1205001602430951 61.71
1205001602490804 61.73
1205001602550660 61.73
1205001602610514 61.73
1205001602670399 61.73
1205001602690205 61.75
1205001602740201 61.73
1205001602800054 61.73
1205001602860911 61.73
1205001602920780 61.73
1205001602980621 61.77
1205001603040475 61.82
1205001603100332 61.88
1205001603160187 61.88
1205001603220055 61.88
1205001603280898 61.88
1205001603340751 61.88
1205001603400606 61.88
1205001603460462 61.88
1205001603520499 61.9
1205001603580173 61.88
1205001603640025 61.88
1205001603700882 61.88
1205001603760737 61.88
1205001603820606 61.88
1205001603880445 61.88
1205001603940301 61.88
1205001604000156 61.88
1205001604060011 61.88
1205001604120879 61.88
1205001604180720 61.88
1205001604240576 61.88
1205001604300431 61.88
1205001604360286 61.88
1205001604420155 61.88
1205001604480996 61.88
1205001604540851 61.88
1205001604600707 61.88
1205001604660561 61.88
1205001604720528 61.9
1205001604780270 61.88
1205001604840125 61.88
1205001604900981 61.88
1205001604960836 61.9
1205001605020881 61.88
1205001605080545 61.88
1205001605140400 61.88
1205001605200255 61.88
1205001605260110 61.88
1205001605320986 61.88
1205001605380821 61.86
1205001605440677 61.86
1205001605500532 61.86
1205001605560387 61.86
1205001605620252 61.88
1205001605680127 61.86
1205001605700941 61.88
1205001605750928 61.86
1205001605810783 61.86
1205001605870638 61.86
1205001605930492 61.86
1205001605990347 61.86
1205001606050202 61.86
1205001606110058 61.86
1205001606170912 61.86
1205001606230900 61.86
1205001606290622 61.86
1205001606350477 61.86
1205001606410333 61.86
1205001606470186 61.86
1205001606530041 61.86
1205001606590897 61.86
1205001606650753 61.86
1205001606710607 61.86
1205001606770461 61.86
1205001606830316 61.86
1205001606890171 61.86
1205001606950026 61.86
1205001607010880 61.86
1205001607070736 61.86
1205001607130587 61.82
1205001607190448 61.84
1205001607250303 61.84
1205001607310158 61.84
1205001607370012 61.84
1205001607430866 61.86
1205001607490721 61.86
1205001607550575 61.86
1205001607610430 61.86
1205001607670284 61.88
1205001607730138 61.88
1205001607790996 61.86
1205001607850850 61.86
1205001607910705 61.86
1205001607970560 61.86
1205001608030416 61.86
1205001608090445 61.86
1205001608150124 61.86
1205001608210981 61.86
1205001608270835 61.86
1205001608330689 61.88
1205001608390546 61.86
1205001608450399 61.86
1205001608510254 61.86
1205001608570109 61.86
1205001608630965 61.86
1205001608690893 61.86
1205001608710663 61.9
1205001608760650 61.86
1205001608820519 61.86
1205001608880358 61.88
1205001608940214 61.88
1205001609000067 61.88
1205001609060923 61.88
1205001609120792 61.88
1205001609180634 61.88
1205001609240490 61.86
1205001609300342 61.88
1205001609360197 61.88
1205001609420068 61.86
1205001609480910 61.86
1205001609540766 61.86
1205001609600619 61.86
1205001609660474 61.86
1205001609720439 61.86
1205001609780185 61.86
1205001609840040 61.86
1205001609900894 61.86
1205001609960750 61.86
1205001700020045 61.88
1205001700080713 61.88
1205001700140569 61.86
1205001700200424 61.86
1205001700260280 61.86
1205001700320150 61.86
1205001700380989 61.86
1205001700440844 61.86
1205001700500699 61.86
1205001700560554 61.86
1205001700620423 61.86
1205001700680264 61.86
1205001700740116 61.88
1205001700800974 61.86
1205001700860829 61.86
1205001700920696 61.88
1205001700980536 61.9
1205001701040395 61.92
1205001701100250 61.92
1205001701160105 61.92
1205001701220975 61.92
1205001701280813 61.93
1205001701340670 61.92
1205001701400525 61.92
1205001701460380 61.92
1205001701520433 61.92
1205001701580089 61.92
1205001701640945 61.92
1205001701700846 61.92
1205001701720643 61.93
1205001701770631 61.92
1205001701830485 61.92
1205001701890341 61.92
1205001701950196 61.92
1205001702010047 61.93
1205001702070901 61.93
1205001702130756 61.93
1205001702190611 61.93
1205001702250467 61.93
1205001702310326 61.92
1205001702370179 61.92
1205001702430034 61.92
1205001702490890 61.92
1205001702550746 61.92
1205001702610597 61.93
1205001702670454 61.92
1205001702730305 61.93
1205001702790165 61.92
1205001702850020 61.92
1205001702910876 61.92
1205001702970725 61.93
1205001703030584 61.92
1205001703090440 61.92
1205001703150291 61.93
1205001703210148 61.92
1205001703270000 61.93
1205001703330860 61.92
1205001703390715 61.92
1205001703450568 61.92
1205001703510424 61.92
1205001703570279 61.92
1205001703630130 61.93
1205001703690990 61.92
1205001703750843 61.92
1205001703810695 61.93
1205001703870550 61.93
1205001703930409 61.92
1205001703990258 61.93
1205001704050118 61.92
1205001704110974 61.92
1205001704170829 61.92
1205001704230811 61.93
1205001704290539 61.92
1205001704350393 61.92
1205001704410247 61.92
1205001704470103 61.92
1205001704530955 61.93
1205001704590810 61.93
1205001704650667 61.92
1205001704710554 61.92
1205001704730379 61.93
1205001704780350 61.93
1205001704840208 61.92
1205001704900059 61.93
1205001704960913 61.95
1205001705020981 61.99
1205001705080623 62.1
1205001705140477 62.18
1205001705200334 62.19
1205001705260187 62.21
1205001705320054 62.23
1205001705380897 62.21
1205001705440752 62.21
1205001705500607 62.21
1205001705560462 62.21
1205001705620341 62.21
1205001705680260 62.21
1205001705740026 62.21
1205001705800882 62.21
1205001705860738 62.21
1205001705920598 62.21
1205001705980446 62.21
1205001706040301 62.21
1205001706100156 62.23
1205001706160011 62.25
1205001706220881 62.25
1205001706280768 62.25
1205001706340576 62.25
1205001706400432 62.25
1205001706460288 62.27
1205001706520337 62.25
1205001706580996 62.25
1205001706640851 62.25
1205001706700706 62.25
1205001706760562 62.25
1205001706820425 62.25
1205001706880284 62.25
1205001706940125 62.25
1205001707000981 62.25
1205001707060838 62.27
1205001707120705 62.25
1205001707180545 62.25
1205001707240400 62.25
1205001707300255 62.25
1205001707360110 62.25
1205001707430000 62.25
1205001707480820 62.25
1205001707540675 62.25
1205001707600530 62.25
1205001707660385 62.25
1205001707720409 62.25
1205001707740113 62.25
1205001707790070 62.25
1205001707850927 62.25
1205001707910782 62.25
1205001707970635 62.25
1205001708030490 62.25
1205001708090345 62.25
1205001708150201 62.25
1205001708210056 62.25
1205001708270910 62.25
1205001708330767 62.27
1205001708390621 62.25
1205001708450474 62.25
1205001708510329 62.25
1205001708570184 62.25
1205001708630040 62.25
1205001708690896 62.25
1205001708750751 62.25
1205001708810606 62.25
1205001708870459 62.25
1205001708930315 62.25
1205001708990169 62.25
1205001709050025 62.25
1205001709110881 62.25
1205001709170734 62.25
1205001709230728 62.25
1205001709290445 62.25
1205001709350300 62.25
1205001709410153 62.25
1205001709470009 62.25
1205001709530865 62.25
1205001709590720 62.25
1205001709650575 62.25
1205001709710428 62.25
1205001709770283 62.25
1205001709830139 62.25
1205001709890995 62.25
1205001709950849 62.25
1205001800010959 62.25
1205001800070814 62.25
1205001800130670 62.25
1205001800190525 62.25
1205001800250378 62.25
1205001800310233 62.25
1205001800370088 62.25
1205001800430945 62.25
1205001800490800 62.25
1205001800550655 62.25
1205001800610508 62.25
1205001800670363 62.25
1205001800730278 62.25
1205001800750052 62.27
1205001800800049 62.25
1205001800860905 62.25
1205001800920772 62.25
1205001800980614 62.25
1205001801040469 62.25
1205001801100324 62.25
1205001801160179 62.25
1205001801220059 62.25
1205001801280890 62.27
1205001801340744 62.25
1205001801400599 62.25
1205001801460454 62.25
1205001801520495 62.25
1205001801580162 62.25
1205001801640018 62.25
1205001801700874 62.25
1205001801760729 62.25
1205001801820596 62.25
1205001801880438 62.25
1205001801940293 62.25
1205001802000149 62.25
1205001802060001 62.25
1205001802120887 62.25
1205001802180713 62.25
1205001802240568 62.25
1205001802300423 62.25
1205001802360276 62.25
1205001802420147 62.27
1205001802480988 62.25
1205001802540843 62.25
1205001802600698 62.25
1205001802660553 62.25
1205001802720560 62.25
1205001802780261 62.25
1205001802840116 62.25
1205001802900972 62.25
1205001802960828 62.25
1205001803020873 62.25
1205001803080536 62.25
1205001803140392 62.25
1205001803200247 62.25
1205001803260102 62.25
1205001803320976 62.25
1205001803380811 62.25
1205001803440667 62.25
1205001803500522 62.25
1205001803560377 62.25
1205001803620242 62.25
1205001803680085 62.25
1205001803740989 62.25
1205001803760777 62.27
1205001803810773 62.25
1205001803870634 62.25
1205001803930482 62.25
1205001803990337 62.25
1205001804050192 62.25
1205001804110047 62.25
1205001804170901 62.25
1205001804230893 62.25
1205001804290612 62.25
1205001804350469 62.27
1205001804410322 62.25
1205001804470179 62.25
1205001804530031 62.25
1205001804590887 62.25
1205001804650742 62.25
1205001804710597 62.25
1205001804770450 62.25
1205001804830305 62.25
1205001804890161 62.25
1205001804950016 62.25
1205001805010872 62.25
1205001805070725 62.25
1205001805130581 62.25
1205001805190436 62.25
1205001805250291 62.25
1205001805310144 62.25
1205001805370000 62.25
1205001805430856 62.25
1205001805490711 62.25
1205001805550567 62.25
1205001805610419 62.25
1205001805670274 62.25
1205001805730130 62.25
1205001805790986 62.25
1205001805850841 62.25
1205001805910696 62.25
1205001805970549 62.25
1205001806030405 62.25
1205001806090260 62.25
1205001806150115 62.25
1205001806210971 62.25
1205001806270824 62.25
1205001806330680 62.25
1205001806390535 62.25
1205001806450390 62.25
1205001806510243 62.25
1205001806570099 62.25
1205001806630955 62.25
1205001806690810 62.25
1205001806750699 62.25
1205001806770498 62.27
1205001806820524 62.25
1205001806880350 62.25
1205001806940205 62.25
1205001807000060 62.25
1205001807060915 62.25
1205001807120782 62.25
1205001807180625 62.25
1205001807240480 62.25
1205001807300335 62.25
1205001807360188 62.25
1205001807420077 62.25
1205001807480900 62.25
1205001807540755 62.25
1205001807600611 62.25
1205001807660463 62.25
1205001807720467 62.25
1205001807780173 62.25
1205001807840029 62.25
1205001807900885 62.25
1205001807960738 62.25
1205001808020795 62.25
1205001808080449 62.25
1205001808140304 62.25
1205001808200159 62.25
1205001808260014 62.25
1205001808320921 62.25
1205001808380724 62.25
1205001808440579 62.25
1205001808500434 62.25
1205001808560289 62.25
1205001808620195 62.25
1205001808680998 62.25
1205001808740854 62.25
1205001808800709 62.25
1205001808860564 62.25
1205001808920425 62.25
1205001808980273 62.25
1205001809040128 62.25
1205001809100984 62.25
1205001809160838 62.25
1205001809220735 62.25
1205001809280547 62.25
1205001809340403 62.25
1205001809400258 62.25
1205001809460113 62.25
1205001809520172 62.25
1205001809580823 62.25
1205001809640678 62.25
1205001809700533 62.25
1205001809760420 62.25
1205001809780223 62.27
1205001809830218 62.25
1205001809890073 62.25
1205001809950929 62.25
1205001900010039 62.25
1205001900070893 62.25
1205001900130749 62.25
1205001900190604 62.25
1205001900250459 62.25
1205001900310312 62.25
1205001900370167 62.25
1205001900430023 62.25
1205001900490879 62.25
1205001900550732 62.25
1205001900610587 62.25
1205001900670442 62.25
1205001900730298 62.25
1205001900790153 62.25
1205001900850008 62.25
1205001900910864 62.25
1205001900970717 62.25
1205001901030572 62.25
1205001901090427 62.25
1205001901150283 62.25
1205001901210137 62.25
1205001901270992 62.25
1205001901330847 62.25
1205001901390704 62.27
1205001901450559 62.27
1205001901510414 62.27
1205001901570268 62.27
1205001901630121 62.25
1205001901690980 62.27
1205001901750835 62.27
1205001901810686 62.25
1205001901870543 62.27
1205001901930398 62.27
1205001901990253 62.27
1205001902050105 62.25
1205001902110963 62.27
1205001902170817 62.25
1205001902230814 62.27
1205001902290529 62.27
1205001902350382 62.27
1205001902410237 62.27
1205001902470090 62.25
1205001902530949 62.27
1205001902590804 62.27
1205001902650657 62.27
1205001902710512 62.27
1205001902770401 62.27
1205001902790200 62.29
1205001902840199 62.27
1205001902900052 62.25
1205001902960908 62.27
1205001903020970 62.27
1205001903080616 62.25
1205001903140474 62.27
1205001903200325 62.25
1205001903260182 62.27
1205001903320078 62.27
1205001903380893 62.27
1205001903440746 62.25
1205001903500604 62.27
1205001903560457 62.27
1205001903620335 62.25
1205001903680167 62.27
1205001903740023 62.27
1205001903800879 62.27
1205001903860732 62.27
1205001903920618 62.27
1205001903980442 62.27
1205001904040298 62.27
1205001904100153 62.27
1205001904160006 62.27
1205001904220874 62.27
1205001904280717 62.27
1205001904340572 62.27
1205001904400428 62.27
1205001904460281 62.27
1205001904520349 62.27
1205001904580992 62.27
1205001904640847 62.27
1205001904700703 62.27
1205001904760558 62.27
1205001904820456 62.27
1205001904880266 62.27
1205001904940121 62.27
1205001905000977 62.27
1205001905060831 62.27
1205001905120711 62.27
1205001905180541 62.27
1205001905240397 62.27
1205001905300251 62.27
1205001905360105 62.27
1205001905420003 62.27
1205001905480816 62.27
1205001905540672 62.27
1205001905600525 62.27
1205001905660380 62.27
1205001905720411 62.27
1205001905780122 62.27
1205001905800924 62.29
1205001905850921 62.27
1205001905910776 62.27
1205001905970632 62.27
1205001906030487 62.27
1205001906090340 62.27
1205001906150195 62.27
1205001906210048 62.25
1205001906270907 62.27
1205001906330762 62.27
1205001906390617 62.27
1205001906450470 62.27
1205001906510325 62.27
1205001906570178 62.25
1205001906630035 62.27
1205001906690891 62.27
1205001906750745 62.27
1205001906810600 62.27
1205001906870455 62.27
1205001906930311 62.27
1205001906990166 62.27
1205001907050019 62.27
1205001907110875 62.27
1205001907170730 62.27
1205001907230728 62.27
1205001907290441 62.27
1205001907350294 62.27
1205001907410149 62.27
1205001907470004 62.27
1205001907530861 62.27
1205001907590716 62.27
1205001907650657 62.27
1205001907710424 62.27
1205001907770280 62.27
1205001907830135 62.27
1205001907890991 62.27
1205001907950844 62.27
1205001908010699 62.27
1205001908070555 62.27
1205001908130410 62.27
1205001908190263 62.27
1205001908250146 62.27
1205001908310975 62.27
1205001908370830 62.27
1205001908430685 62.27
1205001908490538 62.27
1205001908550393 62.27
1205001908610249 62.27
1205001908670104 62.27
1205001908730958 62.27
1205001908790845 62.27
1205001908810647 62.29
1205001908860646 62.27
1205001908920549 62.27
1205001908980354 62.27
1205001909040209 62.27
1205001909100064 62.27
1205001909160919 62.27
1205001909220821 62.27
1205001909280629 62.27
1205001909340485 62.27
1205001909400339 62.27
1205001909460192 62.27
1205001909520265 62.27
1205001909580904 62.27
1205001909640759 62.27
1205001909700614 62.27
1205001909760467 62.27
1205001909820366 62.27
1205001909880178 62.27
1205001909940033 62.27
1205002000000145 62.27
1205002000060000 62.27
1205002000120887 62.27
1205002000180709 62.27
1205002000240565 62.27
1205002000300419 62.27
1205002000360275 62.27
1205002000420157 62.27
1205002000480984 62.27
1205002000540839 62.27
1205002000600695 62.27
1205002000660550 62.27
1205002000720559 62.27
1205002000780258 62.27
1205002000840114 62.27
1205002000900969 62.27
1205002000960825 62.27
1205002001020881 62.27
1205002001080533 62.27
1205002001140388 62.27
1205002001200243 62.27
1205002001260099 62.27
1205002001320001 62.27
1205002001380809 62.27
1205002001440663 62.27
1205002001500519 62.27
1205002001560372 62.27
1205002001620260 62.27
1205002001680082 62.27
1205002001740938 62.27
1205002001800825 62.27
1205002001820867 62.27
1205002001870624 62.27
1205002001930478 62.27
1205002001990333 62.27
1205002002050189 62.27
1205002002110042 62.27
1205002002170898 62.27
1205002002230900 62.27
1205002002290609 62.27
1205002002350462 62.27
1205002002410318 62.27
1205002002470173 62.27
1205002002530028 62.27
1205002002590884 62.27
1205002002650739 62.27
1205002002710592 62.27
1205002002770447 62.27
1205002002830302 62.27
1205002002890158 62.27
1205002002950013 62.27
1205002003010869 62.27
1205002003070722 62.27
1205002003130577 62.27
1205002003190432 62.27
1205002003250288 62.27
1205002003310143 62.27
1205002003370997 62.27
1205002003430852 62.27
1205002003490707 62.27
1205002003550563 62.27
1205002003610418 62.27
1205002003670271 62.27
1205002003730126 62.27
1205002003790982 62.27
1205002003850838 62.27
1205002003910693 62.27
1205002003970546 62.27
1205002004030401 62.27
1205002004090257 62.27
1205002004150112 62.29
1205002004210964 62.31
1205002004270824 62.32
1205002004330677 62.36
1205002004390532 62.4
1205002004450385 62.42
1205002004510240 62.42
1205002004570097 62.45
1205002004630953 62.45
1205002004690808 62.45
1205002004750664 62.45
1205002004810548 62.45
1205002004830373 62.47
1205002004880348 62.45
1205002004940204 62.45
1205002005000059 62.45
1205002005060913 62.45
1205002005120800 62.47
1205002005180620 62.47
1205002005240557 62.47
1205002005300328 62.47
1205002005360185 62.49
1205002005420084 62.49
1205002005480897 62.49
1205002005540752 62.49
1205002005600605 62.49
1205002005660459 62.51
1205002005720488 62.51
1205002005780169 62.51
1205002005840028 62.51
1205002005900880 62.51
1205002005960734 62.51
1205002006030799 62.53
1205002006080444 62.51
1205002006140299 62.51
1205002006200154 62.51
1205002006260007 62.51
1205002006320920 62.53
1205002006380718 62.51