1205501207630686 57.82
1205501207690543 57.9
1205501207750398 57.99
1205501207810253 58.06
1205501207870108 58.12
1205501207930962 58.18
1205501207990819 58.25
1205501208050673 58.38
1205501208110530 58.57
1205501208170385 58.75
1205501208230307 58.9
1205501208290090 59.01
1205501208350946 59.03
1205501208410803 59.05
1205501208470658 59.05
1205501208530512 59.05
1205501208590367 59.05
1205501208650222 59.05
1205501208710077 59.05
1205501208770933 59.05
1205501208830786 59.05
1205501208890639 59.09
1205501208950495 59.11
1205501209010350 59.11
1205501209070207 59.14
1205501209130063 59.18
1205501209190916 59.2
1205501209250770 59.22
1205501209310627 59.2
1205501209370482 59.2
1205501209430335 59.2
1205501209490190 59.2
1205501209550046 59.2
1205501209610902 59.2
1205501209670757 59.2
1205501209730610 59.22
1205501209790465 59.2
1205501209850320 59.2
1205501209910177 59.24
1205501209970029 59.22
1205501300030141 59.22
1205501300090000 59.24
1205501300150854 59.24
1205501300210705 59.22
1205501300270564 59.24
1205501300330527 59.24
1205501300350288 59.25
1205501300400249 59.24
1205501300460101 59.22
1205501300520081 59.24
1205501300580814 59.24
1205501300640666 59.22
1205501300700524 59.24
1205501300760380 59.24
1205501300820243 59.25
1205501300880088 59.24
1205501300940944 59.24
1205501301000796 59.25
1205501301060655 59.24
1205501301120510 59.24
1205501301180359 59.25
1205501301240214 59.25
1205501301300069 59.25
1205501301360925 59.25
1205501301420788 59.25
1205501301480636 59.25
1205501301540489 59.25
1205501301600344 59.25
1205501301660200 59.29
1205501301720068 59.33
1205501301780911 59.46
1205501301840766 59.61
1205501301900621 59.68
1205501301960480 59.72
1205501302020455 59.72
1205501302080185 59.74
1205501302140038 59.74
1205501302200894 59.74
1205501302260750 59.74
1205501302320605 59.74
1205501302380458 59.74
1205501302440315 59.76
1205501302500170 59.78
1205501302560023 59.81
1205501302620881 59.87
1205501302680739 60
1205501302740590 60.2
1205501302800443 60.41
1205501302860298 60.54
1205501302920153 60.61
1205501302980008 60.61
1205501303040865 60.61
1205501303100720 60.63
1205501303160575 60.63
1205501303220431 60.63
1205501303280286 60.63
1205501303340233 60.65
1205501303360011 60.67
1205501303410969 60.67
1205501303470825 60.74
1205501303530682 60.87
1205501303590535 61.06
1205501303650392 61.28
1205501303710246 61.41
1205501303770102 61.47
1205501303830961 61.49
1205501303890812 61.47
1205501303950669 61.49
1205501304010524 61.49
1205501304070377 61.47
1205501304130232 61.47
1205501304190088 61.49
1205501304250944 61.49
1205501304310797 61.47
1205501304370654 61.49
1205501304430509 61.51
1205501304490362 61.52
1205501304550214 61.54
1205501304610069 61.54
1205501304670925 61.54
1205501304730781 61.54
1205501304790635 61.54
1205501304850489 61.54
1205501304910344 61.54
1205501304970199 61.54
1205501305030054 61.54
1205501305090910 61.54
1205501305150764 61.54
1205501305210621 61.52
1205501305270475 61.54
1205501305330328 61.54
1205501305390187 61.56
1205501305450040 61.58
1205501305510900 61.6
1205501305570751 61.58
1205501305630606 61.58
1205501305690461 61.58
1205501305750319 61.6
1205501305810173 61.6
1205501305870029 61.6
1205501305930881 61.58
1205501305990890 61.6
1205501306050591 61.58
1205501306110448 61.6
1205501306170298 61.62
1205501306230224 61.71
1205501306290011 61.75
1205501306350947 61.77
1205501306370740 61.8
1205501306420712 61.8
1205501306480549 61.82
1205501306540404 61.82
1205501306600259 61.82
1205501306660113 61.82
1205501306720985 61.84
1205501306780825 61.82
1205501306840678 61.82
1205501306900539 61.86
1205501306960394 61.92
1205501307020388 62.01
1205501307080102 62.08
1205501307140958 62.16
1205501307200811 62.16
1205501307260667 62.16
1205501307320522 62.16
1205501307380377 62.16
1205501307440232 62.16
1205501307500085 62.16
1205501307560938 62.18
1205501307620793 62.18
1205501307680652 62.16
1205501307740507 62.16
1205501307800359 62.18
1205501307860212 62.21
1205501307920069 62.27
1205501307980927 62.32
1205501308040778 62.38
1205501308100631 62.42
1205501308160487 62.42
1205501308220348 62.44
1205501308280197 62.42
1205501308340052 62.42
1205501308400908 62.42
1205501308460761 62.42
1205501308520751 62.42
1205501308580472 62.42
1205501308640327 62.42
1205501308700182 62.42
1205501308760035 62.42
1205501308820892 62.42
1205501308880752 62.44
1205501308940602 62.42
1205501309000463 62.44
1205501309060318 62.44
1205501309120171 62.44
1205501309180026 62.44
1205501309240877 62.42
1205501309300739 62.44
1205501309360664 62.42
1205501309380463 62.45
1205501309430423 62.44
1205501309490278 62.44
1205501309550127 62.42
1205501309610987 62.44
1205501309670843 62.44
1205501309730698 62.44
1205501309790553 62.44
1205501309850407 62.44
1205501309910261 62.44
1205501309970116 62.44
1205501400030225 62.45
1205501400090080 62.45
1205501400150938 62.44
1205501400210794 62.44
1205501400270647 62.44
1205501400330502 62.44
1205501400390357 62.44
1205501400450212 62.44
1205501400510067 62.44
1205501400570922 62.44
1205501400630775 62.45
1205501400690626 62.47
1205501400750481 62.47
1205501400810336 62.47
1205501400870190 62.47
1205501400930045 62.47
1205501400990901 62.47
1205501401050756 62.47
1205501401110611 62.47
1205501401170465 62.47
1205501401230390 62.47
1205501401290175 62.47
1205501401350031 62.47
1205501401410886 62.47
1205501401470741 62.47
1205501401530595 62.47
1205501401590450 62.47
1205501401650305 62.47
1205501401710160 62.47
1205501401770015 62.47
1205501401830869 62.47
1205501401890725 62.47
1205501401950580 62.47
1205501402010435 62.47
1205501402070290 62.47
1205501402130143 62.47
1205501402200000 62.47
1205501402250857 62.49
1205501402310712 62.49
1205501402370638 62.51
1205501402390451 62.55
1205501402440395 62.55
1205501402500250 62.57
1205501402560107 62.58
1205501402620962 62.58
1205501402680817 62.58
1205501402740672 62.58
1205501402800527 62.58
1205501402860382 62.58
1205501402920237 62.58
1205501402980090 62.58
1205501403040947 62.58
1205501403100802 62.58
1205501403160657 62.58
1205501403220512 62.58
1205501403280365 62.58
1205501403340220 62.58
1205501403400076 62.58
1205501403460932 62.58
1205501403520912 62.6
1205501403580642 62.58
1205501403640495 62.58
1205501403700350 62.58
1205501403760206 62.58
1205501403820061 62.58
1205501403880916 62.58
1205501403940770 62.58
1205501404000625 62.58
1205501404060481 62.58
1205501404120336 62.6
1205501404180189 62.6
1205501404240045 62.6
1205501404300901 62.6
1205501404360756 62.6
1205501404420612 62.6
1205501404480464 62.6
1205501404540320 62.6
1205501404600175 62.6
1205501404660030 62.6
1205501404720899 62.6
1205501404780893 62.6
1205501404840594 62.6
1205501404900449 62.6
1205501404960304 62.6
1205501405020286 62.6
1205501405080014 62.6
1205501405140869 62.62
1205501405200724 62.64
1205501405260579 62.64
1205501405320432 62.66
1205501405380401 62.66
1205501405400181 62.68
1205501405450118 62.66
1205501405510973 62.66
1205501405570831 62.64
1205501405630684 62.66
1205501405690537 62.66
1205501405750395 62.64
1205501405810248 62.66
1205501405870105 62.64
1205501405930961 62.64
1205501405990814 62.66
1205501406050671 62.64
1205501406110522 62.66
1205501406170377 62.66
1205501406230303 62.66
1205501406290087 62.66
1205501406350942 62.66
1205501406410797 62.66
1205501406470653 62.66
1205501406530507 62.66
1205501406590363 62.66
1205501406650218 62.66
1205501406710071 62.66
1205501406770935 62.68
1205501406830783 62.66
1205501406890643 62.7
1205501406950499 62.68
1205501407010354 62.68
1205501407070207 62.7
1205501407130060 62.73
1205501407190916 62.73
1205501407250772 62.73
1205501407310624 62.73
1205501407370480 62.73
1205501407430335 62.73
1205501407490190 62.73
1205501407550045 62.73
1205501407610901 62.73
1205501407670755 62.73
1205501407730610 62.73
1205501407790465 62.73
1205501407850320 62.73
1205501407910175 62.73
1205501407970027 62.75
1205501408030885 62.73
1205501408090740 62.73
1205501408150595 62.73
1205501408210450 62.73
1205501408270303 62.73
1205501408330159 62.73
1205501408390100 62.73
1205501408410883 62.77
1205501408460845 62.73
1205501408520835 62.73
1205501408580555 62.73
1205501408640411 62.73
1205501408700266 62.73
1205501408760119 62.73
1205501408820975 62.73
1205501408880830 62.73
1205501408940683 62.75
1205501409000541 62.73
1205501409060394 62.73
1205501409120249 62.73
1205501409180102 62.75
1205501409240960 62.73
1205501409300813 62.75
1205501409360666 62.75
1205501409420522 62.75
1205501409480377 62.75
1205501409540232 62.75
1205501409600087 62.75
1205501409660941 62.75
1205501409720810 62.75
1205501409780652 62.75
1205501409840507 62.75
1205501409900362 62.75
1205501409960215 62.75
1205501500020452 62.75
1205501500080183 62.73
1205501500140038 62.73
1205501500200893 62.75
1205501500260746 62.75
1205501500320601 62.75
1205501500380456 62.75
1205501500440313 62.73
1205501500500166 62.75
1205501500560022 62.75
1205501500620878 62.75
1205501500680735 62.73
1205501500740586 62.75
1205501500800441 62.75
1205501500860296 62.75
1205501500920152 62.75
1205501500980007 62.73
1205501501040862 62.75
1205501501100718 62.73
1205501501160572 62.75
1205501501220441 62.73
1205501501280282 62.73
1205501501340135 62.75
1205501501400065 62.75
1205501501420076 62.75
1205501501470823 62.73
1205501501530677 62.75
1205501501590532 62.75
1205501501650387 62.75
1205501501710242 62.75
1205501501770093 62.79
1205501501830950 62.81
1205501501890805 62.85
1205501501950660 62.86
1205501502010515 62.86
1205501502070372 62.88
1205501502130225 62.88
1205501502190080 62.88
1205501502250937 62.88
1205501502310790 62.86
1205501502370645 62.88
1205501502430500 62.88
1205501502490355 62.88
1205501502550211 62.88
1205501502610066 62.88
1205501502670921 62.88
1205501502730773 62.9
1205501502790628 62.94
1205501502850491 62.96
1205501502910338 62.94
1205501502970368 62.94
1205501503030055 62.96
1205501503090912 62.96
1205501503150766 62.96
1205501503210621 62.96
1205501503270475 62.96
1205501503330322 62.98
1205501503390177 62.98
1205501503450032 62.99
1205501503510888 63.01
1205501503570859 63.01
1205501503630597 63.01
1205501503690452 63.01
1205501503750311 63.03
1205501503810162 63.01
1205501503870017 63.01
1205501503930871 63.01
1205501503990727 63.01
1205501504050582 63.01
1205501504110438 63.01
1205501504170330 62.96
1205501504230220 62.86
1205501504290001 62.77
1205501504350859 62.75
1205501504410787 62.75
1205501504430612 62.77
1205501504480544 62.75
1205501504540397 62.77
1205501504600254 62.75
1205501504660107 62.77
1205501504720977 62.77
1205501504780818 62.77
1205501504840672 62.77
1205501504900527 62.77
1205501504960382 62.77
1205501505020370 62.77
1205501505080092 62.77
1205501505140947 62.77
1205501505200802 62.77
1205501505260657 62.77
1205501505320512 62.77
1205501505380367 62.77
1205501505440221 62.77
1205501505500076 62.77
1205501505560932 62.77
1205501505620788 62.77
1205501505680642 62.77
1205501505740496 62.77
1205501505800351 62.77
1205501505860206 62.77
1205501505920061 62.77
1205501505980918 62.77
1205501506040771 62.77
1205501506100626 62.77
1205501506160481 62.77
1205501506220336 62.77
1205501506280191 62.77
1205501506340044 62.77
1205501506400900 62.77
1205501506460756 62.77
1205501506520738 62.77
1205501506580466 62.81
1205501506640320 62.85
1205501506700174 62.86
1205501506760030 62.86
1205501506820886 62.86
1205501506880741 62.86
1205501506940594 62.86
1205501507000449 62.86
1205501507060305 62.86
1205501507120160 62.86
1205501507180015 62.86
1205501507240870 62.86
1205501507300725 62.85
1205501507360580 62.86
1205501507420603 62.86
1205501507440337 62.88
1205501507490265 62.86
1205501507550120 62.9
1205501507610984 62.96
1205501507670831 62.98
1205501507730686 62.98
1205501507790541 62.98
1205501507850394 62.98
1205501507910249 62.98
1205501507970105 62.98
1205501508030961 62.98
1205501508090816 62.98
1205501508150669 62.98
1205501508210525 62.98
1205501508270383 63.03
1205501508330235 63.05
1205501508390090 63.07
1205501508450946 63.05
1205501508510799 63.07
1205501508570654 63.09
1205501508630509 63.14
1205501508690369 63.12
1205501508750224 63.12
1205501508810075 63.14
1205501508870929 63.14
1205501508930785 63.14
1205501508990639 63.14
1205501509050494 63.14
1205501509110349 63.14
1205501509170204 63.14
1205501509230134 63.14
1205501509290914 63.14
1205501509350769 63.14
1205501509410628 63.12
1205501509470479 63.14
1205501509530335 63.14
1205501509590188 63.14
1205501509650047 63.16
1205501509710899 63.14
1205501509770754 63.14
1205501509830609 63.14
1205501509890463 63.14
1205501509950318 63.14
1205501600010429 63.14
1205501600070288 63.16
1205501600130143 63.16
1205501600190997 63.16
1205501600250849 63.14
1205501600310704 63.14
1205501600370561 63.16
1205501600430514 63.14
1205501600450290 63.16
1205501600500244 63.14
1205501600560103 63.16
1205501600620953 63.14
1205501600680812 63.16
1205501600740668 63.16
1205501600800519 63.14
1205501600860374 63.14
1205501600920227 63.14
1205501600980082 63.14
1205501601040938 63.14
1205501601100793 63.14
1205501601160826 63.14
1205501601220502 63.14
1205501601280357 63.14
1205501601340216 63.16
1205501601400071 63.16
1205501601460923 63.14
1205501601520912 63.14
1205501601580632 63.14
1205501601640487 63.14
1205501601700346 63.16
1205501601760353 63.16
1205501601820053 63.14
1205501601880907 63.14
1205501601940763 63.14
1205501602000618 63.14
1205501602060473 63.14
1205501602120342 63.14
1205501602180181 63.14
1205501602240037 63.14
1205501602300893 63.14
1205501602360794 63.14
1205501602420603 63.14
1205501602480456 63.14
1205501602540311 63.14
1205501602600166 63.14
1205501602660022 63.14
1205501602720909 63.14
1205501602780735 63.16
1205501602840586 63.14
1205501602900441 63.14
1205501602960310 63.14
1205501603020283 63.14
1205501603080009 63.16
1205501603140865 63.16
1205501603200716 63.14
1205501603260572 63.14
1205501603320425 63.14
1205501603380281 63.14
1205501603440224 63.16
1205501603460014 63.16
1205501603510968 63.14
1205501603570821 63.14
1205501603630677 63.14
1205501603690532 63.14
1205501603750390 63.16
1205501603810242 63.14
1205501603870097 63.14
1205501603930951 63.14
1205501603990806 63.14
1205501604050661 63.14
1205501604110516 63.14
1205501604170372 63.14
1205501604230301 63.14
1205501604290081 63.14
1205501604350940 63.16
1205501604410791 63.14
1205501604470647 63.14
1205501604530500 63.14
1205501604590355 63.14
1205501604650211 63.14
1205501604710066 63.14
1205501604770922 63.14
1205501604830776 63.14
1205501604890631 63.14
1205501604950490 63.16
1205501605010341 63.14
1205501605070196 63.14
1205501605130049 63.14
1205501605190905 63.14
1205501605250760 63.14
1205501605310616 63.14
1205501605370475 63.16
1205501605430326 63.14
1205501605490179 63.14
1205501605550034 63.14
1205501605610890 63.14
1205501605670746 63.14
1205501605730599 63.14
1205501605790454 63.14
1205501605850310 63.14
1205501605910164 63.14
1205501605970020 63.14
1205501606030878 63.16
1205501606090729 63.14
1205501606150588 63.16
1205501606210440 63.14
1205501606270295 63.14
1205501606330149 63.14
1205501606390003 63.14
1205501606450938 63.16
1205501606470735 63.16
1205501606520826 63.14
1205501606580546 63.14
1205501606640399 63.14
1205501606700258 63.16
1205501606760110 63.14
1205501606820964 63.14
1205501606880819 63.14
1205501606940674 63.14
1205501607000529 63.14
1205501607060388 63.16
1205501607120238 63.14
1205501607180097 63.16
1205501607240949 63.14
1205501607300804 63.14
1205501607360660 63.14
1205501607420519 63.16
1205501607480368 63.14
1205501607540223 63.14
1205501607600082 63.16
1205501607660934 63.14
1205501607720833 63.14
1205501607780643 63.14
1205501607840498 63.14
1205501607900357 63.16
1205501607960208 63.14
1205501608020200 63.14
1205501608080920 63.14
1205501608140773 63.14
1205501608200628 63.14
1205501608260483 63.14
1205501608320338 63.14
1205501608380194 63.14
1205501608440048 63.14
1205501608500906 63.16
1205501608560758 63.14
1205501608620613 63.14
1205501608680468 63.14
1205501608740323 63.14
1205501608800178 63.14
1205501608860032 63.14
1205501608920888 63.14
1205501608980743 63.14
1205501609040598 63.14
1205501609100453 63.14
1205501609160306 63.14
1205501609220162 63.14
1205501609280017 63.14
1205501609340873 63.14
1205501609400727 63.14
1205501609460664 63.16
1205501609480460 63.16
1205501609530413 63.14
1205501609590269 63.14
1205501609650126 63.16
1205501609710982 63.16
1205501609770833 63.14
1205501609830688 63.14
1205501609890547 63.16
1205501609950525 63.16
1205501700010511 63.16
1205501700070366 63.16
1205501700130222 63.16
1205501700190077 63.16
1205501700250932 63.16
1205501700310787 63.16
1205501700370638 63.14
1205501700430497 63.16
1205501700490346 63.14
1205501700550274 63.16
1205501700610060 63.16
1205501700670913 63.14
1205501700730772 63.16
1205501700790625 63.16
1205501700850480 63.16
1205501700910336 63.16
1205501700970187 63.18
1205501701030042 63.18
1205501701090896 63.18
1205501701150765 63.18
1205501701210606 63.18
1205501701270462 63.18
1205501701330319 63.2
1205501701390172 63.18
1205501701450026 63.18
1205501701510881 63.18
1205501701570737 63.18
1205501701630590 63.18
1205501701690445 63.18
1205501701750314 63.18
1205501701810156 63.18
1205501701870013 63.2
1205501701930868 63.18
1205501701990720 63.18
1205501702050578 63.2
1205501702110431 63.18
1205501702170286 63.18
1205501702230221 63.18
1205501702290995 63.18
1205501702350850 63.18
1205501702410705 63.18
1205501702470641 63.2
1205501702490433 63.18
1205501702540390 63.18
1205501702600245 63.18
1205501702660101 63.18
1205501702730000 63.2
1205501702780814 63.2
1205501702840665 63.22
1205501702900520 63.22
1205501702960378 63.29
1205501703020367 63.33
1205501703080090 63.37
1205501703140946 63.4
1205501703200795 63.42
1205501703260651 63.42
1205501703320506 63.42
1205501703380361 63.42
1205501703440215 63.42
1205501703500070 63.42
1205501703560928 63.44
1205501703620781 63.42
1205501703680636 63.42
1205501703740491 63.44
1205501703800346 63.46
1205501703860205 63.48
1205501703920055 63.5
1205501703980913 63.52
1205501704040765 63.53
1205501704100621 63.52
1205501704160477 63.55
1205501704220332 63.55
1205501704280187 63.57
1205501704340042 63.55
1205501704400896 63.57
1205501704460751 63.55
1205501704520751 63.57
1205501704580461 63.55
1205501704640317 63.57
1205501704700170 63.57
1205501704760025 63.55
1205501704820881 63.55
1205501704880737 63.57
1205501704940590 63.55
1205501705000446 63.57
1205501705060300 63.57
1205501705120155 63.57
1205501705180008 63.61
1205501705240865 63.59
1205501705300720 63.59
1205501705360573 63.59
1205501705420428 63.59
1205501705480362 63.59
1205501705500156 63.61
1205501705550113 63.59
1205501705610969 63.59
1205501705670824 63.59
1205501705730679 63.59
1205501705790534 63.59
1205501705850388 63.59
1205501705910243 63.59
1205501705970098 63.59