1205500105890020 57.77
1205500105950978 57.99
1205500105970751 58.06
1205500106020724 58.25
1205500106080561 58.42
1205500106140415 58.53
1205500106200274 58.6
1205500106260127 58.66
1205500106320983 58.71
1205500106380839 58.81
1205500106440692 58.9
1205500106500545 59.01
1205500106560401 59.03
1205500106620256 59.01
1205500106680109 59.01
1205500106740965 59.03
1205500106800822 59.05
1205500106860675 59.11
1205500106920535 59.12
1205500106980389 59.16
1205500107040243 59.16
1205500107100096 59.2
1205500107160954 59.24
1205500107220809 59.24
1205500107280664 59.24
1205500107340662 59.24
1205500107400373 59.24
1205500107460229 59.24
1205500107520088 59.24
1205500107580938 59.24
1205500107640789 59.25
1205500107700644 59.25
1205500107760499 59.25
1205500107820355 59.25
1205500107880210 59.25
1205500107940114 59.25
1205500108000919 59.25
1205500108060774 59.25
1205500108120632 59.27
1205500108180483 59.29
1205500108240338 59.29
1205500108300193 59.31
1205500108360049 59.29
1205500108420905 59.29
1205500108480758 59.29
1205500108540627 59.33
1205500108600468 59.33
1205500108660325 59.35
1205500108720181 59.35
1205500108780036 59.35
1205500108840890 59.35
1205500108900745 59.35
1205500108960696 59.35
1205500108980471 59.38
1205500109030430 59.35
1205500109090285 59.35
1205500109150141 59.37
1205500109210997 59.37
1205500109270850 59.37
1205500109330705 59.35
1205500109390560 59.37
1205500109450416 59.35
1205500109510351 59.38
1205500109570124 59.4
1205500109630980 59.42
1205500109690835 59.46
1205500109750689 59.57
1205500109810618 59.63
1205500109870401 59.61
1205500109930254 59.61
1205500109990109 59.63
1205500200050220 59.63
1205500200110181 59.63
1205500200170931 59.63
1205500200230806 59.63
1205500200290639 59.65
1205500200350495 59.65
1205500200410426 59.72
1205500200470203 59.91
1205500200530056 60.11
1205500200590912 60.22
1205500200650767 60.26
1205500200710623 60.26
1205500200770478 60.26
1205500200830333 60.26
1205500200890186 60.26
1205500200950043 60.3
1205500201010010 60.32
1205500201070756 60.32
1205500201130611 60.32
1205500201190462 60.33
1205500201250316 60.33
1205500201310267 60.33
1205500201370026 60.37
1205500201430882 60.37
1205500201490738 60.37
1205500201550591 60.39
1205500201610446 60.39
1205500201670301 60.37
1205500201730157 60.37
1205500201790012 60.39
1205500201850866 60.37
1205500201910721 60.39
1205500201970663 60.39
1205500201990449 60.41
1205500202040407 60.39
1205500202100261 60.41
1205500202160117 60.43
1205500202220973 60.43
1205500202280828 60.43
1205500202340681 60.43
1205500202400536 60.43
1205500202460392 60.43
1205500202520276 60.43
1205500202580100 60.43
1205500202640956 60.43
1205500202700811 60.43
1205500202760667 60.43
1205500202820522 60.43
1205500202880377 60.43
1205500202940230 60.43
1205500203000085 60.43
1205500203060942 60.43
1205500203120796 60.43
1205500203180652 60.41
1205500203240507 60.43
1205500203300360 60.43
1205500203360215 60.43
1205500203420071 60.43
1205500203480925 60.43
1205500203540781 60.43
1205500203600635 60.43
1205500203660491 60.43
1205500203720346 60.43
1205500203780201 60.43
1205500203840056 60.43
1205500203900910 60.43
1205500203960765 60.43
1205500204020699 60.43
1205500204080476 60.43
1205500204140329 60.43
1205500204200184 60.43
1205500204260039 60.41
1205500204320896 60.43
1205500204380751 60.43
1205500204440604 60.43
1205500204500461 60.43
1205500204560315 60.43
1205500204620170 60.43
1205500204680025 60.43
1205500204740879 60.45
1205500204800734 60.45
1205500204860590 60.45
1205500204920445 60.45
1205500204980392 60.48
1205500205000174 60.5
1205500205050132 60.5
1205500205110076 60.5
1205500205170843 60.5
1205500205230717 60.5
1205500205290553 60.52
1205500205350406 60.52
1205500205410371 60.5
1205500205470116 60.52
1205500205530079 60.52
1205500205590826 60.52
1205500205650681 60.52
1205500205710536 60.52
1205500205770391 60.52
1205500205830247 60.52
1205500205890102 60.52
1205500205950958 60.52
1205500206010901 60.52
1205500206070667 60.52
1205500206130547 60.52
1205500206190375 60.52
1205500206250230 60.52
1205500206310198 60.52
1205500206370941 60.52
1205500206430797 60.52
1205500206490650 60.52
1205500206550505 60.52
1205500206610450 60.52
1205500206670215 60.52
1205500206730084 60.52
1205500206790927 60.52
1205500206850780 60.52
1205500206910721 60.52
1205500206970490 60.52
1205500207030345 60.52
1205500207090201 60.52
1205500207150056 60.52
1205500207210012 60.52
1205500207270765 60.52
1205500207330620 60.52
1205500207390475 60.52
1205500207450330 60.52
1205500207510279 60.52
1205500207570039 60.52
1205500207630893 60.54
1205500207690752 60.56
1205500207750603 60.58
1205500207810541 60.58
1205500207870312 60.58
1205500207930167 60.58
1205500207990109 60.58
1205500208010896 60.59
1205500208060853 60.58
1205500208120709 60.58
1205500208180563 60.58
1205500208240423 60.56
1205500208300273 60.58
1205500208360127 60.58
1205500208420983 60.58
1205500208480838 60.58
1205500208540693 60.58
1205500208600548 60.58
1205500208660402 60.58
1205500208720257 60.58
1205500208780112 60.58
1205500208840968 60.58
1205500208900823 60.59
1205500208960678 60.58
1205500209020598 60.59
1205500209080387 60.59
1205500209140243 60.58
1205500209200098 60.59
1205500209260952 60.59
1205500209320807 60.59
1205500209380662 60.59
1205500209440517 60.59
1205500209500372 60.59
1205500209560226 60.59
1205500209620081 60.59
1205500209680937 60.59
1205500209740792 60.58
1205500209800647 60.59
1205500209860500 60.59
1205500209920356 60.59
1205500209980211 60.59
1205500300040322 60.59
1205500300100177 60.59
1205500300160032 60.61
1205500300220886 60.61
1205500300280743 60.63
1205500300340597 60.67
1205500300400452 60.67
1205500300460305 60.67
1205500300520205 60.67
1205500300580016 60.67
1205500300640872 60.67
1205500300700727 60.67
1205500300760580 60.67
1205500300820436 60.67
1205500300880291 60.67
1205500300940148 60.69
1205500301000089 60.67
1205500301020143 60.67
1205500301070832 60.67
1205500301130687 60.67
1205500301190545 60.69
1205500301250396 60.67
1205500301310362 60.69
1205500301370108 60.69
1205500301430962 60.67
1205500301490817 60.67
1205500301550673 60.69
1205500301610528 60.69
1205500301670381 60.67
1205500301730250 60.67
1205500301790091 60.67
1205500301850949 60.69
1205500301910802 60.69
1205500301970658 60.69
1205500302030511 60.67
1205500302090368 60.69
1205500302150222 60.69
1205500302210194 60.69
1205500302270931 60.67
1205500302330784 60.67
1205500302390641 60.69
1205500302450497 60.69
1205500302510461 60.69
1205500302570207 60.69
1205500302630062 60.69
1205500302690916 60.69
1205500302750772 60.69
1205500302810726 60.69
1205500302870480 60.67
1205500302930337 60.69
1205500302990190 60.69
1205500303050046 60.69
1205500303110992 60.69
1205500303170757 60.69
1205500303230632 60.69
1205500303290467 60.69
1205500303350320 60.69
1205500303410174 60.67
1205500303470031 60.69
1205500303530886 60.69
1205500303590741 60.69
1205500303650596 60.69
1205500303710451 60.69
1205500303770307 60.69
1205500303830160 60.69
1205500303890015 60.69
1205500303950871 60.69
1205500304010814 60.69
1205500304030639 60.72
1205500304080557 60.69
1205500304140411 60.69
1205500304200266 60.69
1205500304260122 60.69
1205500304320989 60.69
1205500304380831 60.69
1205500304440686 60.69
1205500304500541 60.69
1205500304560396 60.69
1205500304620252 60.69
1205500304680105 60.69
1205500304740961 60.69
1205500304800816 60.69
1205500304860671 60.69
1205500304920538 60.69
1205500304980380 60.69
1205500305040235 60.69
1205500305100090 60.69
1205500305160946 60.69
1205500305220802 60.69
1205500305280655 60.69
1205500305340508 60.67
1205500305400365 60.69
1205500305460220 60.69
1205500305520287 60.69
1205500305580930 60.69
1205500305640785 60.69
1205500305700640 60.69
1205500305760494 60.67
1205500305820347 60.67
1205500305880204 60.69
1205500305940059 60.69
1205500306000915 60.69
1205500306060770 60.69
1205500306120626 60.69
1205500306180477 60.67
1205500306240334 60.69
1205500306300189 60.69
1205500306360044 60.69
1205500306420900 60.69
1205500306480752 60.67
1205500306540609 60.69
1205500306600464 60.69
1205500306660319 60.69
1205500306720226 60.69
1205500306780028 60.69
1205500306840884 60.69
1205500306900739 60.69
1205500306960594 60.69
1205500307020570 60.69
1205500307040335 60.72
1205500307090279 60.69
1205500307150134 60.69
1205500307210101 60.69
1205500307270843 60.69
1205500307330699 60.69
1205500307390554 60.69
1205500307450409 60.69
1205500307510373 60.69
1205500307570119 60.71
1205500307630974 60.71
1205500307690829 60.71
1205500307750684 60.71
1205500307810657 60.71
1205500307870395 60.71
1205500307930248 60.71
1205500307990103 60.71
1205500308050959 60.71
1205500308110814 60.72
1205500308170668 60.71
1205500308230556 60.71
1205500308290378 60.71
1205500308350234 60.71
1205500308410186 60.72
1205500308470944 60.72
1205500308530798 60.72
1205500308590651 60.74
1205500308650508 60.72
1205500308710363 60.71
1205500308770216 60.72
1205500308830072 60.76
1205500308890929 60.78
1205500308950785 60.78
1205500309010640 60.78
1205500309070495 60.78
1205500309130348 60.78
1205500309190203 60.8
1205500309250059 60.78
1205500309310915 60.8
1205500309370767 60.82
1205500309430623 60.8
1205500309490478 60.8
1205500309550334 60.8
1205500309610189 60.8
1205500309670044 60.8
1205500309730899 60.8
1205500309790754 60.8
1205500309850605 60.82
1205500309910618 60.8
1205500309970319 60.8
1205500400030561 60.8
1205500400050313 60.8
1205500400100259 60.8
1205500400160115 60.8
1205500400220971 60.8
1205500400280826 60.8
1205500400340679 60.8
1205500400400530 60.82
1205500400460389 60.8
1205500400520327 60.8
1205500400580096 60.82
1205500400640954 60.78
1205500400700809 60.8
1205500400760664 60.8
1205500400820519 60.8
1205500400880375 60.8
1205500400940228 60.8
1205500401000079 60.82
1205500401060940 60.8
1205500401120789 60.82
1205500401180648 60.8
1205500401240499 60.82
1205500401300358 60.8
1205500401360213 60.8
1205500401420065 60.82
1205500401480923 60.8
1205500401540778 60.8
1205500401600629 60.82
1205500401660488 60.8
1205500401720344 60.8
1205500401780197 60.8
1205500401840052 60.8
1205500401900909 60.8
1205500401960763 60.8
1205500402020636 60.8
1205500402080472 60.8
1205500402140323 60.82
1205500402200182 60.8
1205500402260038 60.8
1205500402320888 60.82
1205500402380747 60.8
1205500402440603 60.8
1205500402500458 60.8
1205500402560307 60.82
1205500402620163 60.82
1205500402680021 60.8
1205500402740878 60.8
1205500402800729 60.82
1205500402860586 60.8
1205500402920442 60.8
1205500402980292 60.82
1205500403040265 60.82
1205500403060022 60.82
1205500403110092 60.8
1205500403170839 60.8
1205500403230716 60.82
1205500403290548 60.8
1205500403350403 60.8
1205500403410254 60.82
1205500403470112 60.8
1205500403530968 60.8
1205500403590823 60.8
1205500403650678 60.8
1205500403710529 60.82
1205500403770382 60.82
1205500403830241 60.8
1205500403890093 60.82
1205500403950949 60.82
1205500404010804 60.82
1205500404070657 60.82
1205500404130513 60.82
1205500404190372 60.8
1205500404250223 60.82
1205500404310082 60.8
1205500404370934 60.82
1205500404430792 60.8
1205500404490643 60.82
1205500404550498 60.82
1205500404610353 60.82
1205500404670206 60.82
1205500404730065 60.8
1205500404790917 60.82
1205500404850773 60.82
1205500404910632 60.8
1205500404970481 60.82
1205500405030336 60.82
1205500405090191 60.82
1205500405150050 60.8
1205500405210907 60.8
1205500405270760 60.8
1205500405330611 60.82
1205500405390467 60.82
1205500405450322 60.82
1205500405510181 60.8
1205500405570030 60.82
1205500405630890 60.8
1205500405690741 60.82
1205500405750601 60.8
1205500405810452 60.82
1205500405870305 60.82
1205500405930160 60.82
1205500405990016 60.82
1205500406050962 60.82
1205500406070745 60.82
1205500406120701 60.82
1205500406180556 60.82
1205500406240411 60.82
1205500406300266 60.82
1205500406360122 60.82
1205500406420976 60.82
1205500406480832 60.82
1205500406540687 60.82
1205500406600546 60.8
1205500406660397 60.82
1205500406720250 60.82
1205500406780105 60.82
1205500406840962 60.82
1205500406900819 60.84
1205500406960672 60.84
1205500407020588 60.84
1205500407080382 60.84
1205500407140236 60.82
1205500407200091 60.82
1205500407260947 60.82
1205500407320802 60.84
1205500407380657 60.84
1205500407440512 60.84
1205500407500534 60.84
1205500407560223 60.84
1205500407620078 60.84
1205500407680932 60.84
1205500407740787 60.84
1205500407800643 60.84
1205500407860498 60.84
1205500407920353 60.84
1205500407980206 60.84
1205500408040062 60.84
1205500408100016 60.84
1205500408160773 60.84
1205500408220626 60.84
1205500408280481 60.84
1205500408340337 60.84
1205500408400192 60.84
1205500408460047 60.84
1205500408520980 60.84
1205500408580756 60.84
1205500408640612 60.84
1205500408700479 60.84
1205500408760322 60.84
1205500408820175 60.84
1205500408880030 60.84
1205500408940885 60.85
1205500409000742 60.84
1205500409060683 60.84
1205500409080471 60.87
1205500409130427 60.84
1205500409190282 60.84
1205500409250135 60.85
1205500409310991 60.84
1205500409370844 60.85
1205500409430700 60.85
1205500409490555 60.85
1205500409550410 60.85
1205500409610263 60.85
1205500409670120 60.84
1205500409730975 60.85
1205500409790830 60.85
1205500409850685 60.85
1205500409910542 60.84
1205500409970395 60.84
1205500500030504 60.85
1205500500090362 60.84
1205500500150215 60.85
1205500500210181 60.85
1205500500270924 60.85
1205500500330779 60.85
1205500500390634 60.85
1205500500450491 60.84
1205500500510344 60.85
1205500500570202 60.84
1205500500630054 60.84
1205500500690908 60.85
1205500500750764 60.85
1205500500810732 60.85
1205500500870474 60.85
1205500500930329 60.85
1205500500990182 60.85
1205500501050040 60.84
1205500501110894 60.85
1205500501170749 60.85
1205500501230634 60.85
1205500501290458 60.85
1205500501350313 60.85
1205500501410168 60.85
1205500501470021 60.85
1205500501530878 60.85
1205500501590733 60.85
1205500501650588 60.85
1205500501710447 60.87
1205500501770298 60.85
1205500501830151 60.85
1205500501890006 60.85
1205500501950863 60.85
1205500502010718 60.85
1205500502070659 60.85
1205500502090449 60.87
1205500502140403 60.85
1205500502200258 60.85
1205500502260113 60.85
1205500502320973 60.87
1205500502380822 60.85
1205500502440678 60.85
1205500502500537 60.87
1205500502560390 60.91
1205500502620242 60.89
1205500502680098 60.91
1205500502740955 60.91
1205500502800810 60.91
1205500502860663 60.93
1205500502920520 60.91
1205500502980371 60.93
1205500503040227 60.93
1205500503100082 60.93
1205500503160938 60.93
1205500503220791 60.93
1205500503280646 60.93
1205500503340502 60.93
1205500503400357 60.93
1205500503460212 60.93
1205500503520100 60.93
1205500503580921 60.93
1205500503640777 60.93
1205500503700631 60.93
1205500503760489 60.91
1205500503820342 60.95
1205500503880197 60.93
1205500503940050 60.93
1205500504000906 60.93
1205500504060762 60.95
1205500504120617 60.95
1205500504180472 60.95
1205500504240325 60.95
1205500504300180 60.95
1205500504360036 60.95
1205500504420892 60.95
1205500504480745 60.95
1205500504540601 60.95
1205500504600456 60.95
1205500504660312 60.95
1205500504720166 60.95
1205500504780019 60.95
1205500504840875 60.95
1205500504900731 60.95
1205500504960586 60.95
1205500505020480 60.95
1205500505080380 60.95
1205500505100182 60.97
1205500505150126 60.95
1205500505210982 60.95
1205500505270837 60.95
1205500505330690 60.95
1205500505390546 60.95
1205500505450401 60.97
1205500505510256 60.95
1205500505570109 60.95
1205500505630965 60.95
1205500505690967 60.95
1205500505750676 60.95
1205500505810531 60.97
1205500505870386 60.95
1205500505930241 60.97
1205500505990094 60.95
1205500506050951 60.95
1205500506110806 60.95
1205500506170661 60.95
1205500506230547 60.95
1205500506290481 60.95
1205500506350224 60.95
1205500506410079 60.97
1205500506470936 60.95
1205500506530791 60.97
1205500506590646 60.97
1205500506650499 60.97
1205500506710355 60.95
1205500506770209 60.95
1205500506830065 60.95
1205500506890932 60.97
1205500506950774 60.95
1205500507010629 60.95
1205500507070484 60.95
1205500507130340 60.95
1205500507190195 60.95
1205500507250050 60.95
1205500507310904 60.95
1205500507370759 60.97
1205500507430615 60.95
1205500507490482 60.95
1205500507550323 60.95
1205500507610178 60.95
1205500507670034 60.97
1205500507730888 60.95
1205500507790745 60.95
1205500507850598 60.95
1205500507910453 60.95
1205500507970308 60.95
1205500508030163 60.95
1205500508090143 60.97
1205500508110909 60.95
1205500508160849 60.95
1205500508220704 60.95
1205500508280559 60.95
1205500508340415 60.95
1205500508400268 60.95
1205500508460123 60.95
1205500508520048 60.97
1205500508580834 60.95
1205500508640689 60.95
1205500508700545 60.95
1205500508760398 60.95
1205500508820253 60.95
1205500508880108 60.95
1205500508940963 60.95
1205500509000818 60.95
1205500509060673 60.95
1205500509120529 60.95
1205500509180384 60.97
1205500509240238 60.95
1205500509300092 60.95
1205500509360948 60.95
1205500509420803 60.95
1205500509480658 60.97
1205500509540514 60.97
1205500509600367 60.97
1205500509660222 60.95
1205500509720081 60.95
1205500509780934 60.95
1205500509840789 60.95
1205500509900644 60.95
1205500509960497 60.95
1205500600020691 60.95
1205500600080464 60.95
1205500600140320 60.95
1205500600200172 60.97
1205500600260028 60.95
1205500600320884 60.95
1205500600380739 60.97
1205500600440592 60.95
1205500600500448 60.95
1205500600560303 60.95
1205500600620158 60.95
1205500600680013 60.97
1205500600740868 60.95
1205500600800723 60.95
1205500600860578 60.95
1205500600920433 60.95
1205500600980288 60.95
1205500601040142 60.95
1205500601100101 60.95
1205500601120899 60.98
1205500601170830 60.95
1205500601230722 60.95
1205500601290539 60.97
1205500601350393 60.95
1205500601410248 60.95
1205500601470104 60.95
1205500601530958 60.97
1205500601590813 60.97
1205500601650668 60.95
1205500601710523 60.95
1205500601770379 60.95
1205500601830233 60.95
1205500601890087 60.97
1205500601950943 60.97
1205500602010799 60.97
1205500602070652 60.95
1205500602130507 60.95
1205500602190362 60.97
1205500602250218 60.95
1205500602310073 60.95
1205500602370927 60.95
1205500602430782 60.97
1205500602490637 60.95
1205500602550492 60.97
1205500602610348 60.97
1205500602670203 60.97
1205500602730056 60.97
1205500602790912 60.97
1205500602850769 60.98
1205500602910624 60.98
1205500602970479 60.98
1205500603030335 60.98
1205500603090188 60.98
1205500603150043 60.98
1205500603210899 60.98
1205500603270754 60.98
1205500603330608 60.98
1205500603390463 60.98
1205500603450318 60.98
1205500603510173 60.98
1205500603570028 60.98
1205500603630883 60.98
1205500603690738 60.98
1205500603750593 60.98
1205500603810449 60.98
1205500603870304 61
1205500603930157 60.98
1205500603990012 60.98
1205500604050868 60.98
1205500604110924 60.98
1205500604130621 61.02
1205500604180553 60.98
1205500604240408 60.98
1205500604300263 60.98
1205500604360119 60.98
1205500604420977 61
1205500604480892 61
1205500604540685 61
1205500604600540 61
1205500604660395 61
1205500604720251 61
1205500604780100 61.02
1205500604840961 61
1205500604900815 61
1205500604960670 61
1205500605020579 61
1205500605080393 61
1205500605140234 61
1205500605200089 61
1205500605260944 61
1205500605320799 61
1205500605380654 61
1205500605440509 61
1205500605500364 61
1205500605560218 61
1205500605620073 61
1205500605680929 61
1205500605740781 61.02
1205500605800639 61
1205500605860495 61
1205500605920348 61
1205500605980203 61
1205500606040058 61
1205500606100915 61
1205500606160770 61
1205500606220623 61
1205500606280478 61
1205500606340334 61
1205500606400189 61
1205500606460042 61
1205500606520973 61
1205500606580753 61
1205500606640609 61
1205500606700464 61
1205500606760317 61
1205500606820172 61
1205500606880028 61
1205500606940884 61
1205500607000739 61
1205500607060594 61
1205500607120578 61
1205500607140339 61.02
1205500607190278 61
1205500607250134 61
1205500607310988 61
1205500607370843 61
1205500607430695 61.02
1205500607490553 61
1205500607550409 61
1205500607610264 61
1205500607670113 61.02
1205500607730973 61
1205500607790828 61
1205500607850679 61.02
1205500607910539 61
1205500607970392 61
1205500608030243 61.02
1205500608090102 61
1205500608150959 61
1205500608210812 61
1205500608270667 61
1205500608330523 61
1205500608390378 61
1205500608450229 61.02
1205500608510082 61.02
1205500608570938 61.02
1205500608630798 61
1205500608690653 61
1205500608750502 61.02
1205500608810361 61
1205500608870212 61.02
1205500608930068 61.02
1205500608990924 61.02
1205500609050777 61.02
1205500609110632 61.02
1205500609170491 61
1205500609230384 61.02
1205500609290198 61.02
1205500609350053 61.02
1205500609410907 61.02
1205500609470763 61.02
1205500609530618 61.02
1205500609590477 61
1205500609650328 61.02
1205500609710182 61.02
1205500609770036 61.02
1205500609830897 61
1205500609890752 61
1205500609950606 61.04
1205500700010713 61.02
1205500700070567 61.02
1205500700130532 61.02
1205500700150299 61.04
1205500700200252 61.02
1205500700260107 61.02
1205500700320963 61.02
1205500700380818 61.02
1205500700440674 61.02
1205500700500527 61.02
1205500700560382 61.02
1205500700620237 61.02
1205500700680092 61.02
1205500700740949 61.02
1205500700800801 61.02
1205500700860661 61.04
1205500700920512 61.02
1205500700980368 61.02
1205500701040222 61.02
1205500701100076 61.02
1205500701160936 61.04
1205500701220791 61.04
1205500701280646 61.04
1205500701340498 61.02
1205500701400351 61.02
1205500701460210 61.04
1205500701520126 61.02
1205500701580921 61.04
1205500701640776 61.04
1205500701700631 61.04
1205500701760485 61.04
1205500701820340 61.04
1205500701880195 61.04
1205500701940050 61.04