1205000300890616 55.78
1205000300950470 55.78
1205000301010423 55.78
1205000301070176 55.79
1205000301130034 55.78
1205000301190890 55.78
1205000301250745 55.78
1205000301310600 55.78
1205000301370455 55.78
1205000301430307 55.79
1205000301490162 55.79
1205000301550019 55.81
1205000301610873 55.83
1205000301670728 55.85
1205000301730582 55.85
1205000301790437 55.85
1205000301850292 55.85
1205000301910147 55.85
1205000301970002 55.85
1205000302030857 55.85
1205000302090712 55.85
1205000302150567 55.85
1205000302210422 55.85
1205000302270276 55.87
1205000302330133 55.96
1205000302390989 56.11
1205000302450845 56.3
1205000302510794 56.45
1205000302570553 56.58
1205000302630407 56.61
1205000302690262 56.65
1205000302750119 56.67
1205000302810971 56.69
1205000302870957 56.74
1205000302930684 56.76
1205000302990539 56.82
1205000303050390 56.89
1205000303110246 56.98
1205000303170104 57.11
1205000303230028 57.39
1205000303250801 57.49
1205000303300790 57.64
1205000303360645 57.75
1205000303420499 57.84
1205000303480352 57.97
1205000303540209 58.06
1205000303600064 58.16
1205000303660920 58.16
1205000303720775 58.16
1205000303780627 58.18
1205000303840486 58.16
1205000303900335 58.19
1205000303960193 58.31
1205000304020046 58.42
1205000304080906 58.57
1205000304140759 58.77
1205000304200614 58.94
1205000304260466 59.11
1205000304320321 59.25
1205000304380176 59.33
1205000304440030 59.38
1205000304500888 59.46
1205000304560745 59.5
1205000304620596 59.53
1205000304680452 59.53
1205000304740305 59.57
1205000304800160 59.59
1205000304860017 59.63
1205000304920872 59.66
1205000304980725 59.74
1205000305040584 59.83
1205000305100435 59.98
1205000305160292 60.13
1205000305220206 60.18
1205000305280001 60.17
1205000305340857 60.18
1205000305400712 60.18
1205000305460568 60.2
1205000305520421 60.18
1205000305580276 60.2
1205000305640131 60.2
1205000305700987 60.2
1205000305760840 60.22
1205000305820696 60.24
1205000305880549 60.26
1205000305940406 60.24
1205000306000262 60.24
1205000306060115 60.26
1205000306120969 60.26
1205000306180824 60.26
1205000306240744 60.26
1205000306260512 60.26
1205000306310511 60.26
1205000306370364 60.26
1205000306430219 60.26
1205000306490075 60.26
1205000306550929 60.26
1205000306610784 60.26
1205000306670641 60.35
1205000306730499 60.48
1205000306790350 60.58
1205000306850203 60.61
1205000306910059 60.59
1205000306970915 60.61
1205000307030770 60.61
1205000307090625 60.61
1205000307150480 60.61
1205000307210333 60.61
1205000307270189 60.61
1205000307330046 60.63
1205000307390898 60.65
1205000307450753 60.74
1205000307510710 60.85
1205000307570466 61.06
1205000307630321 61.21
1205000307690176 61.26
1205000307750029 61.26
1205000307810887 61.28
1205000307870743 61.28
1205000307930596 61.26
1205000307990453 61.28
1205000308050307 61.28
1205000308110162 61.28
1205000308170017 61.28
1205000308230875 61.36
1205000308290730 61.49
1205000308350579 61.65
1205000308410437 61.88
1205000308470292 62.01
1205000308530147 62.05
1205000308590000 62.05
1205000308650856 62.05
1205000308710727 62.06
1205000308770567 62.05
1205000308830422 62.05
1205000308890277 62.05
1205000308950130 62.05
1205000309010101 62.06
1205000309070842 62.05
1205000309130699 62.06
1205000309190548 62.1
1205000309250462 62.12
1205000309270250 62.14
1205000309320235 62.14
1205000309380092 62.16
1205000309440948 62.16
1205000309500803 62.16
1205000309560659 62.16
1205000309620514 62.16
1205000309680369 62.16
1205000309740222 62.16
1205000309800077 62.16
1205000309860099 62.16
1205000309920789 62.16
1205000309980642 62.19
1205000400040752 62.27
1205000400100607 62.36
1205000400160460 62.38
1205000400220380 62.42
1205000400280171 62.4
1205000400340024 62.42
1205000400400883 62.4
1205000400460824 62.4
1205000400520589 62.42
1205000400580447 62.4
1205000400640302 62.4
1205000400700157 62.4
1205000400760008 62.42
1205000400820864 62.42
1205000400880720 62.47
1205000400940577 62.49
1205000401000430 62.51
1205000401060301 62.51
1205000401120141 62.49
1205000401180995 62.51
1205000401240850 62.51
1205000401300705 62.51
1205000401360558 62.51
1205000401420416 62.49
1205000401480271 62.49
1205000401540124 62.51
1205000401600981 62.51
1205000401660833 62.51
1205000401720699 62.51
1205000401780544 62.51
1205000401840399 62.51
1205000401900254 62.51
1205000401960107 62.51
1205000402020964 62.51
1205000402080819 62.51
1205000402140675 62.51
1205000402200529 62.51
1205000402260471 62.51
1205000402280229 62.53
1205000402330215 62.51
1205000402390070 62.53
1205000402450924 62.51
1205000402510889 62.55
1205000402570634 62.57
1205000402630492 62.58
1205000402690346 62.58
1205000402750200 62.58
1205000402810055 62.58
1205000402870909 62.57
1205000402930766 62.58
1205000402990619 62.57
1205000403050473 62.57
1205000403110330 62.58
1205000403170186 62.58
1205000403230041 62.58
1205000403290893 62.57
1205000403350750 62.6
1205000403410603 62.62
1205000403470458 62.62
1205000403530312 62.62
1205000403590169 62.6
1205000403650023 62.62
1205000403710892 62.62
1205000403770734 62.62
1205000403830587 62.62
1205000403890442 62.62
1205000403950297 62.62
1205000404010262 62.62
1205000404070008 62.62
1205000404130864 62.64
1205000404190723 62.7
1205000404250576 62.73
1205000404310430 62.75
1205000404370285 62.73
1205000404430140 62.73
1205000404490996 62.73
1205000404550851 62.73
1205000404610706 62.73
1205000404670562 62.73
1205000404730415 62.73
1205000404790270 62.73
1205000404850125 62.73
1205000404910981 62.73
1205000404970837 62.73
1205000405030690 62.73
1205000405090545 62.73
1205000405150400 62.73
1205000405210256 62.73
1205000405270170 62.73
1205000405290942 62.75
1205000405340942 62.73
1205000405400796 62.73
1205000405460650 62.75
1205000405520507 62.73
1205000405580360 62.73
1205000405640213 62.75
1205000405700071 62.73
1205000405760925 62.75
1205000405820776 62.77
1205000405880631 62.77
1205000405940486 62.77
1205000406000341 62.77
1205000406060197 62.77
1205000406120050 62.77
1205000406180906 62.77
1205000406240762 62.77
1205000406300619 62.75
1205000406360472 62.75
1205000406420327 62.75
1205000406480183 62.75
1205000406540038 62.75
1205000406600892 62.77
1205000406660746 62.81
1205000406720601 62.81
1205000406780456 62.81
1205000406840312 62.83
1205000406900165 62.81
1205000406960020 62.83
1205000407020876 62.81
1205000407080731 62.83
1205000407140585 62.81
1205000407200440 62.79
1205000407260295 62.81
1205000407320150 62.81
1205000407380005 62.81
1205000407440861 62.81
1205000407500715 62.81
1205000407560570 62.81
1205000407620425 62.81
1205000407680280 62.81
1205000407740136 62.81
1205000407800990 62.81
1205000407860845 62.81
1205000407920700 62.81
1205000407980555 62.81
1205000408040411 62.81
1205000408100264 62.81
1205000408160119 62.83
1205000408220043 62.9
1205000408280874 62.99
1205000408300661 63.05
1205000408350660 63.07
1205000408410515 63.07
1205000408470370 63.07
1205000408530225 63.07
1205000408590078 63.09
1205000408650935 63.07
1205000408710804 63.09
1205000408770646 63.07
1205000408830500 63.07
1205000408890355 63.07
1205000408950210 63.07
1205000409010171 63.07
1205000409070920 63.09
1205000409130775 63.09
1205000409190630 63.09
1205000409250486 63.07
1205000409310339 63.09
1205000409370194 63.09
1205000409430049 63.09
1205000409490905 63.09
1205000409550759 63.09
1205000409610614 63.09
1205000409670469 63.09
1205000409730325 63.09
1205000409790178 63.09
1205000409850037 63.12
1205000409910889 63.14
1205000409970744 63.14
1205000500030856 63.14
1205000500090709 63.14
1205000500150564 63.14
1205000500210419 63.14
1205000500270275 63.14
1205000500330132 63.16
1205000500390984 63.14
1205000500450839 63.14
1205000500510815 63.14
1205000500570547 63.14
1205000500630403 63.14
1205000500690260 63.24
1205000500750113 63.31
1205000500810969 63.33
1205000500870822 63.33
1205000500930678 63.33
1205000500990533 63.33
1205000501050388 63.33
1205000501110245 63.35
1205000501170096 63.33
1205000501230953 63.33
1205000501290854 63.33
1205000501310797 63.35
1205000501360640 63.35
1205000501420493 63.33
1205000501480350 63.35
1205000501540207 63.37
1205000501600062 63.37
1205000501660917 63.37
1205000501720772 63.37
1205000501780627 63.37
1205000501840482 63.37
1205000501900335 63.35
1205000501960192 63.37
1205000502020046 63.37
1205000502080902 63.37
1205000502140757 63.37
1205000502200610 63.35
1205000502260462 63.42
1205000502320319 63.52
1205000502380175 63.57
1205000502440029 63.57
1205000502500885 63.55
1205000502560739 63.55
1205000502620594 63.55
1205000502680449 63.57
1205000502740305 63.57
1205000502800158 63.57
1205000502860014 63.55
1205000502920869 63.57
1205000502980724 63.55
1205000503040580 63.55
1205000503100433 63.57
1205000503160288 63.57
1205000503220215 63.57
1205000503280999 63.57
1205000503340855 63.57
1205000503400709 63.57
1205000503460563 63.57
1205000503520418 63.57
1205000503580273 63.57
1205000503640256 63.57
1205000503700985 63.57
1205000503760838 63.57
1205000503820691 63.63
1205000503880551 63.68
1205000503940404 63.7
1205000504000257 63.7
1205000504060112 63.7
1205000504120968 63.7
1205000504180823 63.7
1205000504240737 63.7
1205000504300581 63.72
1205000504320396 63.72
1205000504370364 63.7
1205000504430219 63.7
1205000504490072 63.7
1205000504550928 63.7
1205000504610783 63.7
1205000504670639 63.7
1205000504730494 63.7
1205000504790347 63.7
1205000504850202 63.7
1205000504910058 63.7
1205000504970916 63.68
1205000505030769 63.7
1205000505090622 63.7
1205000505150478 63.7
1205000505210333 63.7
1205000505270188 63.7
1205000505330041 63.7
1205000505390898 63.7
1205000505450753 63.7
1205000505510716 63.7
1205000505570461 63.7
1205000505630317 63.7
1205000505690172 63.7
1205000505750027 63.7
1205000505810883 63.7
1205000505870737 63.7
1205000505930592 63.7
1205000505990447 63.7
1205000506050302 63.7
1205000506110157 63.7
1205000506170012 63.7
1205000506230866 63.7
1205000506290722 63.7
1205000506350577 63.7
1205000506410433 63.7
1205000506470287 63.7
1205000506530141 63.7
1205000506590997 63.7
1205000506650852 63.7
1205000506710721 63.7
1205000506770560 63.7
1205000506830415 63.7
1205000506890273 63.68
1205000506950128 63.68
1205000507010096 63.68
1205000507070839 63.68
1205000507130693 63.68
1205000507190548 63.68
1205000507250403 63.68
1205000507310397 63.68
1205000507330129 63.7
1205000507380088 63.68
1205000507440945 63.68
1205000507500799 63.68
1205000507560653 63.68
1205000507620506 63.7
1205000507680363 63.68
1205000507740218 63.68
1205000507800073 63.68
1205000507860928 63.68
1205000507920782 63.7
1205000507980639 63.68
1205000508040494 63.68
1205000508100345 63.7
1205000508160200 63.7
1205000508220137 63.7
1205000508280913 63.68
1205000508340769 63.68
1205000508400620 63.7
1205000508460478 63.68
1205000508520331 63.7
1205000508580186 63.7
1205000508640041 63.68
1205000508700895 63.7
1205000508760750 63.7
1205000508820606 63.7
1205000508880463 63.68
1205000508940318 63.68
1205000509000171 63.68
1205000509060024 63.7
1205000509120882 63.68
1205000509180735 63.7
1205000509240589 63.7
1205000509300444 63.7
1205000509360299 63.7
1205000509420154 63.7
1205000509480010 63.7
1205000509540864 63.7
1205000509600721 63.68
1205000509660576 63.68
1205000509720429 63.7
1205000509780284 63.7
1205000509840140 63.68
1205000509900998 63.68
1205000509960849 63.7
1205000600020960 63.7
1205000600080815 63.7
1205000600140670 63.7
1205000600200523 63.7
1205000600260381 63.68
1205000600320307 63.7
1205000600340077 63.7
1205000600390063 63.7
1205000600450920 63.7
1205000600510904 63.68
1205000600570630 63.7
1205000600630618 63.7
1205000600690338 63.7
1205000600750196 63.68
1205000600810049 63.7
1205000600870905 63.7
1205000600930762 63.68
1205000600990614 63.7
1205000601050471 63.68
1205000601110324 63.7
1205000601170181 63.68
1205000601230111 63.7
1205000601290889 63.7
1205000601350746 63.68
1205000601410599 63.7
1205000601470455 63.7
1205000601530308 63.7
1205000601590165 63.68
1205000601650020 63.68
1205000601710888 63.7
1205000601770731 63.68
1205000601830604 63.7
1205000601890440 63.68
1205000601950293 63.7
1205000602010272 63.7
1205000602070004 63.7
1205000602130858 63.7
1205000602190715 63.68
1205000602250570 63.68
1205000602310424 63.7
1205000602370277 63.7
1205000602430132 63.7
1205000602490988 63.7
1205000602550844 63.7
1205000602610700 63.68
1205000602670552 63.7
1205000602730407 63.7
1205000602790262 63.7
1205000602850117 63.7
1205000602910974 63.7
1205000602970827 63.7
1205000603030683 63.7
1205000603090539 63.68
1205000603150392 63.7
1205000603210250 63.68
1205000603270101 63.7
1205000603330000 63.7
1205000603350794 63.72
1205000603400789 63.7
1205000603460642 63.7
1205000603520497 63.7
1205000603580355 63.68
1205000603640210 63.68
1205000603700063 63.7
1205000603760917 63.7
1205000603820772 63.7
1205000603880629 63.68
1205000603940484 63.68
1205000604000337 63.7
1205000604060195 63.68
1205000604120048 63.68
1205000604180903 63.7
1205000604240758 63.7
1205000604300613 63.7
1205000604360466 63.7
1205000604420322 63.7
1205000604480179 63.68
1205000604540032 63.7
1205000604600889 63.68
1205000604660742 63.7
1205000604720597 63.7
1205000604780454 63.68
1205000604840307 63.7
1205000604900160 63.7
1205000604960015 63.7
1205000605020872 63.7
1205000605080727 63.7
1205000605140582 63.7
1205000605200435 63.7
1205000605260293 63.68
1205000605320148 63.68
1205000605380001 63.7
1205000605440857 63.7
1205000605500710 63.7
1205000605560565 63.7
1205000605620421 63.7
1205000605680276 63.7
1205000605740131 63.7
1205000605800985 63.7
1205000605860840 63.7
1205000605920696 63.7
1205000605980551 63.7
1205000606040406 63.68
1205000606100262 63.7
1205000606160115 63.7
1205000606220050 63.7
1205000606280826 63.7
1205000606340724 63.7
1205000606360512 63.74
1205000606410511 63.7
1205000606470366 63.7
1205000606530223 63.68
1205000606590077 63.68
1205000606650933 63.68
1205000606710799 63.7
1205000606770641 63.7
1205000606830496 63.7
1205000606890353 63.68
1205000606950204 63.7
1205000607010183 63.7
1205000607070918 63.68
1205000607130769 63.66
1205000607190624 63.66
1205000607250478 63.66
1205000607310333 63.66
1205000607370188 63.66
1205000607430047 63.68
1205000607490901 63.7
1205000607550756 63.68
1205000607610612 63.68
1205000607670466 63.7
1205000607730322 63.68
1205000607790174 63.7
1205000607850029 63.7
1205000607910885 63.7
1205000607970742 63.68
1205000608030596 63.68
1205000608090451 63.68
1205000608150307 63.68
1205000608210157 63.66
1205000608270017 63.68
1205000608330867 63.66
1205000608390722 63.66
1205000608450577 63.65
1205000608510573 63.65
1205000608570287 63.65
1205000608630141 63.61
1205000608690997 63.61
1205000608750852 63.61
1205000608810707 63.61
1205000608870562 63.61
1205000608930417 63.61
1205000608990271 63.61
1205000609050126 63.61
1205000609110982 63.63
1205000609170838 63.63
1205000609230691 63.63
1205000609290546 63.63
1205000609350444 63.61
1205000609370234 63.63
1205000609420236 63.63
1205000609480085 63.63
1205000609540942 63.61
1205000609600797 63.63
1205000609660653 63.63
1205000609720507 63.63
1205000609780362 63.63
1205000609840216 63.65
1205000609900071 63.66
1205000609960927 63.65
1205000700020158 63.66
1205000700080892 63.65
1205000700140747 63.65
1205000700200602 63.66
1205000700260457 63.65
1205000700320312 63.65
1205000700380165 63.65
1205000700440021 63.65
1205000700500877 63.65
1205000700560732 63.65
1205000700620590 63.68
1205000700680445 63.68
1205000700740300 63.68
1205000700800155 63.68
1205000700860008 63.68
1205000700920865 63.68
1205000700980720 63.68
1205000701040575 63.68
1205000701100430 63.68
1205000701160284 63.68
1205000701220219 63.66
1205000701280991 63.66
1205000701340850 63.68
1205000701400705 63.68
1205000701460559 63.68
1205000701520414 63.68
1205000701580269 63.68
1205000701640124 63.68
1205000701700981 63.68
1205000701760834 63.68
1205000701820689 63.68
1205000701880544 63.68
1205000701940395 63.66
1205000702000249 63.65
1205000702060104 63.66
1205000702120961 63.66
1205000702180816 63.66
1205000702240675 63.68
1205000702300524 63.66
1205000702360422 63.66
1205000702380216 63.68
1205000702430211 63.66
1205000702490064 63.66
1205000702550920 63.65
1205000702610775 63.65
1205000702670631 63.65
1205000702730486 63.65
1205000702790339 63.65
1205000702850194 63.65
1205000702910049 63.66
1205000702970907 63.7
1205000703030763 63.7
1205000703090616 63.7
1205000703150473 63.68
1205000703210327 63.7
1205000703270182 63.7
1205000703330037 63.68
1205000703390893 63.68
1205000703450747 63.7
1205000703510733 63.7
1205000703570456 63.7
1205000703630311 63.7
1205000703690166 63.7
1205000703750022 63.7
1205000703810877 63.7
1205000703870730 63.7
1205000703930588 63.68
1205000703990443 63.68
1205000704050296 63.7
1205000704110151 63.68
1205000704170005 63.7
1205000704230863 63.68
1205000704290716 63.7
1205000704350571 63.7
1205000704410424 63.7
1205000704470280 63.7
1205000704530137 63.68
1205000704590991 63.7
1205000704650846 63.7
1205000704710713 63.7
1205000704770555 63.7
1205000704830410 63.7
1205000704890267 63.68
1205000704950120 63.7
1205000705010105 63.68
1205000705070832 63.68
1205000705130685 63.7
1205000705190540 63.7
1205000705250393 63.7
1205000705310249 63.7
1205000705370149 63.7
1205000705390941 63.72
1205000705440938 63.68
1205000705500789 63.7
1205000705560645 63.7
1205000705620500 63.7
1205000705680355 63.7
1205000705740210 63.7
1205000705800064 63.7
1205000705860920 63.7
1205000705920775 63.7
1205000705980630 63.7
1205000706040485 63.7
1205000706100338 63.7
1205000706160196 63.68
1205000706220131 63.7
1205000706280906 63.7
1205000706340761 63.7
1205000706400616 63.68
1205000706460469 63.7
1205000706520324 63.7
1205000706580180 63.7
1205000706640035 63.7
1205000706700889 63.7
1205000706760744 63.7
1205000706820600 63.7
1205000706880454 63.7
1205000706940310 63.7
1205000707000163 63.7
1205000707060018 63.7
1205000707120874 63.7
1205000707180729 63.7
1205000707240583 63.7
1205000707300438 63.7
1205000707360293 63.7
1205000707420148 63.7
1205000707480004 63.7
1205000707540858 63.7
1205000707600713 63.7
1205000707660568 63.7
1205000707720423 63.7
1205000707780279 63.7
1205000707840132 63.7
1205000707900988 63.7
1205000707960843 63.7
1205000708020698 63.7
1205000708080555 63.68
1205000708140408 63.7
1205000708200261 63.7
1205000708260117 63.7
1205000708320973 63.7
1205000708380869 63.7
1205000708400665 63.72
1205000708450659 63.7
1205000708510650 63.7
1205000708570368 63.7
1205000708630223 63.7
1205000708690078 63.7
1205000708750933 63.7
1205000708810862 63.7
1205000708870643 63.7
1205000708930498 63.7
1205000708990353 63.7
1205000709050207 63.7
1205000709110062 63.7
1205000709170918 63.7
1205000709230774 63.7
1205000709290629 63.7
1205000709350482 63.7
1205000709410412 63.7
1205000709470192 63.7
1205000709530046 63.7
1205000709590902 63.7
1205000709650757 63.7
1205000709710626 63.7
1205000709770467 63.7
1205000709830321 63.7
1205000709890176 63.7
1205000709950031 63.7
1205000800010242 63.7
1205000800070999 63.7
1205000800130853 63.7
1205000800190707 63.7
1205000800250562 63.7
1205000800310417 63.7
1205000800370275 63.68
1205000800430126 63.7
1205000800490982 63.7
1205000800550839 63.68
1205000800610759 63.7
1205000800670548 63.68
1205000800730401 63.7
1205000800790256 63.7
1205000800850112 63.7
1205000800910968 63.7
1205000800970821 63.7
1205000801030676 63.7
1205000801090531 63.7
1205000801150386 63.7
1205000801210267 63.7
1205000801270096 63.7
1205000801330951 63.7
1205000801390849 63.7
1205000801410885 63.72
1205000801460637 63.7
1205000801520493 63.7
1205000801580348 63.68
1205000801640201 63.7
1205000801700056 63.7
1205000801760912 63.7
1205000801820766 63.7
1205000801880621 63.7
1205000801940477 63.7
1205000802000331 63.7
1205000802060187 63.7
1205000802120040 63.7
1205000802180898 63.68
1205000802240751 63.7
1205000802300606 63.7
1205000802360463 63.68
1205000802420315 63.7
1205000802480170 63.7
1205000802540025 63.7
1205000802600048 63.7
1205000802660738 63.68
1205000802720590 63.7
1205000802780445 63.7
1205000802840300 63.7
1205000802900157 63.68
1205000802960013 63.68
1205000803020865 63.7
1205000803080720 63.7
1205000803140575 63.7
1205000803200514 63.7
1205000803260285 63.7
1205000803320141 63.68
1205000803380997 63.68
1205000803440851 63.7
1205000803500706 63.7
1205000803560559 63.7
1205000803620414 63.7
1205000803680270 63.7
1205000803740123 63.7
1205000803800000 63.7
1205000803860835 63.7
1205000803920690 63.7
1205000803980545 63.7
1205000804040398 63.7
1205000804100253 63.7
1205000804160108 63.7
1205000804220054 63.7
1205000804280820 63.7
1205000804340675 63.7
1205000804400610 63.7
1205000804420402 63.7
1205000804470360 63.7
1205000804530215 63.7
1205000804590068 63.7
1205000804650924 63.7
1205000804710797 63.7
1205000804770635 63.7
1205000804830490 63.7
1205000804890345 63.7
1205000804950199 63.7
1205000805010190 63.7
1205000805070910 63.7
1205000805130765 63.7
1205000805190618 63.7
1205000805250474 63.7
1205000805310331 63.68
1205000805370184 63.7
1205000805430037 63.7
1205000805490894 63.7
1205000805550751 63.68
1205000805610606 63.68
1205000805670461 63.68
1205000805730315 63.68
1205000805790169 63.68
1205000805850025 63.68
1205000805910881 63.68
1205000805970737 63.68
1205000806030590 63.68
1205000806090445 63.68
1205000806150300 63.68
1205000806210155 63.68
1205000806270010 63.68
1205000806330861 63.65
1205000806390716 63.63
1205000806450571 63.63
1205000806510565 63.63
1205000806570280 63.63
1205000806630135 63.65
1205000806690991 63.65
1205000806750847 63.65
1205000806810702 63.65
1205000806870555 63.63
1205000806930410 63.65
1205000806990266 63.65
1205000807050121 63.63
1205000807110975 63.61
1205000807170830 63.61
1205000807230686 63.61
1205000807290540 63.61
1205000807350396 63.61
1205000807410403 63.63
1205000807430123 63.63
1205000807480081 63.63
1205000807540937 63.63
1205000807600790 63.63
1205000807660645 63.61
1205000807720500 63.63
1205000807780355 63.63
1205000807840211 63.63
1205000807900064 63.63
1205000807960920 63.61
1205000808020776 63.63
1205000808080630 63.61
1205000808140486 63.61
1205000808200341 63.65
1205000808260194 63.65
1205000808320050 63.65
1205000808380906 63.65
1205000808440759 63.65
1205000808500614 63.65
1205000808560470 63.65
1205000808620325 63.63
1205000808680180 63.63
1205000808740033 63.63
1205000808800891 63.65
1205000808860744 63.63
1205000808920600 63.65
1205000808980455 63.65
1205000809040309 63.65
1205000809100163 63.65
1205000809160018 63.65
1205000809220969 63.65
1205000809280730 63.65
1205000809340583 63.65
1205000809400438 63.65
1205000809460294 63.65
1205000809520149 63.65
1205000809580003 63.65
1205000809640859 63.65
1205000809700714 63.65
1205000809760569 63.63
1205000809820423 63.65
1205000809880278 63.65
1205000809940133 63.65
1205000900000245 63.65
1205000900060100 63.65
1205000900120956 63.65
1205000900180810 63.65
1205000900240665 63.65
1205000900300520 63.65
1205000900360375 63.65
1205000900420299 63.65
1205000900440069 63.65
1205000900490060 63.63
1205000900550916 63.63
1205000900610769 63.65
1205000900670625 63.65
1205000900730479 63.65
1205000900790371 63.66
1205000900850190 63.65
1205000900910045 63.65
1205000900970899 63.65
1205000901030754 63.65
1205000901090609 63.65
1205000901150465 63.65
1205000901210320 63.65
1205000901270175 63.65
1205000901330028 63.65
1205000901390890 63.68
1205000901450744 63.68
1205000901510747 63.68
1205000901570452 63.68
1205000901630307 63.68
1205000901690161 63.7
1205000901750017 63.68
1205000901810870 63.66
1205000901870729 63.68
1205000901930578 63.66
1205000901990433 63.66
1205000902050289 63.66
1205000902110144 63.66
1205000902170003 63.68
1205000902230853 63.66
1205000902290708 63.66
1205000902350564 63.66
1205000902410419 63.66
1205000902470272 63.65
1205000902530128 63.63
1205000902590984 63.63
1205000902650839 63.61
1205000902710730 63.61
1205000902770548 63.61
1205000902830403 63.59
1205000902890258 63.59
1205000902950111 63.59
1205000903010103 63.59
1205000903070823 63.59
1205000903130678 63.59
1205000903190533 63.59
1205000903250388 63.59
1205000903310244 63.57
1205000903370097 63.59
1205000903430998 63.59
1205000903450786 63.59
1205000903500785 63.57
1205000903560640 63.57
1205000903620495 63.57
1205000903680350 63.57
1205000903740206 63.57
1205000903800060 63.57
1205000903860915 63.57
1205000903920770 63.57
1205000903980625 63.57
1205000904040480 63.57
1205000904100334 63.55
1205000904160189 63.55
1205000904220138 63.53
1205000904280898 63.5
1205000904340757 63.48
1205000904400607 63.42
1205000904460464 63.35
1205000904520317 63.31
1205000904580172 63.31
1205000904640027 63.31
1205000904700882 63.33
1205000904760737 63.33
1205000904820592 63.31
1205000904880447 63.33
1205000904940302 63.33
1205000905000157 63.31
1205000905060013 63.29
1205000905120869 63.29
1205000905180724 63.29
1205000905240578 63.27
1205000905300432 63.24
1205000905360286 63.22
1205000905420141 63.22
1205000905480997 63.22
1205000905540851 63.22
1205000905600706 63.22
1205000905660561 63.22
1205000905720417 63.22
1205000905780272 63.18
1205000905840129 63.16
1205000905900985 63.12
1205000905960836 63.09
1205000906020691 63.07
1205000906080545 63.01
1205000906140408 62.96
1205000906200255 62.94