1205404908850864 56.26
1205404908910720 56.26
1205404908970575 56.28
1205404909030430 56.28
1205404909090299 56.26
1205404909150140 56.28
1205404909210007 56.26
1205404909270951 56.26
1205404909330705 56.26
1205404909390574 56.28
1205404909450415 56.28
1205404909510269 56.28
1205404909570123 56.26
1205404909630980 56.28
1205404909690893 56.26
1205404909750690 56.28
1205404909810545 56.26
1205404909870412 56.28
1205404909930254 56.26
1205404909990122 56.28
1205405000050219 56.26
1205405000110073 56.3
1205405000170928 56.3
1205405000230782 56.3
1205405000290651 56.3
1205405000350492 56.3
1205405000410347 56.3
1205405000470201 56.3
1205405000530056 56.3
1205405000590986 56.3
1205405000650769 56.31
1205405000710622 56.3
1205405000770476 56.3
1205405000830330 56.3
1205405000890267 56.3
1205405000950041 56.3
1205405001010897 56.3
1205405001070752 56.3
1205405001130607 56.3
1205405001190474 56.3
1205405001250315 56.3
1205405001310171 56.3
1205405001370026 56.3
1205405001430880 56.3
1205405001490796 56.3
1205405001550697 56.31
1205405001570466 56.31
1205405001620423 56.3
1205405001680276 56.3
1205405001740131 56.3
1205405001800987 56.3
1205405001860842 56.3
1205405001920697 56.3
1205405001980552 56.3
1205405002040405 56.33
1205405002100265 56.35
1205405002160116 56.37
1205405002220976 56.35
1205405002280827 56.37
1205405002340680 56.37
1205405002400540 56.35
1205405002460389 56.41
1205405002520244 56.5
1205405002580099 56.54
1205405002640954 56.54
1205405002700811 56.56
1205405002760666 56.58
1205405002820521 56.63
1205405002880378 56.67
1205405002940229 56.74
1205405003000087 56.84
1205405003060943 57
1205405003120794 57.21
1205405003180653 57.36
1205405003240506 57.47
1205405003300360 57.51
1205405003360215 57.51
1205405003420070 57.52
1205405003480928 57.58
1205405003540779 57.67
1205405003600633 57.77
1205405003660488 57.82
1205405003720345 57.86
1205405003780200 57.9
1205405003840051 57.95
1205405003900908 58.05
1205405003960763 58.18
1205405004020620 58.32
1205405004080477 58.4
1205405004140330 58.44
1205405004200185 58.45
1205405004260038 58.45
1205405004320894 58.45
1205405004380749 58.45
1205405004440604 58.45
1205405004500460 58.45
1205405004560418 58.47
1205405004580185 58.49
1205405004630147 58.47
1205405004690092 58.47
1205405004750858 58.47
1205405004810707 58.49
1205405004870562 58.53
1205405004930421 58.57
1205405004990288 58.58
1205405005050129 58.58
1205405005110986 58.58
1205405005170839 58.58
1205405005230694 58.58
1205405005290565 58.6
1205405005350405 58.58
1205405005410258 58.58
1205405005470113 58.58
1205405005530969 58.58
1205405005590838 58.58
1205405005650679 58.58
1205405005710534 58.58
1205405005770389 58.62
1205405005830245 58.64
1205405005890178 58.68
1205405005950954 58.73
1205405006010811 58.75
1205405006070666 58.77
1205405006130520 58.75
1205405006190398 58.77
1205405006250230 58.77
1205405006310085 58.77
1205405006370941 58.77
1205405006430793 58.79
1205405006490736 58.81
1205405006550505 58.83
1205405006610360 58.86
1205405006670214 58.98
1205405006730069 59.12
1205405006790933 59.29
1205405006850778 59.4
1205405006910635 59.5
1205405006970486 59.55
1205405007030341 59.55
1205405007090208 59.57
1205405007150050 59.59
1205405007210920 59.59
1205405007270763 59.61
1205405007330618 59.65
1205405007390483 59.74
1205405007450324 59.81
1205405007510184 59.92
1205405007570141 60.11
1205405007590024 60.18
1205405007640865 60.39
1205405007700721 60.61
1205405007760578 60.76
1205405007820433 60.84
1205405007880288 60.84
1205405007940141 60.84
1205405008000998 60.84
1205405008060864 60.85
1205405008120710 60.87
1205405008180561 60.89
1205405008240417 60.89
1205405008300272 60.91
1205405008360125 60.93
1205405008420981 60.95
1205405008480836 61.02
1205405008540695 61.15
1205405008600546 61.3
1205405008660401 61.41
1205405008720259 61.47
1205405008780116 61.49
1205405008840970 61.47
1205405008900825 61.51
1205405008960680 61.49
1205405009020536 61.51
1205405009080391 61.51
1205405009140242 61.52
1205405009200097 61.52
1205405009260952 61.54
1205405009320811 61.56
1205405009380662 61.62
1205405009440517 61.69
1205405009500370 61.77
1205405009560226 61.82
1205405009620085 61.86
1205405009680941 61.86
1205405009740794 61.88
1205405009800647 61.88
1205405009860502 61.88
1205405009920358 61.88
1205405009980213 61.88
1205405100040323 61.88
1205405100100177 61.88
1205405100160032 61.88
1205405100220888 61.88
1205405100280743 61.93
1205405100340598 62.01
1205405100400452 62.05
1205405100460309 62.06
1205405100520162 62.05
1205405100580121 62.05
1205405100600920 62.08
1205405100650850 62.06
1205405100710705 62.06
1205405100770559 62.05
1205405100830413 62.05
1205405100890358 62.05
1205405100950124 62.06
1205405101010978 62.05
1205405101070835 62.06
1205405101130690 62.06
1205405101190549 62.08
1205405101250395 62.1
1205405101310256 62.12
1205405101370111 62.12
1205405101430967 62.12
1205405101490912 62.14
1205405101550676 62.12
1205405101610531 62.12
1205405101670386 62.12
1205405101730242 62.12
1205405101790140 62.12
1205405101850951 62.12
1205405101910806 62.12
1205405101970655 62.14
1205405102030511 62.14
1205405102090383 62.16
1205405102150224 62.16
1205405102210092 62.16
1205405102270934 62.16
1205405102330790 62.16
1205405102390656 62.16
1205405102450498 62.16
1205405102510349 62.18
1205405102570204 62.18
1205405102630063 62.16
1205405102690004 62.16
1205405102750774 62.16
1205405102810628 62.16
1205405102870483 62.16
1205405102930336 62.19
1205405102990203 62.23
1205405103050043 62.21
1205405103110899 62.21
1205405103170754 62.21
1205405103230609 62.21
1205405103290478 62.23
1205405103350320 62.21
1205405103410173 62.21
1205405103470028 62.21
1205405103530884 62.21
1205405103590814 62.21
1205405103610639 62.25
1205405103660569 62.21
1205405103720424 62.21
1205405103780279 62.21
1205405103840135 62.21
1205405103900990 62.25
1205405103960843 62.25
1205405104020701 62.27
1205405104080556 62.27
1205405104140411 62.27
1205405104200264 62.27
1205405104260120 62.27
1205405104320976 62.27
1205405104380831 62.27
1205405104440686 62.27
1205405104500540 62.27
1205405104560395 62.27
1205405104620250 62.27
1205405104680103 62.25
1205405104740961 62.27
1205405104800816 62.27
1205405104860671 62.27
1205405104920526 62.27
1205405104980379 62.27
1205405105040235 62.27
1205405105100090 62.27
1205405105160946 62.27
1205405105220799 62.27
1205405105280654 62.27
1205405105340510 62.27
1205405105400365 62.27
1205405105460220 62.27
1205405105520073 62.27
1205405105580929 62.27
1205405105640785 62.27
1205405105700640 62.27
1205405105760491 62.25
1205405105820348 62.27
1205405105880204 62.27
1205405105940059 62.27
1205405106000926 62.27
1205405106060770 62.27
1205405106120623 62.27
1205405106180478 62.27
1205405106240334 62.27
1205405106300189 62.27
1205405106360044 62.27
1205405106420900 62.27
1205405106480753 62.27
1205405106540608 62.27
1205405106600507 62.31
1205405106620335 62.31
1205405106670293 62.31
1205405106730146 62.31
1205405106790015 62.31
1205405106850862 62.32
1205405106910717 62.32
1205405106970572 62.32
1205405107030425 62.32
1205405107090294 62.32
1205405107150132 62.31
1205405107220000 62.31
1205405107270843 62.31
1205405107330696 62.31
1205405107390566 62.31
1205405107450410 62.32
1205405107510262 62.31
1205405107570119 62.32
1205405107630971 62.31
1205405107690912 62.32
1205405107750681 62.31
1205405107810536 62.31
1205405107870392 62.31
1205405107930245 62.31
1205405107990114 62.31
1205405108050956 62.31
1205405108110812 62.31
1205405108170671 62.32
1205405108230520 62.34
1205405108290389 62.38
1205405108350236 62.44
1205405108410086 62.51
1205405108470942 62.55
1205405108530795 62.57
1205405108590664 62.57
1205405108650505 62.57
1205405108710360 62.55
1205405108770215 62.57
1205405108830071 62.57
1205405108890939 62.55
1205405108950780 62.57
1205405109010635 62.57
1205405109070490 62.57
1205405109130346 62.57
1205405109190214 62.58
1205405109250056 62.58
1205405109310912 62.58
1205405109370765 62.57
1205405109430621 62.58
1205405109490490 62.58
1205405109550331 62.58
1205405109610306 62.58
1205405109630060 62.58
1205405109680016 62.58
1205405109740872 62.58
1205405109800727 62.58
1205405109860582 62.58
1205405109920438 62.58
1205405109980293 62.6
1205405200040401 62.62
1205405200100256 62.62
1205405200160111 62.62
1205405200220967 62.62
1205405200280822 62.62
1205405200340675 62.62
1205405200400531 62.62
1205405200460386 62.62
1205405200520242 62.62
1205405200580096 62.62
1205405200640950 62.62
1205405200700808 62.6
1205405200760661 62.62
1205405200820516 62.62
1205405200880371 62.62
1205405200940224 62.62
1205405201000098 62.66
1205405201060944 62.68
1205405201120797 62.7
1205405201180652 62.7
1205405201240505 62.7
1205405201300360 62.7
1205405201360216 62.7
1205405201420071 62.7
1205405201480927 62.7
1205405201540783 62.7
1205405201600635 62.7
1205405201660490 62.7
1205405201720346 62.7
1205405201780203 62.72
1205405201850236 62.72
1205405201900910 62.7
1205405201960767 62.72
1205405202020621 62.7
1205405202080476 62.7
1205405202140331 62.72
1205405202200186 62.72
1205405202260041 62.72
1205405202320897 62.72
1205405202380752 62.72
1205405202440698 62.72
1205405202500461 62.72
1205405202560317 62.72
1205405202620275 62.73
1205405202640219 62.77
1205405202690081 62.75
1205405202750851 62.75
1205405202810704 62.77
1205405202870559 62.77
1205405202930414 62.77
1205405202990283 62.77
1205405203050125 62.77
1205405203110979 62.77
1205405203170834 62.77
1205405203230690 62.77
1205405203290558 62.77
1205405203350398 62.77
1205405203410253 62.77
1205405203470108 62.77
1205405203530965 62.79
1205405203590834 62.79
1205405203650673 62.79
1205405203710528 62.77
1205405203770383 62.79
1205405203830238 62.79
1205405203890107 62.79
1205405203950949 62.77
1205405204010805 62.77
1205405204070658 62.79
1205405204130513 62.77
1205405204190382 62.79
1205405204250223 62.77
1205405204310079 62.79
1205405204370933 62.79
1205405204430788 62.79
1205405204490657 62.79
1205405204550498 62.79
1205405204610354 62.79
1205405204670207 62.79
1205405204730062 62.79
1205405204790932 62.79
1205405204850773 62.79
1205405204910629 62.79
1205405204970482 62.79
1205405205030337 62.79
1205405205090206 62.79
1205405205150047 62.79
1205405205210917 62.81
1205405205270757 62.79
1205405205330612 62.79
1205405205390480 62.79
1205405205450322 62.79
1205405205510177 62.79
1205405205570032 62.79
1205405205630992 62.81
1205405205650774 62.81
1205405205700718 62.79
1205405205760573 62.79
1205405205820428 62.79
1205405205880282 62.79
1205405205940137 62.79
1205405206000010 62.79
1205405206060848 62.79
1205405206120702 62.79
1205405206180557 62.79
1205405206240412 62.79
1205405206300267 62.79
1205405206360122 62.79
1205405206420976 62.81
1205405206480832 62.79
1205405206540687 62.81
1205405206600542 62.79
1205405206660398 62.79
1205405206720250 62.79
1205405206780105 62.79
1205405206840962 62.79
1205405206900817 62.81
1205405206960672 62.79
1205405207020525 62.81
1205405207080381 62.81
1205405207140236 62.83
1205405207200091 62.85
1205405207260946 62.85
1205405207320803 62.88
1205405207380662 62.92
1205405207440511 62.94
1205405207500380 62.94
1205405207560221 62.94
1205405207620077 62.94
1205405207680931 62.94
1205405207740786 62.94
1205405207800641 62.94
1205405207860504 62.96
1205405207920349 62.94
1205405207980205 62.94
1205405208040060 62.94
1205405208100916 62.94
1205405208160772 62.94
1205405208220626 62.94
1205405208280487 62.96
1205405208340335 62.94
1205405208400190 62.94
1205405208460045 62.94
1205405208520900 62.94
1205405208580755 62.94
1205405208640730 62.96
1205405208660483 62.98
1205405208710448 62.96
1205405208770295 62.98
1205405208830150 62.99
1205405208890019 62.99
1205405208950861 63.01
1205405209010715 62.99
1205405209070570 62.99
1205405209130425 62.99
1205405209190294 62.99
1205405209250135 62.99
1205405209310991 62.99
1205405209370844 62.99
1205405209430700 62.99
1205405209490576 62.99
1205405209550410 63.01
1205405209610265 62.99
1205405209670119 62.99
1205405209730975 63.01
1205405209790844 62.99
1205405209850685 62.99
1205405209910540 62.99
1205405209970394 62.99
1205405300040678 62.99
1205405300090373 63.01
1205405300150215 62.99
1205405300210084 63.01
1205405300270926 62.99
1205405300330779 63.01
1205405300390648 62.99
1205405300450490 62.99
1205405300510345 62.99
1205405300570204 63.03
1205405300630158 63.03
1205405300690913 63.03
1205405300750769 63.03
1205405300810623 63.03
1205405300870478 63.03
1205405300930332 63.03
1205405300990200 63.03
1205405301050042 63.03
1205405301110899 63.03
1205405301170752 63.03
1205405301230637 63.03
1205405301290511 63.03
1205405301350317 63.03
1205405301410173 63.03
1205405301470024 63.05
1205405301530882 63.03
1205405301590844 63.05
1205405301650696 63.03
1205405301670461 63.07
1205405301720423 63.03
1205405301780273 63.05
1205405301840133 63.03
1205405301900989 63.03
1205405301960844 63.03
1205405302020697 63.03
1205405302080548 63.05
1205405302140408 63.03
1205405302200259 63.05
1205405302260115 63.05
1205405302320968 63.05
1205405302380824 63.05
1205405302440679 63.05
1205405302500538 63.03
1205405302560388 63.05
1205405302620243 63.05
1205405302680098 63.05
1205405302740954 63.05
1205405302800809 63.05
1205405302860662 63.05
1205405302920517 63.05
1205405302980372 63.05
1205405303040228 63.05
1205405303100083 63.07
1205405303160939 63.07
1205405303220792 63.07
1205405303280648 63.07
1205405303340503 63.07
1205405303400358 63.07
1205405303460211 63.07
1205405303520066 63.07
1205405303580922 63.07
1205405303640778 63.07
1205405303700633 63.07
1205405303760487 63.07
1205405303820341 63.07
1205405303880197 63.07
1205405303940052 63.07
1205405304000908 63.07
1205405304060763 63.07
1205405304120616 63.07
1205405304180471 63.07
1205405304240327 63.07
1205405304300182 63.07
1205405304360037 63.07
1205405304420891 63.07
1205405304480746 63.07
1205405304540601 63.07
1205405304600456 63.07
1205405304660413 63.09
1205405304680184 63.11
1205405304730141 63.07
1205405304790010 63.07
1205405304850853 63.07
1205405304910706 63.07
1205405304970561 63.07
1205405305030417 63.07
1205405305090286 63.07
1205405305150127 63.09
1205405305210997 63.07
1205405305270836 63.07
1205405305330692 63.07
1205405305390560 63.07
1205405305450401 63.07
1205405305510257 63.07
1205405305570110 63.07
1205405305630966 63.07
1205405305690937 63.07
1205405305750677 63.07
1205405305810532 63.07
1205405305870387 63.07
1205405305930240 63.07
1205405305990109 63.07
1205405306050951 63.07
1205405306110806 63.07
1205405306170662 63.07
1205405306230517 63.07
1205405306290444 63.07
1205405306350226 63.07
1205405306410081 63.07
1205405306470935 63.07
1205405306530790 63.07
1205405306590645 63.07
1205405306650500 63.07
1205405306710355 63.07
1205405306770211 63.07
1205405306830064 63.07
1205405306890934 63.07
1205405306950775 63.07
1205405307010631 63.07
1205405307070486 63.07
1205405307130339 63.07
1205405307190301 63.07
1205405307250049 63.07
1205405307310906 63.07
1205405307370761 63.07
1205405307430614 63.07
1205405307490487 63.07
1205405307550324 63.07
1205405307610180 63.07
1205405307670138 63.07
1205405307690907 63.09
1205405307740865 63.07
1205405307800720 63.07
1205405307860576 63.07
1205405307920430 63.07
1205405307980285 63.07
1205405308040139 63.07
1205405308100995 63.07
1205405308160850 63.07
1205405308230874 63.07
1205405308280559 63.09
1205405308340414 63.07
1205405308400269 63.07
1205405308460124 63.07
1205405308520980 63.07
1205405308580835 63.07
1205405308640691 63.07
1205405308700544 63.07
1205405308760399 63.07
1205405308830362 63.07
1205405308880110 63.07
1205405308940964 63.07
1205405309000819 63.07
1205405309060674 63.07
1205405309120529 63.07
1205405309180384 63.07
1205405309240238 63.07
1205405309300093 63.07
1205405309360949 63.07
1205405309420818 63.07
1205405309480659 63.07
1205405309540514 63.07
1205405309600368 63.07
1205405309660223 63.07
1205405309720078 63.07
1205405309780934 63.07
1205405309840789 63.07
1205405309900643 63.07
1205405309960498 63.07
1205405400020622 63.07
1205405400080464 63.05
1205405400140317 63.09
1205405400200172 63.07
1205405400260028 63.07
1205405400320884 63.07
1205405400380739 63.05
1205405400440594 63.05
1205405400500447 63.05
1205405400560302 63.05
1205405400620161 63.03
1205405400680112 63.05
1205405400700913 63.07
1205405400750847 63.03
1205405400810698 63.05
1205405400870553 63.05
1205405400930413 63.03
1205405400990281 63.03
1205405401050117 63.05
1205405401110977 63.03
1205405401170832 63.03
1205405401230684 63.05
1205405401290556 63.03
1205405401350396 63.03
1205405401410248 63.05
1205405401470106 63.03
1205405401530959 63.05
1205405401590814 63.05
1205405401650667 63.05
1205405401710522 63.05
1205405401770377 63.05
1205405401830233 63.05
1205405401890101 63.05
1205405401950944 63.05
1205405402010797 63.05
1205405402070652 63.05
1205405402130508 63.05
1205405402190363 63.05
1205405402250218 63.05
1205405402310071 63.05
1205405402370927 63.05
1205405402430783 63.05
1205405402490651 63.05
1205405402550491 63.05
1205405402610346 63.07
1205405402670201 63.09
1205405402730056 63.11
1205405402790919 63.11
1205405402850766 63.11
1205405402910621 63.11
1205405402970477 63.11
1205405403030332 63.11
1205405403090200 63.11
1205405403150040 63.11
1205405403210910 63.11
1205405403270751 63.11
1205405403330606 63.11
1205405403390465 63.11
1205405403450317 63.11
1205405403510170 63.11
1205405403570025 63.11
1205405403630881 63.11
1205405403700949 63.11
1205405403710636 63.14
1205405403760566 63.11
1205405403820421 63.11
1205405403880276 63.11
1205405403940132 63.11
1205405404000998 63.12
1205405404060841 63.11
1205405404120701 63.12
1205405404180552 63.11
1205405404240405 63.11
1205405404300264 63.12
1205405404360115 63.11
1205405404420972 63.11
1205405404480827 63.11
1205405404540681 63.11
1205405404600540 63.12
1205405404660392 63.11
1205405404720245 63.11
1205405404780100 63.11
1205405404840957 63.11
1205405404900812 63.07
1205405404960665 63.07
1205405405020521 63.07
1205405405080376 63.07
1205405405140231 63.09
1205405405200084 63.09
1205405405260940 63.09
1205405405320799 63.12
1205405405380651 63.14
1205405405440504 63.18
1205405405500375 63.2
1205405405560214 63.18
1205405405620071 63.2
1205405405680928 63.2
1205405405740781 63.18
1205405405800634 63.18
1205405405860491 63.2
1205405405920346 63.2
1205405405980201 63.2
1205405406040057 63.2
1205405406100909 63.22
1205405406160764 63.22
1205405406220621 63.2
1205405406280475 63.22
1205405406340330 63.22
1205405406400183 63.22
1205405406460038 63.22
1205405406520895 63.22
1205405406580749 63.22
1205405406640607 63.2
1205405406700466 63.22
1205405406720362 63.24
1205405406770290 63.22
1205405406830145 63.22
1205405406890013 63.22
1205405406950854 63.22
1205405407020798 63.25
1205405407070565 63.27
1205405407130420 63.25
1205405407190275 63.25
1205405407250128 63.25
1205405407310984 63.25
1205405407370839 63.25
1205405407430695 63.27
1205405407490579 63.25
1205405407550404 63.25
1205405407610272 63.27
1205405407670113 63.27
1205405407730970 63.27
1205405407790838 63.25
1205405407850678 63.25
1205405407910533 63.27
1205405407970388 63.27
1205405408030244 63.27
1205405408090111 63.25
1205405408150953 63.27
1205405408210816 63.25
1205405408270663 63.27
1205405408330519 63.25
1205405408390387 63.27
1205405408450229 63.27
1205405408510082 63.27
1205405408570938 63.27
1205405408630793 63.27
1205405408690648 63.25
1205405408750502 63.27
1205405408810357 63.27
1205405408870212 63.25
1205405408930067 63.25
1205405408990937 63.25
1205405409050777 63.27
1205405409110633 63.27
1205405409170487 63.27
1205405409230342 63.25
1205405409290219 63.25
1205405409350051 63.25
1205405409410907 63.27
1205405409470762 63.27
1205405409530618 63.27
1205405409590486 63.25
1205405409650328 63.27
1205405409720306 63.25
1205405409730059 63.29
1205405409780012 63.27
1205405409840869 63.27
1205405409900722 63.27
1205405409960578 63.27
1205405500020688 63.27
1205405500080544 63.27
1205405500140399 63.27
1205405500200252 63.27
1205405500260107 63.27
1205405500320963 63.27
1205405500380818 63.25
1205405500440674 63.27
1205405500500527 63.25
1205405500560382 63.25
1205405500620237 63.27
1205405500680092 63.27
1205405500740948 63.27
1205405500800802 63.27
1205405500860657 63.27
1205405500920512 63.27
1205405500980367 63.27
1205405501040222 63.27
1205405501100076 63.25
1205405501160932 63.27
1205405501220787 63.27
1205405501280642 63.25
1205405501340497 63.27
1205405501400351 63.27
1205405501460206 63.27
1205405501520061 63.27
1205405501580917 63.27
1205405501640773 63.25
1205405501700626 63.27
1205405501760481 63.27
1205405501820336 63.25
1205405501880192 63.27
1205405501940045 63.27
1205405502000913 63.27
1205405502060756 63.27
1205405502120612 63.27
1205405502180467 63.27
1205405502240320 63.27
1205405502300175 63.25
1205405502360030 63.27
1205405502420886 63.27
1205405502480741 63.27
1205405502540595 63.27
1205405502600450 63.27
1205405502660306 63.27
1205405502730270 63.25
1205405502740035 63.29
1205405502790033 63.27
1205405502850846 63.27
1205405502910702 63.27
1205405502970557 63.27
1205405503030410 63.27
1205405503090273 63.27
1205405503150121 63.27
1205405503210989 63.27
1205405503270832 63.27
1205405503330685 63.27
1205405503390554 63.27
1205405503450396 63.27
1205405503510251 63.27
1205405503570104 63.27
1205405503630960 63.27
1205405503690816 63.27
1205405503750670 63.27
1205405503810526 63.27
1205405503870381 63.27
1205405503930234 63.25
1205405503990097 63.27
1205405504050946 63.27
1205405504110799 63.27
1205405504170655 63.27
1205405504230510 63.25
1205405504290378 63.25
1205405504350220 63.25
1205405504410075 63.25
1205405504470929 63.25
1205405504530784 63.25
1205405504590661 63.24
1205405504650495 63.25
1205405504710350 63.25
1205405504770203 63.27
1205405504830058 63.25
1205405504890928 63.25
1205405504950769 63.27
1205405505010624 63.25
1205405505070479 63.25
1205405505130335 63.24
1205405505190203 63.24
1205405505250045 63.24
1205405505310901 63.24
1205405505370754 63.25
1205405505430612 63.24
1205405505490475 63.25
1205405505550320 63.24
1205405505610175 63.24
1205405505670028 63.25
1205405505740982 63.25
1205405505750757 63.27
1205405505810794 63.25
1205405505860569 63.25
1205405505920424 63.25
1205405505980280 63.25
1205405506040133 63.25
1205405506100989 63.25
1205405506160844 63.25
1205405506220702 63.24
1205405506280556 63.24
1205405506340409 63.25
1205405506410362 63.25
1205405506460118 63.25
1205405506520976 63.24
1205405506580829 63.25
1205405506640683 63.25
1205405506700540 63.24
1205405506760394 63.25
1205405506820248 63.25
1205405506880104 63.25
1205405506940958 63.25
1205405507010921 63.25
1205405507060668 63.25
1205405507120523 63.25
1205405507180378 63.25
1205405507240232 63.25
1205405507300087 63.25
1205405507360943 63.25
1205405507420798 63.25
1205405507480655 63.24
1205405507540507 63.25
1205405507600362 63.25
1205405507660217 63.25
1205405507720073 63.25
1205405507780928 63.25
1205405507840782 63.25
1205405507900637 63.25
1205405507960492 63.25
1205405508020349 63.24
1205405508080203 63.25
1205405508140056 63.25
1205405508200912 63.25
1205405508260768 63.25
1205405508320623 63.25
1205405508380476 63.25
1205405508440331 63.25
1205405508500194 63.25
1205405508560043 63.24
1205405508620897 63.25
1205405508680752 63.25
1205405508750704 63.25
1205405508760480 63.27
1205405508810437 63.25
1205405508870292 63.25
1205405508930147 63.25
1205405508990022 63.25
1205405509050857 63.25
1205405509110712 63.25
1205405509170567 63.25
1205405509230422 63.25
1205405509290313 63.25
1205405509350131 63.25
1205405509410987 63.25
1205405509470842 63.25
1205405509530699 63.24
1205405509590566 63.25
1205405509650409 63.24
1205405509710262 63.24
1205405509770118 63.24
1205405509830974 63.24
1205405509900888 63.24
1205405509950684 63.24
1205405600010794 63.24
1205405600070648 63.24
1205405600130503 63.24
1205405600190374 63.24
1205405600250213 63.24
1205405600310067 63.24
1205405600370923 63.24
1205405600430778 63.24
1205405600490641 63.24
1205405600550488 63.24
1205405600610342 63.24
1205405600670197 63.24
1205405600730052 63.24
1205405600800957 63.24
1205405600850761 63.22
1205405600910617 63.24
1205405600970472 63.24
1205405601030325 63.25
1205405601090215 63.24
1205405601150037 63.24
1205405601210905 63.24
1205405601270745 63.25
1205405601330602 63.24
1205405601390469 63.24
1205405601450310 63.25
1205405601510168 63.24
1205405601570021 63.24
1205405601630877 63.24
1205405601690732 63.24
1205405601760689 63.24
1205405601770457 63.27
1205405601820417 63.24
1205405601880270 63.25
1205405601940126 63.25
1205405602010112 63.24
1205405602060835 63.25
1205405602120692 63.24
1205405602180545 63.25
1205405602240401 63.25
1205405602300256 63.24
1205405602360111 63.24
1205405602420967 63.24
1205405602480820 63.25
1205405602540677 63.24
1205405602600532 63.24
1205405602660386 63.24
1205405602720241 63.24
1205405602780096 63.24
1205405602840951 63.25
1205405602900805 63.25
1205405602960661 63.24
1205405603020516 63.24
1205405603080371 63.24
1205405603140226 63.24
1205405603200080 63.24
1205405603260934 63.25
1205405603320791 63.24
1205405603380645 63.25
1205405603440501 63.24
1205405603500366 63.25
1205405603560210 63.24
1205405603620065 63.24
1205405603680919 63.25
1205405603740776 63.24
1205405603800631 63.24
1205405603860487 63.24
1205405603920340 63.24
1205405603980193 63.25
1205405604040050 63.24
1205405604100906 63.24
1205405604160759 63.25
1205405604220612 63.25
1205405604280469 63.24
1205405604340323 63.25
1205405604400180 63.24
1205405604460033 63.25
1205405604520887 63.25
1205405604580745 63.24
1205405604640600 63.24
1205405604700455 63.24
1205405604770406 63.25
1205405604780180 63.27
1205405604830140 63.24
1205405604900017 63.25
1205405604950849 63.25
1205405605010704 63.25
1205405605070557 63.25
1205405605130415 63.24
1205405605190282 63.24
1205405605250125 63.24
1205405605310980 63.24
1205405605370833 63.25
1205405605430688 63.27
1205405605500570 63.25
1205405605550398 63.27
1205405605610251 63.25
1205405605670106 63.27
1205405605730963 63.27
1205405605790832 63.25
1205405605850673 63.27
1205405605910527 63.25
1205405605970382 63.25
1205405606030237 63.27
1205405606090100 63.27
1205405606150948 63.27
1205405606210815 63.27
1205405606270656 63.25
1205405606330512 63.25
1205405606400392 63.25
1205405606450222 63.25
1205405606510077 63.25
1205405606570933 63.25
1205405606630787 63.25
1205405606690642 63.25
1205405606750497 63.25
1205405606810353 63.25
1205405606870206 63.25
1205405606930061 63.25
1205405606990917 63.25
1205405607050772 63.25
1205405607110627 63.25
1205405607170482 63.25
1205405607230336 63.25
1205405607300302 63.27
1205405607350046 63.27
1205405607410901 63.25
1205405607470756 63.27
1205405607530611 63.25
1205405607590472 63.27
1205405607650321 63.27
1205405607710176 63.27
1205405607780127 63.25
1205405607790918 63.27
1205405607840862 63.27
1205405607900717 63.27
1205405607960573 63.27
1205405608020426 63.25
1205405608080281 63.27
1205405608140136 63.25
1205405608200992 63.25
1205405608260847 63.25
1205405608320700 63.27
1205405608380556 63.27
1205405608440411 63.25
1205405608510280 63.27
1205405608560122 63.25
1205405608620976 63.25
1205405608680831 63.25
1205405608740686 63.25
1205405608800541 63.25
1205405608860396 63.25
1205405608920251 63.25
1205405608980105 63.27
1205405609040961 63.25
1205405609100816 63.25
1205405609160671 63.25
1205405609220525 63.25
1205405609280380 63.25
1205405609340237 63.24
1205405609400092 63.24
1205405609460949 63.24
1205405609520802 63.24
1205405609580657 63.24
1205405609640512 63.24
1205405609700367 63.24
1205405609760220 63.22
1205405609820076 63.24
1205405609880932 63.24
1205405609940785 63.22
1205405700010910 63.22
1205405700060750 63.22
1205405700120604 63.22
1205405700190582 63.2
1205405700240317 63.2
1205405700300170 63.18
1205405700360025 63.18
1205405700420879 63.18
1205405700480735 63.18
1205405700540589 63.18
1205405700600445 63.18
1205405700660298 63.18
1205405700720155 63.2
1205405700790147 63.16
1205405700800940 63.16
1205405700850841 63.11
1205405700910694 63.09
1205405700970549 63.07