1204403603030348 40.41
1204403603090201 40.39
1204403603150056 40.35
1204403603210914 40.33
1204403603270767 40.33
1204403603330623 40.31
1204403603390478 40.33
1204403603450333 40.31
1204403603510188 40.31
1204403603570042 40.31
1204403603630898 40.31
1204403603690753 40.33
1204403603710771 40.33
1204403603760585 40.33
1204403603820436 40.37
1204403603880291 40.39
1204403603940318 40.39
1204403604000001 40.39
1204403604060858 40.39
1204403604120711 40.37
1204403604180566 40.35
1204403604240597 40.35
1204403604300276 40.37
1204403604360131 40.37
1204403604420987 40.37
1204403604480841 40.37
1204403604540872 40.35
1204403604600551 40.37
1204403604660405 40.37
1204403604720262 40.37
1204403604780115 40.39
1204403604840144 40.39
1204403604900826 40.39
1204403604960680 40.39
1204403605020535 40.37
1204403605080390 40.35
1204403605140247 40.33
1204403605200101 40.33
1204403605260955 40.35
1204403605320810 40.37
1204403605380664 40.39
1204403605440697 40.41
1204403605500377 40.41
1204403605560231 40.41
1204403605620086 40.43
1204403605680944 40.44
1204403605740970 40.44
1204403605800653 40.44
1204403605860508 40.44
1204403605920363 40.44
1204403605980218 40.44
1204403606040072 40.41
1204403606100928 40.43
1204403606160781 40.41
1204403606220636 40.43
1204403606280493 40.44
1204403606340526 40.44
1204403606400203 40.44
1204403606460058 40.44
1204403606520916 40.46
1204403606580770 40.5
1204403606640625 40.54
1204403606700474 40.61
1204403606720498 40.63
1204403606770306 40.67
1204403606830161 40.69
1204403606890016 40.69
1204403606950871 40.69
1204403607010726 40.67
1204403607070582 40.67
1204403607130436 40.67
1204403607190292 40.69
1204403607250147 40.72
1204403607310002 40.72
1204403607370858 40.72
1204403607430717 40.74
1204403607490569 40.76
1204403607550422 40.8
1204403607610281 40.82
1204403607670130 40.87
1204403607730992 40.95
1204403607790842 40.98
1204403607850697 40.98
1204403607910552 40.98
1204403607970411 40.95
1204403608030262 40.91
1204403608090118 40.89
1204403608150972 40.89
1204403608210825 40.87
1204403608270682 40.89
1204403608330536 40.89
1204403608390391 40.89
1204403608450246 40.91
1204403608510103 40.96
1204403608570958 40.96
1204403608630813 40.96
1204403608690668 40.96
1204403608750522 40.98
1204403608810377 40.96
1204403608870232 40.96
1204403608930087 40.96
1204403608990945 40.95
1204403609050795 40.93
1204403609110650 40.93
1204403609170509 40.95
1204403609230358 40.93
1204403609290213 40.93
1204403609350068 40.93
1204403609410924 40.93
1204403609470785 40.95
1204403609530638 40.95
1204403609590494 40.95
1204403609650347 40.96
1204403609710202 40.96
1204403609730226 40.96
1204403609780032 40.96
1204403609840067 40.95
1204403609900745 40.95
1204403609960596 40.91
1204403700020705 40.93
1204403700080564 40.95
1204403700140420 40.95
1204403700200274 40.95
1204403700260130 40.95
1204403700320984 40.96
1204403700380835 40.98
1204403700440866 40.98
1204403700500545 40.98
1204403700560403 41.02
1204403700620260 41
1204403700680110 40.98
1204403700740098 40.98
1204403700800823 40.96
1204403700860678 40.96
1204403700920528 40.93
1204403700980383 40.93
1204403701040238 40.93
1204403701100099 40.95
1204403701160950 40.93
1204403701220803 40.93
1204403701280658 40.93
1204403701340654 40.95
1204403701400372 40.96
1204403701460224 40.98
1204403701520081 41.02
1204403701580935 41.04
1204403701640790 41.04
1204403701700650 41
1204403701760502 41
1204403701820354 40.98
1204403701880209 40.98
1204403701940199 40.96
1204403702000924 41
1204403702060777 41
1204403702120629 40.98
1204403702180484 40.98
1204403702240513 40.98
1204403702300198 41
1204403702360051 41
1204403702420906 41.02
1204403702480759 41.04
1204403702540753 41.02
1204403702600473 41
1204403702660326 41
1204403702720180 40.96
1204403702740546 40.96
1204403702790007 40.93
1204403702850867 40.95
1204403702910722 40.95
1204403702970578 40.95
1204403703030433 40.95
1204403703090288 40.95
1204403703150143 40.95
1204403703210998 40.95
1204403703270851 40.96
1204403703330706 40.96
1204403703390561 40.96
1204403703450416 40.96
1204403703510271 40.95
1204403703570126 40.95
1204403703630977 40.93
1204403703690834 40.91
1204403703750689 40.89
1204403703810542 40.89
1204403703870397 40.91
1204403703930251 40.93
1204403703990106 40.93
1204403704050968 40.95
1204403704110821 40.95
1204403704170675 40.96
1204403704230530 40.96
1204403704290385 40.96
1204403704350238 40.96
1204403704410095 40.95
1204403704470946 40.93
1204403704530803 40.91
1204403704590658 40.91
1204403704650511 40.89
1204403704710364 40.87
1204403704770222 40.85
1204403704830077 40.89
1204403704890933 40.91
1204403704950785 40.93
1204403705010642 40.91
1204403705070495 40.93
1204403705130350 40.93
1204403705190205 40.93
1204403705250063 40.91
1204403705310914 40.93
1204403705370776 40.95
1204403705430625 40.93
1204403705490486 40.95
1204403705550339 40.95
1204403705610191 40.91
1204403705670046 40.91
1204403705730902 40.91
1204403705750931 40.91
1204403705800730 40.93
1204403705860591 40.95
1204403705920440 40.93
1204403705980301 40.95
1204403706040155 40.95
1204403706100008 40.96
1204403706160862 40.98
1204403706220721 41
1204403706280575 41.02
1204403706340605 41.04
1204403706400283 41.02
1204403706460140 41
1204403706520992 40.98
1204403706580847 40.96
1204403706640705 40.95
1204403706700558 40.96
1204403706760416 40.95
1204403706820268 40.96
1204403706880124 40.95
1204403706940161 40.95
1204403707000833 40.96
1204403707060687 40.96
1204403707120542 40.96
1204403707180399 41
1204403707240430 41.02
1204403707300107 41.02
1204403707360963 41.02
1204403707420817 41.02
1204403707480675 41
1204403707540707 40.96
1204403707600382 40.96
1204403707660237 40.96
1204403707720092 40.96
1204403707780947 40.96
1204403707840987 40.95
1204403707900657 40.96
1204403707960512 40.96
1204403708020369 40.95
1204403708080224 40.95
1204403708140075 40.96
1204403708200931 40.96
1204403708260786 40.96
1204403708320642 40.96
1204403708380495 40.96
1204403708440530 40.95
1204403708500332 40.93
1204403708560132 40.93
1204403708620919 40.95
1204403708680773 40.95
1204403708740808 40.95
1204403708760646 40.91
1204403708810454 40.91
1204403708870309 40.91
1204403708930162 40.93
1204403708990018 40.93
1204403709050872 40.93
1204403709110731 40.96
1204403709170586 40.96
1204403709230441 40.96
1204403709290296 40.96
1204403709350153 40.95
1204403709410002 40.93
1204403709470859 40.91
1204403709530712 40.93
1204403709590568 40.93
1204403709650421 40.93
1204403709710276 40.93
1204403709770131 40.93
1204403709830994 40.95
1204403709890849 40.95
1204403709950702 40.95
1204403800010813 40.95
1204403800070662 40.93
1204403800130517 40.93
1204403800190370 40.93
1204403800250228 40.91
1204403800310083 40.89
1204403800370937 40.87
1204403800430794 40.89
1204403800490646 40.93
1204403800550503 40.91
1204403800610358 40.91
1204403800670211 40.93
1204403800730066 40.93
1204403800790922 40.93
1204403800850776 40.93
1204403800910633 40.91
1204403800970486 40.93
1204403801030339 40.93
1204403801090195 40.93
1204403801150050 40.93
1204403801210908 40.91
1204403801270763 40.89
1204403801330616 40.87
1204403801390471 40.89
1204403801450327 40.89
1204403801510182 40.89
1204403801570037 40.89
1204403801630892 40.89
1204403801690747 40.91
1204403801750599 40.93
1204403801770623 40.93
1204403801820436 40.95
1204403801880286 40.93
1204403801940321 40.93
1204403802000995 40.93
1204403802060851 40.93
1204403802120708 40.89
1204403802180562 40.89
1204403802240599 40.89
1204403802300271 40.89
1204403802360126 40.91
1204403802420980 40.93
1204403802480838 40.91
1204403802540878 40.91
1204403802600546 40.89
1204403802660402 40.89
1204403802720257 40.89
1204403802780110 40.89
1204403802840149 40.89
1204403802900822 40.89
1204403802960677 40.89
1204403803020530 40.87
1204403803080386 40.85
1204403803140241 40.85
1204403803200096 40.89
1204403803260950 40.87
1204403803320807 40.91
1204403803380660 40.91
1204403803440698 40.91
1204403803500369 40.93
1204403803560224 40.93
1204403803620079 40.93
1204403803680937 40.96
1204403803740976 41
1204403803800649 41
1204403803860501 40.98
1204403803920491 40.98
1204403803980213 40.95
1204403804040062 40.93
1204403804100920 40.91
1204403804160776 40.91
1204403804220631 40.91
1204403804280486 40.91
1204403804340519 40.89
1204403804400194 40.89
1204403804460050 40.91
1204403804520042 40.91
1204403804580757 40.93
1204403804640616 40.96
1204403804700472 41.02
1204403804760325 41.04
1204403804780349 41.04
1204403804830158 41
1204403804890014 40.95
1204403804950865 40.87
1204403805010723 40.82
1204403805070574 40.8
1204403805130429 40.83
1204403805190285 40.83
1204403805250140 40.83
1204403805320000 40.82
1204403805370853 40.82
1204403805430709 40.82
1204403805490564 40.82
1204403805550419 40.82
1204403805610272 40.82
1204403805670128 40.82
1204403805730980 40.8
1204403805790835 40.8
1204403805850692 40.78
1204403805910544 40.76
1204403805970400 40.76
1204403806030257 40.78
1204403806090110 40.78
1204403806150966 40.78
1204403806210821 40.78
1204403806270675 40.76
1204403806330530 40.78
1204403806390383 40.8
1204403806450239 40.8
1204403806510093 40.83
1204403806570950 40.83
1204403806630803 40.85
1204403806690658 40.85
1204403806750513 40.83
1204403806810372 40.82
1204403806870226 40.82
1204403806930077 40.83
1204403806990933 40.85
1204403807050789 40.85
1204403807110644 40.83
1204403807170497 40.85
1204403807230352 40.85
1204403807290207 40.83
1204403807350062 40.83
1204403807410919 40.83
1204403807470772 40.83
1204403807530627 40.8
1204403807590482 40.8
1204403807650340 40.78
1204403807710195 40.74
1204403807770050 40.74
1204403807790069 40.76
1204403807840059 40.76
1204403807900736 40.78
1204403807960587 40.8
1204403808020442 40.8
1204403808080298 40.8
1204403808140153 40.8
1204403808200008 40.85
1204403808260862 40.83
1204403808320718 40.83
1204403808380573 40.83
1204403808440608 40.83
1204403808500285 40.82
1204403808560137 40.8
1204403808620994 40.78
1204403808680848 40.76
1204403808740880 40.72
1204403808800557 40.72
1204403808860414 40.7
1204403808920266 40.72
1204403808980123 40.7
1204403809040977 40.72
1204403809100831 40.72
1204403809160686 40.72
1204403809220541 40.72
1204403809280396 40.72
1204403809340430 40.72
1204403809400107 40.72
1204403809460960 40.69
1204403809520815 40.69
1204403809580669 40.67
1204403809640525 40.67
1204403809700379 40.67
1204403809760233 40.67
1204403809820090 40.65
1204403809880946 40.65
1204403809940981 40.65
1204403900000656 40.65
1204403900060767 40.65
1204403900120620 40.65
1204403900180480 40.63
1204403900240527 40.63
1204403900300189 40.63
1204403900360045 40.63
1204403900420892 40.61
1204403900480747 40.59
1204403900540779 40.59
1204403900600456 40.59
1204403900660311 40.61
1204403900720166 40.61
1204403900780029 40.63
1204403900800053 40.63
1204403900850860 40.63
1204403900910716 40.63
1204403900970570 40.63
1204403901030424 40.63
1204403901090275 40.65
1204403901150130 40.65
1204403901210990 40.63
1204403901270845 40.63
1204403901330692 40.61
1204403901390546 40.59
1204403901450402 40.57
1204403901510258 40.56
1204403901570114 40.56
1204403901630967 40.57
1204403901690821 40.57
1204403901750678 40.56
1204403901810531 40.57
1204403901870386 40.57
1204403901930245 40.65
1204403901990097 40.69
1204403902050956 40.7
1204403902110953 40.74
1204403902170668 40.74
1204403902230522 40.7
1204403902290373 40.69
1204403902350229 40.65
1204403902410081 40.59
1204403902470942 40.54
1204403902530796 40.54
1204403902590648 40.52
1204403902650503 40.52
1204403902710462 40.52
1204403902770215 40.5
1204403902830067 40.52
1204403902890925 40.54
1204403902950781 40.54
1204403903010636 40.54
1204403903070486 40.52
1204403903130344 40.54
1204403903190201 40.54
1204403903250054 40.54
1204403903310910 40.54
1204403903370762 40.56
1204403903430613 40.57
1204403903490469 40.61
1204403903550324 40.61
1204403903610179 40.57
1204403903670035 40.56
1204403903730891 40.56
1204403903790749 40.54
1204403903810777 40.54
1204403903860578 40.52
1204403903920431 40.52
1204403903980290 40.5
1204403904040141 40.48
1204403904100998 40.48
1204403904160852 40.48
1204403904220710 40.46
1204403904280565 40.46
1204403904340597 40.48
1204403904400271 40.52
1204403904460126 40.56
1204403904520979 40.57
1204403904580835 40.57
1204403904640689 40.57
1204403904700553 40.63
1204403904760407 40.63
1204403904820258 40.65
1204403904880110 40.67
1204403904940147 40.67
1204403905000823 40.65
1204403905060682 40.63
1204403905120528 40.59
1204403905180389 40.54
1204403905240422 40.44
1204403905300095 40.41
1204403905360950 40.41
1204403905420805 40.43
1204403905480660 40.41
1204403905540695 40.43
1204403905600370 40.52
1204403905660224 40.67
1204403905720081 40.8
1204403905780935 40.87
1204403905840972 40.91
1204403905900647 40.91
1204403905960502 40.91
1204403906020357 40.89
1204403906080209 40.87
1204403906140067 40.83
1204403906200926 40.82
1204403906260780 40.82
1204403906320635 40.82
1204403906380486 40.8
1204403906440521 40.8
1204403906500196 40.78
1204403906560052 40.78
1204403906620908 40.78
1204403906680763 40.78
1204403906740619 40.78
1204403906800472 40.78
1204403906820496 40.78
1204403906870303 40.78
1204403906930159 40.78
1204403906990010 40.76
1204403907050866 40.72
1204403907110725 40.74
1204403907170581 40.74
1204403907230435 40.74
1204403907290289 40.74
1204403907350144 40.74
1204403907410996 40.72
1204403907470855 40.74
1204403907530706 40.76
1204403907590561 40.76
1204403907650415 40.76
1204403907710270 40.76
1204403907770125 40.76
1204403907830981 40.76
1204403907890840 40.74
1204403907950694 40.74
1204403908010545 40.72
1204403908070404 40.74
1204403908130255 40.76
1204403908190109 40.76
1204403908250965 40.76
1204403908310820 40.76
1204403908370677 40.78
1204403908430532 40.78
1204403908490386 40.78
1204403908550239 40.8
1204403908610094 40.8
1204403908670954 40.82
1204403908730804 40.8
1204403908790661 40.78
1204403908850514 40.76
1204403908910368 40.72
1204403908970225 40.7
1204403909030078 40.72
1204403909090934 40.72
1204403909150790 40.72
1204403909210647 40.7
1204403909270498 40.72
1204403909330357 40.74
1204403909390208 40.76
1204403909450064 40.76
1204403909510920 40.76
1204403909570775 40.78
1204403909630628 40.76
1204403909690483 40.76
1204403909750342 40.74
1204403909810197 40.74
1204403909830216 40.72
1204403909880023 40.72
1204403909940059 40.72
1204404000000737 40.74
1204404000060844 40.76
1204404000120703 40.74
1204404000180559 40.74
1204404000240600 40.74
1204404000300290 40.8
1204404000360120 40.8
1204404000420975 40.8
1204404000480829 40.8
1204404000540866 40.8
1204404000600541 40.8
1204404000660399 40.82
1204404000720250 40.8
1204404000780105 40.78
1204404000840146 40.78
1204404000900814 40.8
1204404000960673 40.82
1204404001020523 40.8
1204404001080378 40.8
1204404001140233 40.8
1204404001200087 40.8
1204404001260947 40.82
1204404001320803 40.82
1204404001380658 40.82
1204404001440691 40.82
1204404001500363 40.8
1204404001560218 40.8
1204404001620072 40.8
1204404001680928 40.76
1204404001740967 40.76
1204404001800638 40.76
1204404001860494 40.8
1204404001920353 40.82
1204404001980207 40.82
1204404002040058 40.8
1204404002100912 40.8
1204404002160769 40.83
1204404002220623 40.85
1204404002280483 40.82
1204404002340513 40.83
1204404002400191 40.82
1204404002460046 40.82
1204404002520898 40.8
1204404002580754 40.78
1204404002640607 40.76
1204404002700462 40.76
1204404002760318 40.76
1204404002820173 40.76
1204404002840578 40.78
1204404002890005 40.78
1204404002950859 40.76
1204404003010713 40.76
1204404003070570 40.78
1204404003130424 40.8
1204404003190277 40.8
1204404003250133 40.8
1204404003310989 40.83
1204404003370846 40.82
1204404003430702 40.82
1204404003490556 40.82
1204404003550407 40.8
1204404003610265 40.78
1204404003670116 40.8
1204404003730973 40.8
1204404003790828 40.8
1204404003850681 40.8
1204404003910537 40.8
1204404003970392 40.8
1204404004030247 40.8
1204404004090105 40.82
1204404004150960 40.82
1204404004210812 40.83
1204404004270668 40.83
1204404004330522 40.83
1204404004390375 40.83
1204404004450235 40.82
1204404004510085 40.8
1204404004570944 40.78
1204404004630796 40.8
1204404004690652 40.83
1204404004750509 40.82
1204404004810365 40.82
1204404004870215 40.83
1204404004930071 40.85
1204404004990927 40.85
1204404005050782 40.85
1204404005110635 40.85
1204404005170490 40.85
1204404005230345 40.85
1204404005290351 40.83
1204404005350060 40.82
1204404005410910 40.8
1204404005470765 40.76
1204404005530623 40.78
1204404005590475 40.8
1204404005650330 40.8
1204404005710186 40.8
1204404005770042 40.78
1204404005830896 40.8
1204404005850926 40.82
1204404005900726 40.83
1204404005960582 40.83
1204404006020435 40.85
1204404006080291 40.85
1204404006140146 40.85
1204404006200000 40.85
1204404006260855 40.85
1204404006320710 40.83
1204404006380565 40.83
1204404006440637 40.83
1204404006500275 40.83
1204404006560129 40.85
1204404006620983 40.87
1204404006680840 40.85
1204404006740876 40.85
1204404006800549 40.89
1204404006860405 40.89
1204404006920259 40.89
1204404006980114 40.89
1204404007040969 40.87
1204404007100825 40.83
1204404007160679 40.83
1204404007220538 40.82
1204404007280393 40.82
1204404007340438 40.8
1204404007400104 40.82
1204404007460954 40.83
1204404007520809 40.85
1204404007580664 40.85
1204404007640520 40.85
1204404007700375 40.85
1204404007760227 40.87
1204404007820082 40.87
1204404007880937 40.87
1204404007940972 40.89
1204404008000648 40.89
1204404008060503 40.89
1204404008120356 40.87
1204404008180213 40.85
1204404008240254 40.83
1204404008300924 40.83
1204404008360779 40.85
1204404008420633 40.85
1204404008480488 40.85
1204404008540523 40.83
1204404008600198 40.83
1204404008660051 40.87
1204404008720907 40.87
1204404008780761 40.87
1204404008840794 40.87
1204404008860642 40.89
1204404008910446 40.87
1204404008970301 40.87
1204404009030159 40.89
1204404009090011 40.87
1204404009150868 40.85
1204404009210723 40.83
1204404009270576 40.87
1204404009330433 40.89
1204404009390288 40.91
1204404009450142 40.89
1204404009510998 40.89
1204404009570854 40.89
1204404009630709 40.91
1204404009690562 40.89
1204404009750418 40.89
1204404009810272 40.89
1204404009870126 40.89
1204404009930981 40.87
1204404009990836 40.87
1204404100050947 40.85
1204404100110800 40.87
1204404100170658 40.85
1204404100230512 40.85
1204404100290365 40.87
1204404100350220 40.87
1204404100410075 40.87
1204404100470931 40.87
1204404100530787 40.91
1204404100590640 40.93
1204404100650495 40.93
1204404100710356 40.95
1204404100770208 40.96
1204404100830066 40.95
1204404100890920 40.95
1204404100950776 40.95
1204404101010627 40.89
1204404101070482 40.89
1204404101130336 40.89
1204404101190191 40.89
1204404101250046 40.89
1204404101310900 40.87
1204404101370755 40.87
1204404101430611 40.91
1204404101490469 40.95
1204404101550325 40.95
1204404101610177 40.96
1204404101670032 40.96
1204404101730890 40.95
1204404101790739 40.93
1204404101850596 40.91
1204404101870620 40.91
1204404101920427 40.89
1204404101980280 40.83
1204404102040140 40.82
1204404102100993 40.83
1204404102160846 40.83
1204404102220706 40.82
1204404102280711 40.83
1204404102340593 40.87
1204404102400265 40.91
1204404102460119 40.93
1204404102520978 40.96
1204404102580834 41.02
1204404102640688 41.02
1204404102700543 41.02
1204404102760397 41.02
1204404102820250 40.98
1204404102880255 40.96
1204404102940155 40.96
1204404103000820 40.95
1204404103060673 40.96
1204404103120530 40.95
1204404103180383 40.95
1204404103240414 40.93
1204404103300094 40.95
1204404103360947 40.96
1204404103420802 40.96
1204404103480653 40.96
1204404103540511 40.96
1204404103600365 40.98
1204404103660220 40.98
1204404103720079 40.95
1204404103780928 40.93
1204404103840971 40.91
1204404103900637 40.93
1204404103960499 40.95
1204404104020353 40.95
1204404104080282 40.95
1204404104140063 40.95
1204404104200919 40.95
1204404104260771 40.96
1204404104320628 40.95
1204404104380477 40.93
1204404104440537 40.93
1204404104500186 40.93
1204404104560042 40.93
1204404104620898 40.91
1204404104680752 40.89
1204404104740810 40.87
1204404104800462 40.87
1204404104860317 40.89
1204404104880565 40.89
1204404104930148 40.91
1204404104990167 40.91
1204404105050860 40.91
1204404105110715 40.91
1204404105170567 40.93
1204404105230428 40.95
1204404105290280 40.96
1204404105350135 40.96
1204404105410993 41
1204404105470844 40.98
1204404105530701 40.96
1204404105590557 40.95
1204404105650407 40.93
1204404105710263 40.91
1204404105770117 40.93
1204404105830972 40.93
1204404105890826 40.93
1204404105950682 40.91
1204404106010537 40.91
1204404106070394 40.91
1204404106130247 40.91
1204404106190103 40.91
1204404106250959 40.91
1204404106310812 40.91
1204404106370668 40.91
1204404106430522 40.91
1204404106490377 40.91
1204404106550232 40.91
1204404106610087 40.89
1204404106670943 40.89
1204404106730798 40.91
1204404106790652 40.91
1204404106850507 40.91
1204404106910362 40.91
1204404106970217 40.91
1204404107030071 40.91
1204404107090926 40.93
1204404107150783 40.91
1204404107210636 40.91
1204404107270495 40.95
1204404107330351 40.95
1204404107390199 40.93
1204404107450056 40.91
1204404107510911 40.91
1204404107570766 40.87
1204404107630622 40.89
1204404107690477 40.89
1204404107750331 40.91
1204404107810184 40.93
1204404107870041 40.91
1204404107890417 40.93
1204404107940054 40.91
1204404108000726 40.93
1204404108060581 40.93
1204404108120435 40.93
1204404108180295 40.95
1204404108240351 40.95
1204404108300999 40.93
1204404108360857 40.91
1204404108420712 40.89
1204404108480564 40.87
1204404108540602 40.85
1204404108600276 40.85
1204404108660128 40.87
1204404108720987 40.85
1204404108780842 40.85
1204404108840896 40.85
1204404108900549 40.87
1204404108960403 40.87
1204404109020260 40.89
1204404109080114 40.93
1204404109140971 40.91
1204404109200827 40.91
1204404109260681 40.89
1204404109320535 40.89
1204404109380389 40.85
1204404109440452 40.83
1204404109500099 40.83
1204404109560956 40.85
1204404109620811 40.83
1204404109680666 40.85
1204404109740704 40.85
1204404109800374 40.83
1204404109860230 40.85
1204404109920085 40.83
1204404109980940 40.83
1204404200040050 40.85
1204404200100905 40.85
1204404200160761 40.83
1204404200220615 40.85
1204404200280473 40.82
1204404200340511 40.82
1204404200400183 40.82
1204404200460038 40.82
1204404200520891 40.83
1204404200580745 40.83
1204404200640600 40.83
1204404200700454 40.83
1204404200760308 40.87
1204404200820162 40.87
1204404200880019 40.89
1204404200900045 40.87
1204404200950847 40.87
1204404201010703 40.87
1204404201070639 40.85
1204404201130415 40.83
1204404201190273 40.82
1204404201250127 40.78
1204404201310980 40.76
1204404201370834 40.8
1204404201430694 40.82
1204404201490545 40.83
1204404201550398 40.85
1204404201610253 40.85
1204404201670106 40.87
1204404201730963 40.87
1204404201790818 40.87
1204404201850671 40.87
1204404201910529 40.85
1204404201970388 40.82
1204404202030242 40.82
1204404202090093 40.8
1204404202150949 40.76
1204404202210804 40.72
1204404202270660 40.7
1204404202330516 40.7
1204404202390368 40.72
1204404202450225 40.7
1204404202510078 40.72
1204404202570935 40.72
1204404202630793 40.74
1204404202690642 40.76
1204404202750502 40.74
1204404202810353 40.76
1204404202870210 40.78
1204404202930065 40.78
1204404202990920 40.78
1204404203050773 40.76
1204404203110632 40.74
1204404203170482 40.72
1204404203230342 40.74
1204404203290195 40.74
1204404203350048 40.76
1204404203410908 40.74
1204404203470761 40.74
1204404203530616 40.74
1204404203590467 40.76
1204404203650322 40.76
1204404203710177 40.76
1204404203770036 40.82
1204404203830891 40.82
1204404203890745 40.82
1204404203910773 40.8
1204404203960575 40.78
1204404204020426 40.76
1204404204080286 40.74
1204404204140141 40.74
1204404204200996 40.74
1204404204260848 40.76
1204404204320702 40.76
1204404204380556 40.76
1204404204440616 40.76
1204404204500267 40.76
1204404204560123 40.78
1204404204620977 40.76
1204404204680832 40.76
1204404204740872 40.74
1204404204800541 40.72
1204404204860397 40.72
1204404204920251 40.72
1204404204980108 40.7
1204404205040009 40.69
1204404205100819 40.7
1204404205160671 40.72
1204404205220526 40.72
1204404205280384 40.74
1204404205340440 40.72
1204404205400095 40.74
1204404205460949 40.74
1204404205520804 40.74
1204404205580660 40.74
1204404205640510 40.76
1204404205700366 40.76
1204404205760221 40.76
1204404205820076 40.76
1204404205880935 40.74
1204404205940989 40.72
1204404206000640 40.72
1204404206060494 40.72
1204404206120353 40.74
1204404206180208 40.74
1204404206240272 40.72
1204404206300920 40.74
1204404206360774 40.74
1204404206420625 40.76
1204404206480480 40.76
1204404206540525 40.78
1204404206600189 40.76
1204404206660209 40.74
1204404206720905 40.74
1204404206780760 40.74
1204404206840810 40.72
1204404206900465 40.72
1204404206920497 40.7
1204404206970296 40.7
1204404207030149 40.72
1204404207090006 40.7
1204404207150860 40.72
1204404207210716 40.7
1204404207270573 40.7
1204404207330429 40.74
1204404207390284 40.74
1204404207450134 40.72
1204404207510990 40.72
1204404207570845 40.72
1204404207630700 40.72
1204404207690555 40.72
1204404207750410 40.72
1204404207810267 40.7
1204404207870120 40.7
1204404207930974 40.72
1204404207990829 40.72
1204404208050685 40.7
1204404208110541 40.7
1204404208170395 40.7
1204404208230251 40.7
1204404208290104 40.72
1204404208350961 40.7
1204404208410816 40.7
1204404208470670 40.7
1204404208530525 40.7
1204404208590381 40.7
1204404208650231 40.69
1204404208710085 40.67
1204404208770943 40.65
1204404208830802 40.63
1204404208890653 40.65
1204404208950506 40.67
1204404209010363 40.65
1204404209070219 40.65
1204404209130071 40.65
1204404209190926 40.67
1204404209250781 40.69
1204404209310641 40.7
1204404209370490 40.69
1204404209430348 40.72
1204404209490202 40.72
1204404209550057 40.72
1204404209610914 40.7
1204404209670765 40.69
1204404209730621 40.69
1204404209790475 40.67
1204404209850330 40.69
1204404209910190 40.7
1204404209930220 40.7
1204404209980020 40.7
1204404300040125 40.69
1204404300100985 40.7
1204404300160840 40.7
1204404300220693 40.72
1204404300280550 40.7
1204404300340601 40.72
1204404300400260 40.7
1204404300460113 40.72
1204404300520970 40.7
1204404300580822 40.69
1204404300640676 40.67
1204404300700530 40.69
1204404300760386 40.69
1204404300820244 40.7
1204404300880096 40.72
1204404300940175 40.7
1204404301000808 40.72
1204404301060663 40.72
1204404301120521 40.74
1204404301180371 40.76
1204404301240423 40.78
1204404301300082 40.8
1204404301360938 40.8
1204404301420792 40.8
1204404301480648 40.8
1204404301540724 40.76
1204404301600361 40.74
1204404301660215 40.74
1204404301720070 40.74
1204404301780922 40.76
1204404301840992 40.74
1204404301900636 40.74
1204404301960487 40.76
1204404302020340 40.76
1204404302080196 40.8
1204404302140051 40.8
1204404302200910 40.82
1204404302260765 40.82
1204404302320620 40.82
1204404302380471 40.8
1204404302440541 40.8
1204404302500179 40.76
1204404302560035 40.72
1204404302620890 40.72
1204404302680749 40.74
1204404302740807 40.72
1204404302800457 40.7
1204404302860311 40.72
1204404302920166 40.72
1204404302950579 40.74
1204404303000000 40.74
1204404303050851 40.76
1204404303110710 40.74
1204404303170563 40.78
1204404303230419 40.78
1204404303290272 40.78
1204404303350128 40.78
1204404303410980 40.76
1204404303470836 40.76
1204404303530694 40.74
1204404303590546 40.76
1204404303650401 40.78
1204404303710254 40.8
1204404303770109 40.8
1204404303830967 40.78
1204404303890820 40.8
1204404303950675 40.8
1204404304010530 40.8
1204404304070387 40.78
1204404304130240 40.8
1204404304190095 40.76
1204404304250949 40.76
1204404304310808 40.74
1204404304370663 40.74
1204404304430519 40.74
1204404304490372 40.74
1204404304550227 40.74
1204404304610078 40.76
1204404304670935 40.8
1204404304730792 40.78
1204404304790647 40.78
1204404304850645 40.78
1204404304910354 40.8
1204404304970211 40.78
1204404305030064 40.78
1204404305090919 40.76
1204404305150774 40.72
1204404305210629 40.72
1204404305270484 40.72
1204404305330341 40.7
1204404305390192 40.69
1204404305450174 40.69
1204404305510906 40.7
1204404305570759 40.72
1204404305630614 40.72
1204404305690469 40.72
1204404305750326 40.74
1204404305810181 40.74
1204404305870036 40.74
1204404305930888 40.76
1204404305950916 40.76
1204404306000719 40.76
1204404306060574 40.76
1204404306120433 40.74
1204404306180288 40.74
1204404306240143 40.74
1204404306300995 40.7
1204404306360850 40.7
1204404306420705 40.7
1204404306480558 40.72
1204404306540620 40.7
1204404306600270 40.7
1204404306660122 40.72
1204404306720978 40.72
1204404306780837 40.74
1204404306840692 40.74
1204404306900544 40.76
1204404306960401 40.82
1204404307020253 40.85
1204404307080106 40.83
1204404307140962 40.83
1204404307200818 40.83
1204404307260677 40.82
1204404307320528 40.8
1204404307380383 40.8
1204404307440453 40.82
1204404307500095 40.82
1204404307560952 40.82
1204404307620807 40.82
1204404307680660 40.82
1204404307740516 40.82
1204404307800367 40.83
1204404307860222 40.83
1204404307920075 40.83
1204404307980933 40.83
1204404308040790 40.82
1204404308100645 40.82
1204404308160500 40.82
1204404308220355 40.82
1204404308280210 40.82
1204404308340263 40.82
1204404308400920 40.82