1204402400080490 39.81
1204402400140345 39.81
1204402400200200 39.81
1204402400260054 39.81
1204402400290058 39.81
1204402400330886 39.81
1204402400390742 39.77
1204402400450597 39.76
1204402400510452 39.76
1204402400570312 39.74
1204402400630167 39.74
1204402400690021 39.7
1204402400750878 39.66
1204402400820733 39.66
1204402400880730 39.66
1204402400930441 39.66
1204402400990293 39.64
1204402401060152 39.66
1204402401120007 39.66
1204402401180862 39.66
1204402401240717 39.66
1204402401290568 39.68
1204402401350423 39.68
1204402401420282 39.66
1204402401480136 39.66
1204402401530988 39.68
1204402401600847 39.7
1204402401660702 39.7
1204402401710553 39.68
1204402401770407 39.68
1204402401830262 39.64
1204402401890113 39.61
1204402401950969 39.53
1204402402010826 39.48
1204402402080685 39.46
1204402402140539 39.46
1204402402190389 39.48
1204402402250244 39.48
1204402402310099 39.48
1204402402380107 39.48
1204402402440811 39.48
1204402402490664 39.55
1204402402550517 39.61
1204402402620381 39.66
1204402402680231 39.64
1204402402740085 39.63
1204402402790939 39.61
1204402402850792 39.57
1204402402910647 39.55
1204402402970502 39.51
1204402403040363 39.46
1204402403100215 39.4
1204402403160074 39.42
1204402403220928 39.42
1204402403280783 39.42
1204402403300790 39.4
1204402403350613 39.42
1204402403410469 39.46
1204402403470320 39.48
1204402403530286 39.51
1204402403590028 39.53
1204402403650883 39.51
1204402403710738 39.51
1204402403770593 39.51
1204402403830554 39.51
1204402403890301 39.51
1204402403950161 39.5
1204402404010014 39.48
1204402404070870 39.48
1204402404130812 39.46
1204402404190579 39.48
1204402404250438 39.46
1204402404310291 39.44
1204402404370144 39.4
1204402404430119 39.4
1204402404490857 39.38
1204402404550713 39.38
1204402404610564 39.36
1204402404670420 39.36
1204402404730353 39.36
1204402404790131 39.35
1204402404850988 39.35
1204402404910839 39.36
1204402404970694 39.36
1204402405030702 39.36
1204402405090406 39.38
1204402405150258 39.4
1204402405210117 39.46
1204402405270969 39.48
1204402405330945 39.48
1204402405390677 39.48
1204402405450536 39.46
1204402405510392 39.46
1204402405570247 39.46
1204402405630206 39.46
1204402405690955 39.44
1204402405750811 39.42
1204402405810667 39.38
1204402405870522 39.38
1204402405930451 39.36
1204402405990226 39.31
1204402406050080 39.29
1204402406110936 39.29
1204402406170793 39.31
1204402406230758 39.35
1204402406290505 39.35
1204402406310512 39.33
1204402406360337 39.35
1204402406420192 39.35
1204402406480045 39.35
1204402406540896 39.33
1204402406600757 39.35
1204402406660610 39.35
1204402406720466 39.35
1204402406780315 39.33
1204402406840176 39.35
1204402406900027 39.4
1204402406960887 39.42
1204402407020738 39.44
1204402407080593 39.44
1204402407140451 39.46
1204402407200304 39.5
1204402407260159 39.5
1204402407320010 39.48
1204402407380026 39.48
1204402407440725 39.46
1204402407500581 39.46
1204402407560436 39.46
1204402407620289 39.46
1204402407680144 39.46
1204402407740999 39.44
1204402407800854 39.44
1204402407860711 39.42
1204402407920564 39.42
1204402407980416 39.4
1204402408040271 39.4
1204402408100126 39.4
1204402408160980 39.4
1204402408220836 39.4
1204402408280696 39.42
1204402408340549 39.42
1204402408400400 39.4
1204402408460255 39.4
1204402408520110 39.4
1204402408580970 39.42
1204402408640821 39.44
1204402408700679 39.46
1204402408760534 39.46
1204402408820387 39.44
1204402408880407 39.44
1204402408940097 39.44
1204402409000955 39.42
1204402409060804 39.4
1204402409120663 39.42
1204402409180515 39.4
1204402409240374 39.42
1204402409300225 39.4
1204402409320246 39.4
1204402409370058 39.38
1204402409430020 39.38
1204402409490766 39.4
1204402409550620 39.4
1204402409610476 39.4
1204402409670333 39.42
1204402409730310 39.44
1204402409790043 39.42
1204402409850898 39.44
1204402409910753 39.44
1204402409970608 39.42
1204402500030868 39.4
1204402500090570 39.4
1204402500150424 39.36
1204402500210283 39.38
1204402500270135 39.36
1204402500330083 39.31
1204402500390843 39.27
1204402500450698 39.29
1204402500510554 39.31
1204402500570414 39.35
1204402500630264 39.35
1204402500690120 39.4
1204402500750975 39.4
1204402500810829 39.4
1204402500870683 39.4
1204402500930661 39.38
1204402500990393 39.36
1204402501050249 39.31
1204402501110218 39.25
1204402501170957 39.25
1204402501230905 39.27
1204402501290667 39.27
1204402501350521 39.27
1204402501410377 39.33
1204402501470238 39.35
1204402501530093 39.4
1204402501590945 39.44
1204402501650801 39.46
1204402501710770 39.46
1204402501770509 39.44
1204402501830461 39.42
1204402501890217 39.4
1204402501950234 39.4
1204402502010928 39.4
1204402502070787 39.38
1204402502130748 39.38
1204402502190493 39.4
1204402502250351 39.42
1204402502310233 39.44
1204402502330492 39.42
1204402502380037 39.46
1204402502440891 39.44
1204402502500748 39.46
1204402502560597 39.51
1204402502620452 39.51
1204402502680305 39.51
1204402502740165 39.5
1204402502800017 39.48
1204402502860038 39.46
1204402502920730 39.44
1204402502980583 39.4
1204402503040442 39.38
1204402503100293 39.4
1204402503160151 39.42
1204402503220006 39.46
1204402503280861 39.46
1204402503340713 39.48
1204402503400566 39.51
1204402503460424 39.5
1204402503520275 39.51
1204402503580129 39.53
1204402503640039 39.55
1204402503700840 39.53
1204402503760696 39.51
1204402503820554 39.5
1204402503880551 39.5
1204402503940262 39.48
1204402504000120 39.46
1204402504060974 39.44
1204402504120830 39.46
1204402504180685 39.46
1204402504240625 39.46
1204402504300395 39.46
1204402504360250 39.46
1204402504420103 39.44
1204402504480960 39.46
1204402504540815 39.46
1204402504600751 39.48
1204402504660681 39.48
1204402504720376 39.48
1204402504780235 39.46
1204402504840084 39.48
1204402504900942 39.48
1204402504960800 39.46
1204402505020653 39.44
1204402505080669 39.44
1204402505140365 39.46
1204402505200216 39.48
1204402505260074 39.46
1204402505320926 39.48
1204402505340938 39.48
1204402505390756 39.48
1204402505450611 39.48
1204402505510469 39.5
1204402505570322 39.5
1204402505630294 39.53
1204402505690028 39.53
1204402505750883 39.51
1204402505810739 39.51
1204402505870593 39.51
1204402505930544 39.5
1204402505990307 39.5
1204402506050160 39.48
1204402506110016 39.5
1204402506170869 39.51
1204402506230850 39.53
1204402506290578 39.51
1204402506350434 39.51
1204402506410289 39.51
1204402506470142 39.51
1204402506530093 39.53
1204402506590853 39.53
1204402506650708 39.53
1204402506710563 39.51
1204402506770417 39.53
1204402506830380 39.51
1204402506890131 39.5
1204402506950988 39.5
1204402507010841 39.5
1204402507070697 39.5
1204402507130676 39.5
1204402507190406 39.5
1204402507250261 39.5
1204402507310116 39.5
1204402507370972 39.5
1204402507430918 39.53
1204402507490677 39.55
1204402507550532 39.57
1204402507610388 39.59
1204402507670243 39.59
1204402507730127 39.59
1204402507790955 39.59
1204402507850806 39.57
1204402507910662 39.55
1204402507970518 39.55
1204402508030525 39.53
1204402508090225 39.55
1204402508150081 39.55
1204402508210936 39.53
1204402508270792 39.53
1204402508330754 39.53
1204402508350657 39.53
1204402508400477 39.53
1204402508460332 39.55
1204402508520345 39.55
1204402508580040 39.53
1204402508640897 39.53
1204402508700848 39.53
1204402508760606 39.55
1204402508820461 39.53
1204402508880466 39.51
1204402508940170 39.51
1204402509000026 39.51
1204402509060881 39.53
1204402509120736 39.53
1204402509180591 39.53
1204402509240447 39.51
1204402509300293 39.51
1204402509360155 39.55
1204402509420011 39.59
1204402509480865 39.61
1204402509540723 39.63
1204402509600576 39.61
1204402509660433 39.63
1204402509720285 39.61
1204402509780140 39.61
1204402509840089 39.61
1204402509900852 39.59
1204402509960706 39.61
1204402600020818 39.59
1204402600080670 39.61
1204402600140527 39.59
1204402600200381 39.59
1204402600260237 39.59
1204402600320089 39.61
1204402600380097 39.61
1204402600440801 39.61
1204402600500657 39.63
1204402600560513 39.64
1204402600620366 39.63
1204402600680221 39.63
1204402600740074 39.61
1204402600800930 39.61
1204402600860784 39.61
1204402600920642 39.59
1204402600980496 39.63
1204402601040351 39.63
1204402601100203 39.61
1204402601160058 39.61
1204402601220916 39.63
1204402601280770 39.63
1204402601340627 39.64
1204402601360640 39.64
1204402601410618 39.64
1204402601470313 39.64
1204402601530298 39.63
1204402601590193 39.66
1204402601650877 39.63
1204402601710731 39.63
1204402601770585 39.61
1204402601830546 39.59
1204402601890293 39.57
1204402601950152 39.59
1204402602010003 39.61
1204402602070860 39.61
1204402602130814 39.61
1204402602190570 39.59
1204402602250427 39.59
1204402602310278 39.61
1204402602370134 39.61
1204402602430119 39.61
1204402602490845 39.61
1204402602550700 39.61
1204402602610553 39.61
1204402602670409 39.59
1204402602730516 39.59
1204402602790117 39.57
1204402602850973 39.57
1204402602910831 39.59
1204402602970683 39.57
1204402603030697 39.59
1204402603090393 39.57
1204402603150247 39.57
1204402603210102 39.57
1204402603270958 39.57
1204402603330933 39.59
1204402603390667 39.61
1204402603450523 39.61
1204402603510378 39.59
1204402603570234 39.59
1204402603630222 39.59
1204402603690942 39.57
1204402603750797 39.57
1204402603810652 39.55
1204402603870507 39.57
1204402603930460 39.57
1204402603990219 39.59
1204402604050074 39.59
1204402604110929 39.59
1204402604170785 39.59
1204402604230765 39.61
1204402604290611 39.63
1204402604350348 39.63
1204402604370357 39.63
1204402604420182 39.64
1204402604480036 39.64
1204402604540895 39.66
1204402604600800 39.64
1204402604660600 39.64
1204402604720611 39.61
1204402604780307 39.61
1204402604840162 39.61
1204402604900019 39.63
1204402604960875 39.63
1204402605020729 39.63
1204402605080584 39.63
1204402605140437 39.61
1204402605200292 39.63
1204402605260149 39.63
1204402605320003 39.63
1204402605380860 39.64
1204402605440716 39.64
1204402605500568 39.63
1204402605560424 39.63
1204402605620279 39.63
1204402605680130 39.61
1204402605740986 39.61
1204402605800840 39.61
1204402605860695 39.61
1204402605920552 39.63
1204402605980405 39.61
1204402606040262 39.59
1204402606100116 39.61
1204402606160972 39.61
1204402606220827 39.61
1204402606280681 39.61
1204402606340536 39.61
1204402606400390 39.61
1204402606460247 39.59
1204402606520100 39.61
1204402606580958 39.59
1204402606640811 39.55
1204402606700666 39.57
1204402606760520 39.55
1204402606820376 39.55
1204402606880230 39.57
1204402606940084 39.57
1204402607000940 39.57
1204402607060795 39.55
1204402607120651 39.55
1204402607180504 39.57
1204402607240362 39.59
1204402607300213 39.61
1204402607360070 39.57
1204402607380429 39.61
1204402607430014 39.59
1204402607490757 39.59
1204402607550612 39.59
1204402607610465 39.57
1204402607670321 39.55
1204402607730178 39.55
1204402607790029 39.55
1204402607850885 39.55
1204402607910740 39.53
1204402607970595 39.51
1204402608030608 39.53
1204402608090304 39.51
1204402608150159 39.53
1204402608210015 39.53
1204402608270869 39.53
1204402608330836 39.53
1204402608390579 39.53
1204402608450434 39.51
1204402608510288 39.53
1204402608570144 39.51
1204402608630997 39.53
1204402608690855 39.51
1204402608750726 39.51
1204402608810563 39.51
1204402608870420 39.51
1204402608930395 39.51
1204402608990128 39.51
1204402609050984 39.51
1204402609110839 39.53
1204402609170694 39.53
1204402609230659 39.53
1204402609290403 39.53
1204402609350259 39.51
1204402609410114 39.51
1204402609470968 39.51
1204402609530959 39.51
1204402609590682 39.5
1204402609650535 39.48
1204402609710389 39.48
1204402609770244 39.48
1204402609830232 39.48
1204402609890958 39.46
1204402609950814 39.46
1204402700010924 39.46
1204402700070834 39.46
1204402700130754 39.46
1204402700190576 39.48
1204402700250343 39.46
1204402700310196 39.44
1204402700370053 39.42
1204402700390060 39.44
1204402700440884 39.42
1204402700500740 39.42
1204402700560590 39.4
1204402700620449 39.38
1204402700680451 39.4
1204402700740159 39.38
1204402700800010 39.4
1204402700860864 39.4
1204402700920720 39.4
1204402700980665 39.4
1204402701040433 39.38
1204402701100284 39.36
1204402701160139 39.36
1204402701220994 39.36
1204402701280970 39.35
1204402701340709 39.35
1204402701400564 39.35
1204402701460419 39.35
1204402701520273 39.35
1204402701580128 39.35
1204402701640983 39.35
1204402701700834 39.36
1204402701760689 39.4
1204402701820548 39.42
1204402701880497 39.42
1204402701940254 39.4
1204402702000108 39.4
1204402702060964 39.4
1204402702120818 39.4
1204402702180677 39.42
1204402702240533 39.42
1204402702300382 39.4
1204402702360338 39.38
1204402702420093 39.4
1204402702480958 39.35
1204402702540808 39.38
1204402702600658 39.36
1204402702660516 39.38
1204402702720368 39.4
1204402702780222 39.4
1204402702840077 39.4
1204402702900934 39.4
1204402702960791 39.42
1204402703020646 39.42
1204402703080499 39.44
1204402703140354 39.44
1204402703200210 39.46
1204402703260063 39.48
1204402703320921 39.46
1204402703380918 39.48
1204402703400786 39.5
1204402703450604 39.48
1204402703510462 39.46
1204402703570316 39.46
1204402703630163 39.46
1204402703690025 39.46
1204402703750977 39.44
1204402703810735 39.44
1204402703870589 39.44
1204402703930457 39.44
1204402703990299 39.44
1204402704050155 39.46
1204402704110011 39.46
1204402704170860 39.51
1204402704230718 39.53
1204402704290571 39.53
1204402704350424 39.55
1204402704410279 39.55
1204402704470229 39.55
1204402704530113 39.55
1204402704590845 39.53
1204402704650700 39.53
1204402704710555 39.53
1204402704770411 39.53
1204402704830274 39.51
1204402704890118 39.51
1204402704950975 39.51
1204402705010927 39.53
1204402705070684 39.53
1204402705130665 39.55
1204402705190394 39.57
1204402705250249 39.55
1204402705310103 39.55
1204402705370959 39.55
1204402705430946 39.55
1204402705490669 39.53
1204402705550523 39.53
1204402705610379 39.53
1204402705670234 39.53
1204402705730083 39.53
1204402705790944 39.51
1204402705850799 39.51
1204402705910656 39.5
1204402705970508 39.53
1204402706030522 39.53
1204402706090219 39.53
1204402706150073 39.55
1204402706210927 39.57
1204402706270782 39.55
1204402706330757 39.57
1204402706390493 39.55
1204402706410504 39.55
1204402706460323 39.53
1204402706520178 39.55
1204402706580033 39.55
1204402706640889 39.55
1204402706700743 39.55
1204402706760599 39.53
1204402706820453 39.53
1204402706880454 39.53
1204402706940164 39.53
1204402707000017 39.57
1204402707060875 39.59
1204402707120731 39.59
1204402707180582 39.61
1204402707240437 39.61
1204402707300293 39.61
1204402707360147 39.61
1204402707420003 39.59
1204402707480860 39.59
1204402707540714 39.59
1204402707600568 39.59
1204402707660423 39.61
1204402707720279 39.59
1204402707780304 39.59
1204402707840989 39.59
1204402707900844 39.59
1204402707960697 39.61
1204402708020551 39.61
1204402708080408 39.61
1204402708140264 39.63
1204402708200118 39.63
1204402708260972 39.61
1204402708320827 39.61
1204402708380839 39.61
1204402708440538 39.59
1204402708500391 39.57
1204402708560248 39.59
1204402708620102 39.61
1204402708680956 39.61
1204402708740812 39.61
1204402708800669 39.59
1204402708860521 39.61
1204402708920376 39.61
1204402708980231 39.61
1204402709040088 39.63
1204402709100942 39.61
1204402709160797 39.61
1204402709220651 39.61
1204402709280506 39.61
1204402709340362 39.61
1204402709400374 39.61
1204402709420227 39.61
1204402709470046 39.57
1204402709530910 39.59
1204402709590758 39.59
1204402709650612 39.63
1204402709710468 39.59
1204402709770323 39.59
1204402709830308 39.57
1204402709890030 39.57
1204402709950889 39.59
1204402800010997 39.57
1204402800070854 39.59
1204402800130707 39.57
1204402800190562 39.55
1204402800250415 39.55
1204402800310366 39.53
1204402800370126 39.53
1204402800430984 39.51
1204402800490837 39.51
1204402800550691 39.51
1204402800610547 39.53
1204402800670400 39.53
1204402800730250 39.53
1204402800790111 39.55
1204402800850967 39.55
1204402800910822 39.57
1204402800970677 39.57
1204402801030699 39.57
1204402801090385 39.57
1204402801150241 39.55
1204402801210095 39.55
1204402801270953 39.55
1204402801330823 39.51
1204402801390665 39.5
1204402801450518 39.48
1204402801510372 39.48
1204402801570229 39.5
1204402801630085 39.5
1204402801690939 39.5
1204402801750794 39.5
1204402801810646 39.51
1204402801870500 39.51
1204402801930475 39.55
1204402801990211 39.59
1204402802050067 39.59
1204402802110922 39.59
1204402802170774 39.57
1204402802230623 39.59
1204402802290485 39.57
1204402802350339 39.55
1204402802410195 39.55
1204402802430531 39.55
1204402802480024 39.55
1204402802540879 39.55
1204402802600735 39.55
1204402802660591 39.51
1204402802720446 39.51
1204402802780300 39.53
1204402802840155 39.53
1204402802900009 39.53
1204402802960864 39.55
1204402803020721 39.57
1204402803080574 39.57
1204402803140429 39.55
1204402803200284 39.55
1204402803260140 39.55
1204402803320996 39.53
1204402803380014 39.55
1204402803440706 39.53
1204402803500559 39.53
1204402803560415 39.55
1204402803620270 39.53
1204402803680124 39.53
1204402803740978 39.53
1204402803800834 39.55
1204402803860813 39.55
1204402803920543 39.57
1204402803980399 39.57
1204402804040253 39.55
1204402804100107 39.55
1204402804160964 39.55
1204402804220819 39.55
1204402804280674 39.55
1204402804340529 39.53
1204402804400382 39.53
1204402804460358 39.53
1204402804520093 39.55
1204402804580948 39.53
1204402804640804 39.53
1204402804700657 39.53
1204402804760514 39.53
1204402804820367 39.53
1204402804880222 39.55
1204402804940077 39.55
1204402805000934 39.57
1204402805060897 39.55
1204402805120643 39.57
1204402805180497 39.55
1204402805240352 39.53
1204402805300206 39.53
1204402805360063 39.53
1204402805420917 39.53
1204402805440931 39.51
1204402805490749 39.53
1204402805550604 39.53
1204402805610518 39.53
1204402805670313 39.55
1204402805730176 39.55
1204402805790024 39.59
1204402805850880 39.59
1204402805910733 39.61
1204402805970588 39.61
1204402806030602 39.59
1204402806090299 39.59
1204402806150154 39.59
1204402806210009 39.59
1204402806270862 39.57
1204402806330845 39.55
1204402806390573 39.57
1204402806450428 39.55
1204402806510283 39.55
1204402806570136 39.51
1204402806630152 39.51
1204402806690847 39.53
1204402806750701 39.53
1204402806810556 39.55
1204402806870411 39.55
1204402806930401 39.57
1204402806990122 39.57
1204402807050977 39.55
1204402807110831 39.57
1204402807170687 39.57
1204402807230825 39.55
1204402807290397 39.55
1204402807350252 39.55
1204402807410106 39.55
1204402807470962 39.55
1204402807530825 39.55
1204402807590671 39.55
1204402807650526 39.55
1204402807710380 39.57
1204402807770237 39.59
1204402807830227 39.59
1204402807890946 39.57
1204402807950800 39.55
1204402808010657 39.55
1204402808070510 39.55
1204402808130522 39.53
1204402808190219 39.53
1204402808250074 39.53
1204402808310930 39.53
1204402808370786 39.55
1204402808430652 39.55
1204402808450655 39.55
1204402808500471 39.55
1204402808560326 39.55
1204402808620179 39.55
1204402808680035 39.55
1204402808740891 39.57
1204402808800747 39.57
1204402808860602 39.59
1204402808920553 39.59
1204402808980311 39.57
1204402809040165 39.57
1204402809100020 39.57
1204402809160875 39.57
1204402809220730 39.55
1204402809280585 39.55
1204402809340440 39.55
1204402809400294 39.55
1204402809460150 39.55
1204402809520003 39.55
1204402809580860 39.55
1204402809640715 39.55
1204402809700570 39.55
1204402809760425 39.55
1204402809820280 39.57
1204402809880137 39.59
1204402809940990 39.57
1204402900000099 39.57
1204402900060054 39.57
1204402900120810 39.57
1204402900180664 39.55
1204402900240520 39.55
1204402900300373 39.55
1204402900360228 39.57
1204402900420084 39.57
1204402900480939 39.57
1204402900540794 39.57
1204402900600649 39.57
1204402900660505 39.59
1204402900720360 39.59
1204402900780214 39.61
1204402900840067 39.61
1204402900900923 39.61
1204402900960780 39.59
1204402901020634 39.59
1204402901080490 39.59
1204402901140346 39.59
1204402901200199 39.59
1204402901260054 39.59
1204402901320910 39.59
1204402901380915 39.59
1204402901440621 39.59
1204402901460865 39.59
1204402901510451 39.59
1204402901570304 39.55
1204402901630163 39.57
1204402901690015 39.59
1204402901750870 39.59
1204402901810726 39.59
1204402901870579 39.57
1204402901930595 39.57
1204402901990290 39.59
1204402902050253 39.59
1204402902110998 39.57
1204402902170854 39.57
1204402902230718 39.59
1204402902290564 39.59
1204402902350420 39.59
1204402902410271 39.61
1204402902470128 39.61
1204402902530981 39.61
1204402902590837 39.61
1204402902650693 39.61
1204402902710547 39.61
1204402902770404 39.63
1204402902830418 39.61
1204402902890112 39.61
1204402902950970 39.63
1204402903010822 39.61
1204402903070678 39.61
1204402903130530 39.57
1204402903190387 39.57
1204402903250242 39.57
1204402903310098 39.59
1204402903370953 39.57
1204402903430823 39.57
1204402903490662 39.61
1204402903550520 39.63
1204402903610379 39.66
1204402903670235 39.7
1204402903730251 39.7
1204402903790945 39.7
1204402903850799 39.7
1204402903910654 39.7
1204402903970509 39.7
1204402904030442 39.66
1204402904090219 39.66
1204402904150070 39.64
1204402904210930 39.66
1204402904270779 39.68
1204402904330660 39.66
1204402904390490 39.64
1204402904450345 39.64
1204402904470358 39.64
1204402904520175 39.64
1204402904580030 39.64
1204402904640885 39.64
1204402904700740 39.64
1204402904760596 39.64
1204402904820447 39.63
1204402904880457 39.63
1204402904940155 39.61
1204402905000011 39.61
1204402905060865 39.61
1204402905120720 39.61
1204402905180578 39.59
1204402905240429 39.61
1204402905300287 39.59
1204402905360140 39.61
1204402905420995 39.57
1204402905480852 39.59
1204402905540917 39.59
1204402905600560 39.61
1204402905660415 39.61
1204402905720271 39.59
1204402905780127 39.59
1204402905840980 39.61
1204402905900837 39.59
1204402905960691 39.57
1204402906020546 39.55
1204402906080400 39.55
1204402906140254 39.55
1204402906200110 39.55
1204402906260964 39.55
1204402906320819 39.55
1204402906380826 39.55
1204402906440529 39.55
1204402906500384 39.61
1204402906560242 39.64
1204402906620101 39.66
1204402906680952 39.72
1204402906740805 39.72
1204402906800666 39.7
1204402906860522 39.7
1204402906920376 39.7
1204402906980228 39.68
1204402907040259 39.66
1204402907100942 39.66
1204402907160797 39.7
1204402907220648 39.68
1204402907280599 39.68
1204402907340358 39.68
1204402907400373 39.68
1204402907460071 39.7
1204402907480331 39.7
1204402907530064 39.7
1204402907590757 39.7
1204402907650605 39.72
1204402907710467 39.7
1204402907770322 39.7
1204402907830183 39.7
1204402907890031 39.66
1204402907950882 39.68
1204402908010742 39.66
1204402908070596 39.66
1204402908130610 39.66
1204402908190307 39.66
1204402908250156 39.64
1204402908310013 39.64
1204402908370867 39.64
1204402908430967 39.68
1204402908490578 39.68
1204402908550431 39.68
1204402908610291 39.66
1204402908670142 39.64
1204402908730017 39.66
1204402908790856 39.66
1204402908850712 39.66
1204402908910561 39.64
1204402908970415 39.63
1204402909030431 39.63
1204402909090126 39.64
1204402909150979 39.63
1204402909210835 39.63
1204402909270691 39.64
1204402909330705 39.63
1204402909390402 39.64
1204402909450255 39.63
1204402909510109 39.63
1204402909570964 39.63
1204402909630979 39.61
1204402909690673 39.61
1204402909750529 39.63
1204402909810384 39.63
1204402909870237 39.61
1204402909930252 39.61
1204402909990947 39.61
1204403000060059 39.63
1204403000120914 39.63
1204403000180767 39.61
1204403000240635 39.63
1204403000300479 39.63
1204403000360333 39.63
1204403000420188 39.63
1204403000480043 39.63
1204403000500060 39.64
1204403000550937 39.64
1204403000610730 39.63
1204403000670585 39.64
1204403000730439 39.63
1204403000790292 39.61
1204403000850147 39.61
1204403000910004 39.59
1204403000970857 39.61
1204403001030714 39.63
1204403001090707 39.61
1204403001150424 39.59
1204403001210279 39.59
1204403001270131 39.57
1204403001330989 39.59
1204403001390843 39.59
1204403001450841 39.59
1204403001510553 39.59
1204403001570405 39.55
1204403001630260 39.55
1204403001690115 39.55
1204403001750972 39.55
1204403001810827 39.55
1204403001870681 39.55
1204403001930536 39.53
1204403001990391 39.57
1204403002050245 39.57
1204403002110100 39.57
1204403002170956 39.55
1204403002230810 39.57
1204403002290824 39.57
1204403002350519 39.57
1204403002410376 39.57
1204403002470231 39.55
1204403002530084 39.53
1204403002590941 39.51
1204403002650799 39.5
1204403002710652 39.48
1204403002770506 39.48
1204403002830365 39.46
1204403002890215 39.48
1204403002950071 39.48
1204403003010927 39.48
1204403003070783 39.48
1204403003130637 39.48
1204403003190491 39.48
1204403003250348 39.5
1204403003310204 39.5
1204403003370057 39.5
1204403003430913 39.48
1204403003490771 39.46
1204403003510783 39.48
1204403003560596 39.48
1204403003620452 39.48
1204403003680309 39.46
1204403003740329 39.46
1204403003800019 39.46
1204403003860877 39.46
1204403003920730 39.46
1204403003980585 39.46
1204403004040564 39.46
1204403004100293 39.44
1204403004160150 39.46
1204403004220004 39.46
1204403004280859 39.44
1204403004340900 39.46
1204403004400568 39.44
1204403004460424 39.42
1204403004520280 39.42
1204403004580132 39.44
1204403004640112 39.44
1204403004700845 39.42
1204403004760700 39.42
1204403004820555 39.42
1204403004880409 39.42
1204403004940282 39.42
1204403005000119 39.42
1204403005060975 39.42
1204403005120829 39.42
1204403005180682 39.44
1204403005240667 39.46
1204403005300392 39.44
1204403005360250 39.42
1204403005420102 39.42
1204403005480956 39.4
1204403005540975 39.4
1204403005600665 39.4
1204403005660523 39.38
1204403005720378 39.38
1204403005780234 39.38
1204403005840214 39.38
1204403005900943 39.38
1204403005960798 39.38
1204403006020652 39.38
1204403006080509 39.38
1204403006140529 39.4
1204403006200213 39.4
1204403006260068 39.4
1204403006320929 39.38
1204403006380780 39.36
1204403006440760 39.36
1204403006500492 39.35
1204403006520507 39.35
1204403006570323 39.35
1204403006630173 39.33
1204403006690027 39.33
1204403006750889 39.35
1204403006810738 39.33
1204403006870593 39.33
1204403006930448 39.33
1204403006990460 39.33
1204403007050280 39.33
1204403007110011 39.33
1204403007170869 39.33
1204403007230722 39.33
1204403007290584 39.35
1204403007350433 39.33
1204403007410293 39.35
1204403007470141 39.33
1204403007530997 39.33
1204403007590851 39.33
1204403007650709 39.31
1204403007710561 39.33
1204403007770416 39.33
1204403007830273 39.31
1204403007890128 39.31
1204403007950984 39.31
1204403008010838 39.31
1204403008070692 39.33
1204403008130552 39.35
1204403008190407 39.35
1204403008250262 39.35
1204403008310116 39.35
1204403008370969 39.36
1204403008430827 39.35
1204403008490683 39.35
1204403008550537 39.35
1204403008610385 39.33
1204403008670246 39.35
1204403008730096 39.36
1204403008790956 39.35
1204403008850811 39.35
1204403008910764 39.35
1204403008970518 39.36
1204403009030541 39.36
1204403009090227 39.36
1204403009150081 39.36
1204403009210941 39.35
1204403009270797 39.35
1204403009330647 39.36
1204403009390500 39.33
1204403009450355 39.33
1204403009510211 39.31
1204403009530227 39.31
1204403009580045 39.35
1204403009640061 39.33
1204403009700751 39.31
1204403009760605 39.33
1204403009820466 39.35
1204403009880315 39.33
1204403009940335 39.33
1204403100000031 39.35
1204403100060140 39.35
1204403100120996 39.35
1204403100180846 39.33
1204403100240876 39.35
1204403100300560 39.33
1204403100360409 39.33
1204403100420266 39.31
1204403100480121 39.31
1204403100540142 39.33
1204403100600833 39.31
1204403100660686 39.31
1204403100720542 39.31
1204403100780396 39.31
1204403100840424 39.31
1204403100900109 39.35
1204403100960960 39.33
1204403101020814 39.33
1204403101080674 39.35
1204403101140693 39.31
1204403101200379 39.33
1204403101260234 39.33
1204403101320090 39.31
1204403101380944 39.29
1204403101440967 39.29
1204403101500654 39.29
1204403101560509 39.29
1204403101620362 39.27
1204403101680218 39.27
1204403101740240 39.27
1204403101800930 39.31
1204403101860783 39.33
1204403101920639 39.33
1204403101980498 39.35
1204403102040521 39.35
1204403102100208 39.35
1204403102160064 39.35
1204403102220914 39.33
1204403102280770 39.31
1204403102340793 39.31
1204403102400477 39.29
1204403102460332 39.29
1204403102520188 39.27
1204403102540558 39.29
1204403102590018 39.29
1204403102650874 39.27
1204403102710729 39.25
1204403102770582 39.25
1204403102830437 39.27
1204403102890292 39.27
1204403102950148 39.27
1204403103010003 39.27
1204403103070859 39.27
1204403103130712 39.29
1204403103190567 39.29
1204403103250423 39.27
1204403103310278 39.29
1204403103370131 39.27
1204403103430987 39.29
1204403103490842 39.29
1204403103550698 39.27
1204403103610553 39.27
1204403103670406 39.25
1204403103730261 39.25
1204403103790116 39.27
1204403103850973 39.27
1204403103910828 39.27
1204403103970681 39.25
1204403104030537 39.27
1204403104090392 39.29
1204403104150247 39.29
1204403104210100 39.27
1204403104270957 39.27
1204403104330812 39.25
1204403104390667 39.27
1204403104450522 39.27
1204403104510376 39.27
1204403104570231 39.29
1204403104630086 39.29
1204403104690942 39.27
1204403104750796 39.29
1204403104810652 39.31
1204403104870508 39.31
1204403104930363 39.31
1204403104990218 39.31
1204403105050072 39.27
1204403105110927 39.27
1204403105170780 39.27
1204403105230636 39.25
1204403105290491 39.25
1204403105350346 39.25
1204403105410201 39.31
1204403105470054 39.33
1204403105530916 39.35
1204403105550931 39.35