1204401002530459 40.91
1204401002590310 40.93
1204401002650170 40.93
1204401002710293 40.93
1204401002770877 40.93
1204401002830733 40.93
1204401002890592 40.93
1204401002950447 40.91
1204401003010303 40.89
1204401003070153 40.89
1204401003130006 40.87
1204401003190864 40.85
1204401003250718 40.85
1204401003310573 40.83
1204401003370521 40.82
1204401003430284 40.83
1204401003490139 40.83
1204401003550995 40.83
1204401003610848 40.83
1204401003670704 40.83
1204401003730560 40.83
1204401003790417 40.82
1204401003850267 40.83
1204401003910125 40.82
1204401003970984 40.82
1204401004030837 40.82
1204401004090687 40.8
1204401004150546 40.78
1204401004210402 40.78
1204401004270251 40.76
1204401004330108 40.76
1204401004390968 40.7
1204401004450818 40.72
1204401004510794 40.72
1204401004570526 40.72
1204401004630382 40.72
1204401004690239 40.72
1204401004750098 40.74
1204401004810955 40.74
1204401004830960 40.74
1204401004880778 40.76
1204401004940642 40.74
1204401005000490 40.76
1204401005060348 40.74
1204401005120213 40.74
1204401005180055 40.72
1204401005240909 40.72
1204401005300765 40.7
1204401005360620 40.72
1204401005420488 40.7
1204401005480331 40.7
1204401005540185 40.7
1204401005600037 40.69
1204401005660895 40.7
1204401005720762 40.7
1204401005780603 40.72
1204401005840459 40.72
1204401005900312 40.72
1204401005960173 40.74
1204401006020051 40.74
1204401006080883 40.74
1204401006140737 40.74
1204401006200592 40.74
1204401006260448 40.74
1204401006320312 40.74
1204401006380227 40.74
1204401006440009 40.74
1204401006500868 40.74
1204401006560723 40.74
1204401006620584 40.72
1204401006680426 40.72
1204401006740418 40.7
1204401006800138 40.72
1204401006860992 40.7
1204401006920858 40.72
1204401006980704 40.74
1204401007040561 40.74
1204401007100416 40.74
1204401007160265 40.76
1204401007220132 40.76
1204401007280978 40.76
1204401007340834 40.74
1204401007400689 40.74
1204401007460540 40.76
1204401007520410 40.74
1204401007580250 40.76
1204401007640108 40.74
1204401007700961 40.72
1204401007760906 40.74
1204401007820686 40.74
1204401007840677 40.74
1204401007890501 40.72
1204401007950355 40.72
1204401008010211 40.7
1204401008070065 40.72
1204401008130922 40.72
1204401008190779 40.74
1204401008250635 40.74
1204401008310490 40.74
1204401008370428 40.74
1204401008430200 40.74
1204401008490049 40.76
1204401008550905 40.76
1204401008610764 40.74
1204401008670615 40.76
1204401008730470 40.76
1204401008790401 40.76
1204401008850180 40.76
1204401008910036 40.74
1204401008970894 40.74
1204401009030749 40.74
1204401009090600 40.72
1204401009150459 40.74
1204401009210310 40.72
1204401009270169 40.74
1204401009330019 40.76
1204401009390875 40.76
1204401009450731 40.76
1204401009510585 40.76
1204401009570439 40.76
1204401009630296 40.76
1204401009690148 40.76
1204401009750004 40.76
1204401009810860 40.76
1204401009870804 40.76
1204401009930570 40.76
1204401009990426 40.76
1204401100050536 40.76
1204401100110392 40.74
1204401100170250 40.74
1204401100230100 40.76
1204401100290956 40.72
1204401100350810 40.72
1204401100410668 40.74
1204401100470524 40.74
1204401100530377 40.74
1204401100590234 40.74
1204401100650083 40.76
1204401100710967 40.76
1204401100770793 40.76
1204401100830648 40.76
1204401100850891 40.76
1204401100900482 40.76
1204401100960336 40.8
1204401101020282 40.82
1204401101080044 40.8
1204401101140903 40.82
1204401101200759 40.82
1204401101260609 40.8
1204401101320469 40.8
1204401101380320 40.78
1204401101440173 40.76
1204401101500195 40.76
1204401101560884 40.76
1204401101620747 40.76
1204401101680593 40.76
1204401101740450 40.76
1204401101800303 40.76
1204401101860161 40.78
1204401101920024 40.76
1204401101980870 40.78
1204401102040725 40.8
1204401102100745 40.82
1204401102160432 40.85
1204401102220299 40.89
1204401102280144 40.89
1204401102340000 40.89
1204401102400853 40.89
1204401102460707 40.93
1204401102520564 40.89
1204401102580420 40.89
1204401102640275 40.89
1204401102700230 40.89
1204401102760986 40.89
1204401102820850 40.89
1204401102880694 40.89
1204401102940548 40.89
1204401103000401 40.87
1204401103060258 40.89
1204401103120123 40.89
1204401103180970 40.89
1204401103240824 40.89
1204401103300729 40.89
1204401103360536 40.89
1204401103420398 40.89
1204401103480246 40.89
1204401103540099 40.89
1204401103600953 40.87
1204401103660808 40.87
1204401103720674 40.85
1204401103780518 40.87
1204401103840374 40.87
1204401103860322 40.89
1204401103910205 40.87
1204401103970061 40.89
1204401104030917 40.89
1204401104090770 40.89
1204401104150627 40.89
1204401104210479 40.89
1204401104270336 40.89
1204401104330190 40.89
1204401104390046 40.89
1204401104450900 40.91
1204401104510755 40.91
1204401104570610 40.91
1204401104630463 40.91
1204401104690317 40.91
1204401104750175 40.91
1204401104810028 40.89
1204401104870975 40.89
1204401104930739 40.91
1204401104990594 40.91
1204401105050448 40.91
1204401105110302 40.93
1204401105170162 40.95
1204401105230019 40.95
1204401105290873 40.95
1204401105350727 40.95
1204401105410579 40.96
1204401105470438 40.95
1204401105530290 40.96
1204401105590143 40.98
1204401105650997 40.98
1204401105710853 40.98
1204401105770711 40.96
1204401105830564 40.96
1204401105890421 40.95
1204401105950271 40.93
1204401106010126 40.93
1204401106070981 40.93
1204401106130835 40.93
1204401106190691 40.93
1204401106250551 40.95
1204401106310404 40.96
1204401106370358 40.95
1204401106430117 40.95
1204401106490971 40.95
1204401106550827 40.95
1204401106610678 40.98
1204401106670535 41
1204401106730387 41.06
1204401106790242 41.06
1204401106850096 41.08
1204401106880454 41.06
1204401106920936 41.08
1204401106980783 41.06
1204401107040639 41.06
1204401107100492 41.06
1204401107160442 41.06
1204401107220286 41.06
1204401107280057 41.06
1204401107340912 41.06
1204401107400768 41.06
1204401107460622 41.06
1204401107520487 41.06
1204401107580331 41.06
1204401107640188 41.06
1204401107700042 41.06
1204401107760899 41.06
1204401107820762 41.08
1204401107880605 41.1
1204401107940459 41.1
1204401108000316 41.11
1204401108060172 41.11
1204401108120032 41.1
1204401108180881 41.1
1204401108240735 41.1
1204401108300590 41.1
1204401108360443 41.1
1204401108420310 41.11
1204401108480154 41.1
1204401108540011 41.11
1204401108600867 41.11
1204401108660721 41.11
1204401108720585 41.08
1204401108780429 41.1
1204401108840284 41.1
1204401108900141 41.11
1204401108960993 41.1
1204401109020931 41.1
1204401109080703 41.1
1204401109140558 41.1
1204401109200413 41.1
1204401109260269 41.1
1204401109320132 41.13
1204401109380980 41.08
1204401109440833 41.11
1204401109500690 41.11
1204401109560546 41.11
1204401109620406 41.11
1204401109680255 41.13
1204401109740108 41.13
1204401109800964 41.11
1204401109860820 41.11
1204401109880820 41.1
1204401109930650 41.11
1204401109990506 41.11
1204401200050615 41.11
1204401200110471 41.11
1204401200170323 41.11
1204401200230179 41.1
1204401200290134 41.1
1204401200350972 41.1
1204401200410743 41.1
1204401200470597 41.1
1204401200530453 41.11
1204401200590307 41.13
1204401200650163 41.13
1204401200710017 41.13
1204401200770875 41.15
1204401200830726 41.13
1204401200890609 41.13
1204401200950436 41.13
1204401201010294 41.13
1204401201070148 41.13
1204401201130002 41.13
1204401201190857 41.13
1204401201250715 41.11
1204401201310570 41.11
1204401201370509 41.11
1204401201430279 41.11
1204401201490143 41.11
1204401201550985 41.1
1204401201610846 41.11
1204401201670696 41.13
1204401201730552 41.13
1204401201790408 41.13
1204401201850259 41.13
1204401201910118 41.13
1204401201970971 41.13
1204401202030827 41.13
1204401202090690 41.13
1204401202150535 41.13
1204401202210392 41.13
1204401202270322 41.13
1204401202330100 41.13
1204401202390955 41.13
1204401202450808 41.13
1204401202510668 41.11
1204401202570522 41.11
1204401202630377 41.11
1204401202690232 41.11
1204401202750087 41.11
1204401202810944 41.11
1204401202870884 41.11
1204401202890096 41.11
1204401202940626 41.13
1204401203000480 41.13
1204401203060338 41.11
1204401203120201 41.11
1204401203180047 41.11
1204401203240902 41.11
1204401203300760 41.11
1204401203360611 41.13
1204401203420477 41.11
1204401203480321 41.13
1204401203540174 41.13
1204401203600031 41.11
1204401203660886 41.11
1204401203720908 41.11
1204401203780598 41.11
1204401203840453 41.11
1204401203900305 41.13
1204401203960161 41.13
1204401204020083 41.11
1204401204080868 41.13
1204401204140723 41.13
1204401204200582 41.13
1204401204260434 41.13
1204401204320294 41.13
1204401204380145 41.13
1204401204440002 41.15
1204401204500854 41.13
1204401204560710 41.13
1204401204620573 41.13
1204401204680421 41.11
1204401204740273 41.13
1204401204800130 41.13
1204401204860987 41.11
1204401204920845 41.13
1204401204980693 41.13
1204401205040548 41.13
1204401205100404 41.13
1204401205160261 41.13
1204401205220125 41.15
1204401205280972 41.13
1204401205340823 41.13
1204401205400679 41.13
1204401205460533 41.13
1204401205520519 41.13
1204401205580246 41.13
1204401205640096 41.13
1204401205700955 41.13
1204401205760808 41.13
1204401205820672 41.13
1204401205880520 41.13
1204401205900526 41.13
1204401205950348 41.13
1204401206010202 41.13
1204401206070060 41.15
1204401206130916 41.15
1204401206190771 41.15
1204401206250625 41.17
1204401206310481 41.15
1204401206370420 41.15
1204401206430191 41.15
1204401206490044 41.15
1204401206550902 41.15
1204401206610757 41.15
1204401206670611 41.15
1204401206730466 41.15
1204401206790319 41.15
1204401206850177 41.15
1204401206910028 41.13
1204401206970883 41.13
1204401207030739 41.13
1204401207090592 41.13
1204401207150447 41.13
1204401207210305 41.17
1204401207270160 41.15
1204401207330016 41.17
1204401207390870 41.19
1204401207450722 41.19
1204401207510581 41.17
1204401207570435 41.17
1204401207630290 41.19
1204401207690141 41.19
1204401207750998 41.19
1204401207810852 41.19
1204401207870793 41.19
1204401207930564 41.19
1204401207990419 41.17
1204401208050274 41.19
1204401208110129 41.17
1204401208170985 41.17
1204401208230841 41.17
1204401208290694 41.17
1204401208350551 41.17
1204401208410404 41.17
1204401208470258 41.17
1204401208530113 41.17
1204401208590970 41.17
1204401208650824 41.17
1204401208710678 41.17
1204401208770534 41.17
1204401208830389 41.17
1204401208890242 41.19
1204401208910242 41.19
1204401208960075 41.17
1204401209020032 41.17
1204401209080792 41.17
1204401209140639 41.15
1204401209200493 41.15
1204401209260348 41.17
1204401209320212 41.17
1204401209380059 41.19
1204401209440911 41.19
1204401209500768 41.21
1204401209560625 41.21
1204401209620488 41.21
1204401209680333 41.21
1204401209740188 41.21
1204401209800043 41.21
1204401209860901 41.21
1204401209920762 41.21
1204401209980610 41.21
1204401300040719 41.21
1204401300100575 41.21
1204401300160426 41.19
1204401300220291 41.19
1204401300280137 41.19
1204401300340993 41.19
1204401300400850 41.19
1204401300460705 41.17
1204401300520566 41.19
1204401300580414 41.19
1204401300640269 41.19
1204401300700123 41.19
1204401300760977 41.19
1204401300820840 41.19
1204401300880687 41.19
1204401300940545 41.17
1204401301000399 41.17
1204401301060253 41.17
1204401301120117 41.17
1204401301180963 41.19
1204401301240818 41.19
1204401301300673 41.17
1204401301360529 41.17
1204401301420392 41.17
1204401301480237 41.17
1204401301540095 41.17
1204401301600948 41.19
1204401301660800 41.19
1204401301720667 41.21
1204401301780513 41.21
1204401301840368 41.21
1204401301900224 41.21
1204401301920495 41.21
1204401301970052 41.21
1204401302030920 41.21
1204401302090764 41.19
1204401302150621 41.21
1204401302210474 41.21
1204401302270328 41.21
1204401302330182 41.19
1204401302390035 41.19
1204401302450891 41.19
1204401302510748 41.19
1204401302570604 41.19
1204401302630457 41.19
1204401302690312 41.19
1204401302750167 41.19
1204401302810020 41.19
1204401302870974 41.19
1204401302930734 41.21
1204401302990588 41.19
1204401303050443 41.19
1204401303110298 41.19
1204401303170152 41.19
1204401303230009 41.17
1204401303290865 41.17
1204401303350718 41.17
1204401303410571 41.19
1204401303470533 41.17
1204401303530282 41.17
1204401303590139 41.17
1204401303650993 41.19
1204401303710847 41.19
1204401303770702 41.21
1204401303830556 41.21
1204401303890413 41.21
1204401303950269 41.23
1204401304010123 41.21
1204401304070078 41.23
1204401304130834 41.21
1204401304190689 41.21
1204401304250543 41.21
1204401304310398 41.21
1204401304370359 41.21
1204401304430109 41.21
1204401304490963 41.21
1204401304550816 41.19
1204401304610671 41.19
1204401304670628 41.17
1204401304730381 41.19
1204401304790235 41.17
1204401304850090 41.19
1204401304910946 41.19
1204401304930951 41.19
1204401304980778 41.19
1204401305040629 41.19
1204401305100485 41.19
1204401305160342 41.19
1204401305220196 41.19
1204401305280051 41.19
1204401305340904 41.19
1204401305400761 41.19
1204401305460619 41.17
1204401305520477 41.19
1204401305580326 41.19
1204401305640180 41.19
1204401305700035 41.17
1204401305760892 41.19
1204401305820753 41.19
1204401305880600 41.19
1204401305940456 41.17
1204401306000311 41.19
1204401306060164 41.19
1204401306120027 41.19
1204401306180877 41.19
1204401306240731 41.19
1204401306300586 41.19
1204401306360441 41.19
1204401306420300 41.19
1204401306480150 41.19
1204401306540005 41.19
1204401306600860 41.19
1204401306660876 41.19
1204401306720576 41.19
1204401306780427 41.17
1204401306840282 41.17
1204401306900135 41.17
1204401306960991 41.19
1204401307020927 41.17
1204401307080702 41.21
1204401307140557 41.23
1204401307200412 41.23
1204401307260263 41.23
1204401307320127 41.24
1204401307380977 41.24
1204401307440833 41.24
1204401307500687 41.23
1204401307560541 41.23
1204401307620402 41.23
1204401307680251 41.24
1204401307740106 41.23
1204401307800962 41.23
1204401307860815 41.21
1204401307920675 41.19
1204401307940674 41.21
1204401307990501 41.17
1204401308050357 41.17
1204401308110212 41.17
1204401308170065 41.17
1204401308230919 41.19
1204401308290774 41.19
1204401308350630 41.17
1204401308410482 41.19
1204401308470342 41.17
1204401308530194 41.19
1204401308590053 41.19
1204401308650905 41.19
1204401308710759 41.19
1204401308770613 41.19
1204401308830468 41.19
1204401308890324 41.19
1204401308950179 41.19
1204401309010034 41.19
1204401309070893 41.17
1204401309130745 41.17
1204401309190598 41.17
1204401309250457 41.17
1204401309310309 41.19
1204401309370277 41.19
1204401309430017 41.19
1204401309490875 41.19
1204401309550728 41.19
1204401309610581 41.19
1204401309670440 41.17
1204401309730295 41.17
1204401309790149 41.17
1204401309850005 41.17
1204401309910860 41.17
1204401309970715 41.17
1204401400030824 41.17
1204401400090682 41.15
1204401400150533 41.13
1204401400210388 41.13
1204401400270245 41.11
1204401400330099 41.13
1204401400390953 41.13
1204401400450809 41.13
1204401400510662 41.13
1204401400570518 41.13
1204401400630373 41.13
1204401400690228 41.13
1204401400750082 41.13
1204401400810941 41.15
1204401400870877 41.13
1204401400930650 41.15
1204401400950649 41.15
1204401401000480 41.15
1204401401060439 41.15
1204401401120196 41.15
1204401401180042 41.13
1204401401240898 41.13
1204401401300754 41.13
1204401401360608 41.13
1204401401420470 41.11
1204401401480318 41.1
1204401401540175 41.11
1204401401600028 41.11
1204401401660988 41.11
1204401401720744 41.11
1204401401780594 41.11
1204401401840449 41.11
1204401401900301 41.11
1204401401960159 41.11
1204401402020082 41.11
1204401402080870 41.11
1204401402140726 41.11
1204401402200579 41.11
1204401402260458 41.11
1204401402320288 41.1
1204401402380141 41.1
1204401402440997 41.1
1204401402500852 41.1
1204401402560868 41.1
1204401402620569 41.11
1204401402680416 41.13
1204401402740269 41.13
1204401402800124 41.13
1204401402860987 41.13
1204401402920841 41.13
1204401402980690 41.13
1204401403040548 41.13
1204401403100402 41.13
1204401403160257 41.13
1204401403220117 41.13
1204401403280966 41.13
1204401403340825 41.11
1204401403400679 41.11
1204401403460537 41.11
1204401403520391 41.1
1204401403580240 41.1
1204401403640097 41.11
1204401403700951 41.11
1204401403760807 41.13
1204401403820665 41.13
1204401403880517 41.13
1204401403940370 41.13
1204401403960372 41.13
1204401404010202 41.13
1204401404070055 41.13
1204401404130909 41.13
1204401404190769 41.11
1204401404250623 41.11
1204401404310479 41.11
1204401404370419 41.11
1204401404430187 41.11
1204401404490040 41.1
1204401404550897 41.1
1204401404610753 41.08
1204401404670607 41.08
1204401404730462 41.08
1204401404790318 41.08
1204401404850170 41.1
1204401404910026 41.1
1204401404970879 41.1
1204401405030738 41.11
1204401405090591 41.1
1204401405150447 41.11
1204401405210300 41.1
1204401405270157 41.11
1204401405330010 41.1
1204401405390868 41.11
1204401405450721 41.1
1204401405510574 41.1
1204401405570430 41.1
1204401405630284 41.1
1204401405690143 41.08
1204401405750997 41.08
1204401405810850 41.1
1204401405870788 41.08
1204401405930561 41.11
1204401405990416 41.11
1204401406050269 41.1
1204401406110126 41.11
1204401406170981 41.11
1204401406230836 41.11
1204401406290689 41.1
1204401406350545 41.1
1204401406410402 41.08
1204401406470256 41.08
1204401406530108 41.1
1204401406590968 41.1
1204401406650820 41.1
1204401406710675 41.08
1204401406770530 41.08
1204401406830382 41.1
1204401406890241 41.08
1204401406950093 41.08
1204401406970094 41.08
1204401407020013 41.1
1204401407080781 41.1
1204401407140634 41.1
1204401407200487 41.1
1204401407260345 41.1
1204401407320206 41.08
1204401407380051 41.1
1204401407440909 41.1
1204401407500765 41.1
1204401407560617 41.1
1204401407620478 41.1
1204401407680330 41.1
1204401407740183 41.1
1204401407800039 41.1
1204401407860894 41.1
1204401407920755 41.08
1204401407980604 41.1
1204401408040461 41.08
1204401408100314 41.08
1204401408160327 41.1
1204401408220027 41.1
1204401408280878 41.1
1204401408340733 41.11
1204401408400586 41.1
1204401408460443 41.1
1204401408520302 41.1
1204401408580151 41.1
1204401408640008 41.08
1204401408700864 41.1
1204401408760716 41.1
1204401408820577 41.1
1204401408880428 41.1
1204401408940283 41.1
1204401409000136 41.1
1204401409060991 41.1
1204401409120852 41.1
1204401409180702 41.1
1204401409240557 41.1
1204401409300414 41.11
1204401409360268 41.11
1204401409420125 41.1
1204401409480979 41.1
1204401409540832 41.1
1204401409600687 41.1
1204401409660542 41.1
1204401409720401 41.1
1204401409780253 41.08
1204401409840105 41.1
1204401409900962 41.08
1204401409960817 41.1
1204401409980824 41.08
1204401500030901 41.1
1204401500090760 41.08
1204401500150613 41.06
1204401500210469 41.06
1204401500270322 41.08
1204401500330177 41.08
1204401500390034 41.08
1204401500450892 41.1
1204401500510740 41.1
1204401500570599 41.11
1204401500630453 41.1
1204401500690306 41.1
1204401500750163 41.1
1204401500810018 41.1
1204401500870960 41.08
1204401500930727 41.08
1204401500990585 41.08
1204401501050442 41.08
1204401501110295 41.08
1204401501170146 41.08
1204401501230001 41.06
1204401501290857 41.06
1204401501350713 41.06
1204401501410569 41.08
1204401501470420 41.1
1204401501530277 41.1
1204401501590136 41.11
1204401501650987 41.1
1204401501710843 41.11
1204401501770698 41.11
1204401501830552 41.11
1204401501890407 41.11
1204401501950260 41.11
1204401502010115 41.11
1204401502070974 41.11
1204401502130828 41.11
1204401502190680 41.1
1204401502250533 41.1
1204401502310391 41.08
1204401502370339 41.08
1204401502430103 41.08
1204401502490957 41.08
1204401502550814 41.08
1204401502610665 41.1
1204401502670520 41.11
1204401502730378 41.11
1204401502790231 41.11
1204401502850085 41.11
1204401502910942 41.11
1204401502970797 41.11
1204401502990798 41.11
1204401503040629 41.11
1204401503100482 41.11
1204401503160333 41.1
1204401503220193 41.1
1204401503280045 41.1
1204401503340899 41.1
1204401503400756 41.08
1204401503460614 41.08
1204401503520472 41.08
1204401503580320 41.06
1204401503640176 41.06
1204401503700031 41.06
1204401503760886 41.06
1204401503820746 41.08
1204401503880595 41.1
1204401503940448 41.1
1204401504000303 41.1
1204401504060159 41.1
1204401504120017 41.1
1204401504180869 41.1
1204401504240723 41.1
1204401504300578 41.1
1204401504360433 41.1
1204401504420294 41.08
1204401504480144 41.08
1204401504550000 41.06
1204401504600855 41.06
1204401504660710 41.06
1204401504720569 41.06
1204401504780419 41.08
1204401504840450 41.1
1204401504900130 41.1
1204401504960984 41.1
1204401505020947 41.1
1204401505080692 41.1
1204401505140549 41.08
1204401505200404 41.08
1204401505260260 41.08
1204401505320118 41.08
1204401505380970 41.08
1204401505440931 41.08
1204401505500679 41.08
1204401505560534 41.08
1204401505620393 41.08
1204401505680244 41.08
1204401505740100 41.06
1204401505800956 41.06
1204401505860810 41.06
1204401505920669 41.06
1204401505980518 41.08
1204401506000524 41.08
1204401506050351 41.08
1204401506110203 41.1
1204401506170057 41.1
1204401506230913 41.1
1204401506290767 41.1
1204401506350622 41.1
1204401506410477 41.1
1204401506470333 41.1
1204401506530190 41.11
1204401506590045 41.1
1204401506650897 41.1
1204401506710753 41.1
1204401506770609 41.08
1204401506830464 41.08
1204401506890319 41.08
1204401506950174 41.08
1204401507010028 41.08
1204401507070885 41.08
1204401507130737 41.1
1204401507190592 41.1
1204401507250446 41.1
1204401507310301 41.1
1204401507370265 41.1
1204401507430011 41.1
1204401507490866 41.1
1204401507550722 41.1
1204401507610575 41.1
1204401507670433 41.11
1204401507730286 41.1
1204401507790141 41.1
1204401507850999 41.08
1204401507910854 41.08
1204401507970708 41.08
1204401508030562 41.08
1204401508090417 41.08
1204401508150271 41.1
1204401508210126 41.13
1204401508270983 41.11
1204401508330836 41.13
1204401508390692 41.11
1204401508450547 41.11
1204401508510402 41.11
1204401508570259 41.11
1204401508630111 41.11
1204401508690967 41.11
1204401508750822 41.11
1204401508810677 41.11
1204401508870651 41.1
1204401508930388 41.11
1204401508990243 41.1
1204401509010242 41.1
1204401509060070 41.1
1204401509120930 41.1
1204401509180783 41.06
1204401509240639 41.08
1204401509300494 41.08
1204401509360348 41.08
1204401509420207 41.08
1204401509480058 41.08
1204401509540913 41.08
1204401509600768 41.08
1204401509660623 41.08
1204401509720475 41.08
1204401509780331 41.1
1204401509840186 41.1
1204401509900040 41.1
1204401509960896 41.1
1204401600020094 41.1
1204401600080862 41.1
1204401600140716 41.1
1204401600200571 41.1
1204401600260426 41.1
1204401600320279 41.08
1204401600380135 41.1
1204401600440991 41.1
1204401600500846 41.1
1204401600560701 41.1
1204401600620558 41.1
1204401600680409 41.1
1204401600740265 41.1
1204401600800118 41.1
1204401600860976 41.08
1204401600920834 41.1
1204401600980685 41.1
1204401601040541 41.1
1204401601100394 41.1
1204401601160250 41.1
1204401601220109 41.08
1204401601280961 41.08
1204401601340816 41.08
1204401601400672 41.06
1204401601460525 41.08
1204401601520385 41.08
1204401601580234 41.08
1204401601640090 41.08
1204401601700947 41.08
1204401601760798 41.1
1204401601820659 41.08
1204401601880511 41.08
1204401601940363 41.1
1204401602000220 41.08
1204401602030501 41.08
1204401602070050 41.1
1204401602130904 41.1
1204401602190760 41.1
1204401602250615 41.1
1204401602310472 41.08
1204401602370452 41.08
1204401602430317 41.08
1204401602490035 41.08
1204401602550891 41.06
1204401602610746 41.06
1204401602670601 41.06
1204401602730456 41.06
1204401602790310 41.06
1204401602850166 41.06
1204401602910021 41.06
1204401602970877 41.06
1204401603030877 41.06
1204401603090586 41.06
1204401603150440 41.06
1204401603210295 41.06
1204401603270150 41.06
1204401603330005 41.08
1204401603390860 41.08
1204401603450715 41.06
1204401603510571 41.06
1204401603570426 41.06
1204401603630381 41.06
1204401603690135 41.08
1204401603750990 41.08
1204401603810845 41.08
1204401603870835 41.1
1204401603930553 41.1
1204401603990408 41.1
1204401604050265 41.08
1204401604110120 41.08
1204401604170976 41.08
1204401604230878 41.06
1204401604290685 41.06
1204401604350539 41.06
1204401604410394 41.06
1204401604470251 41.06
1204401604530105 41.04
1204401604590964 41.04
1204401604650815 41.06
1204401604710669 41.04
1204401604770525 41.04
1204401604830384 41.06
1204401604890233 41.08
1204401604950088 41.08
1204401605010942 41.1
1204401605040315 41.08
1204401605080774 41.08
1204401605140629 41.06
1204401605200485 41.06
1204401605260340 41.08
1204401605320197 41.06
1204401605380050 41.06
1204401605440904 41.06
1204401605500760 41.06
1204401605560615 41.06
1204401605620492 41.06
1204401605680323 41.06
1204401605740178 41.06
1204401605800036 41.04
1204401605860889 41.04
1204401605920747 41.06
1204401605980598 41.06
1204401606040454 41.08
1204401606100309 41.08
1204401606160163 41.08
1204401606220020 41.08
1204401606280874 41.08
1204401606340729 41.08
1204401606400584 41.06
1204401606460439 41.08
1204401606520302 41.06
1204401606580147 41.08
1204401606640003 41.08
1204401606700859 41.08
1204401606760714 41.06
1204401606820567 41.06
1204401606880423 41.06
1204401606940280 41.06
1204401607000133 41.06
1204401607060990 41.06
1204401607120845 41.06
1204401607180698 41.08
1204401607240553 41.08
1204401607300408 41.06
1204401607360264 41.08
1204401607420120 41.06
1204401607480974 41.06
1204401607540827 41.06
1204401607600682 41.06
1204401607660537 41.06
1204401607720392 41.1
1204401607780247 41.1
1204401607840100 41.1
1204401607900956 41.1
1204401607960810 41.1
1204401608020759 41.08
1204401608040674 41.08
1204401608090497 41.06
1204401608150352 41.06
1204401608210207 41.08
1204401608270062 41.08
1204401608330920 41.08
1204401608390773 41.08
1204401608450627 41.08
1204401608510482 41.08
1204401608570337 41.08
1204401608630192 41.08
1204401608690047 41.08
1204401608750902 41.08
1204401608810760 41.08
1204401608870698 41.1
1204401608930467 41.08
1204401608990320 41.1
1204401609050177 41.08
1204401609110032 41.08
1204401609170887 41.08
1204401609230743 41.08
1204401609290596 41.08
1204401609350451 41.08
1204401609410305 41.1
1204401609470160 41.1
1204401609530015 41.1
1204401609590872 41.1
1204401609650725 41.1
1204401609710584 41.11
1204401609770436 41.1
1204401609830289 41.1
1204401609890146 41.11
1204401609950000 41.11
1204401700010111 41.11
1204401700070966 41.11
1204401700130822 41.11
1204401700190677 41.11
1204401700250529 41.1
1204401700310386 41.08
1204401700370344 41.08
1204401700430095 41.08
1204401700490952 41.08
1204401700550805 41.1
1204401700610659 41.1
1204401700670516 41.1
1204401700730371 41.08
1204401700790225 41.08
1204401700850080 41.08
1204401700910935 41.1
1204401700970788 41.1
1204401701030647 41.08
1204401701050647 41.08
1204401701100476 41.08
1204401701160329 41.1
1204401701220189 41.08
1204401701280042 41.08
1204401701340896 41.1
1204401701400751 41.08
1204401701460606 41.08
1204401701520463 41.08
1204401701580315 41.08
1204401701640169 41.1
1204401701700027 41.11
1204401701760881 41.11
1204401701820737 41.11
1204401701880592 41.11
1204401701940445 41.11
1204401702000301 41.11
1204401702060153 41.1
1204401702120003 41.08
1204401702180867 41.11
1204401702240719 41.1
1204401702300576 41.11
1204401702360431 41.11
1204401702420457 41.1
1204401702480139 41.1
1204401702540995 41.1
1204401702600848 41.1
1204401702660703 41.1
1204401702720578 41.11
1204401702780412 41.13
1204401702840267 41.13
1204401702900122 41.13
1204401702960979 41.13
1204401703030150 41.13
1204401703080689 41.13
1204401703140544 41.13
1204401703200397 41.13
1204401703260253 41.13
1204401703320111 41.11
1204401703380962 41.13
1204401703440817 41.13
1204401703500672 41.13
1204401703560527 41.1
1204401703620376 41.08
1204401703680238 41.06
1204401703740093 41.06
1204401703800951 41.06
1204401703860802 41.1
1204401703920659 41.08
1204401703980512 41.1
1204401704040367 41.1
1204401704060366 41.1
1204401704110200 41.11
1204401704170051 41.1
1204401704230909 41.1
1204401704290764 41.1
1204401704350620 41.11
1204401704410475 41.11
1204401704470328 41.1
1204401704530182 41.1
1204401704590038 41.1
1204401704650893 41.1
1204401704710748 41.1
1204401704770604 41.1
1204401704830460 41.08
1204401704890311 41.1
1204401704950166 41.1
1204401705010021 41.1
1204401705070877 41.1
1204401705130733 41.1
1204401705190588 41.1
1204401705250441 41.1
1204401705310296 41.1
1204401705370261 41.1
1204401705430007 41.1
1204401705490862 41.1
1204401705550716 41.1
1204401705610575 41.11
1204401705670428 41.11
1204401705730284 41.11
1204401705790139 41.11
1204401705850992 41.1
1204401705910849 41.08
1204401705970704 41.08
1204401706030559 41.08
1204401706090411 41.1
1204401706150267 41.1
1204401706210121 41.1
1204401706270979 41.11
1204401706330833 41.11
1204401706390688 41.11
1204401706450540 41.1
1204401706510396 41.1
1204401706570252 41.1
1204401706630105 41.1
1204401706690965 41.11
1204401706750819 41.11
1204401706810838 41.11
1204401706870649 41.11
1204401706930381 41.1
1204401706990235 41.1
1204401707050089 41.1
1204401707070088 41.1
1204401707120924 41.08
1204401707180777 41.1
1204401707240630 41.1
1204401707300489 41.11
1204401707360343 41.11
1204401707420200 41.11
1204401707480053 41.11
1204401707540909 41.11
1204401707600763 41.11
1204401707660619 41.11
1204401707720468 41.1
1204401707780327 41.11
1204401707840180 41.1
1204401707900037 41.11
1204401707960891 41.1
1204401708020877 41.1
1204401708080603 41.08
1204401708140457 41.06
1204401708200312 41.08
1204401708260167 41.08
1204401708320038 41.08
1204401708380877 41.08
1204401708440730 41.1
1204401708500588 41.11
1204401708560441 41.11
1204401708620291 41.11
1204401708680150 41.1
1204401708740005 41.1
1204401708800862 41.11
1204401708860716 41.11
1204401708920588 41.1
1204401708980424 41.1
1204401709040278 41.1
1204401709100134 41.1
1204401709160989 41.1
1204401709220852 41.08
1204401709280701 41.08
1204401709340556 41.08
1204401709400410 41.08
1204401709460264 41.1
1204401709520118 41.1
1204401709580974 41.1
1204401709640832 41.11
1204401709700686 41.11
1204401709760540 41.11
1204401709820402 41.11
1204401709880250 41.11
1204401709940105 41.11
1204401800000216 41.11
1204401800060072 41.11
1204401800080071 41.11
1204401800130903 41.11
1204401800190758 41.11
1204401800250613 41.11
1204401800310466 41.11
1204401800370441 41.11
1204401800430178 41.11
1204401800490032 41.11
1204401800550885 41.1
1204401800610743 41.11
1204401800670596 41.11
1204401800730450 41.13
1204401800790307 41.11
1204401800850161 41.11
1204401800910014 41.13
1204401800970873 41.11
1204401801030726 41.11
1204401801090581 41.11
1204401801150436 41.11
1204401801210290 41.11
1204401801270145 41.11
1204401801330000 41.11
1204401801390856 41.11
1204401801450712 41.11
1204401801510566 41.11
1204401801570420 41.11
1204401801630276 41.11
1204401801690130 41.11
1204401801750986 41.11
1204401801810840 41.13
1204401801870821 41.13
1204401801930551 41.15
1204401801990405 41.15
1204401802050260 41.15
1204401802110115 41.15
1204401802170970 41.15
1204401802230825 41.15
1204401802290680 41.15
1204401802350535 41.17
1204401802410390 41.17
1204401802470245 41.15
1204401802530099 41.15
1204401802590956 41.15
1204401802650811 41.15
1204401802710666 41.15
1204401802770519 41.15
1204401802830374 41.15
1204401802890227 41.13
1204401802950085 41.15
1204401803010941 41.15
1204401803070795 41.15
1204401803090800 41.15
1204401803140625 41.15
1204401803200480 41.17
1204401803260335 41.17
1204401803320179 41.19
1204401803380046 41.21
1204401803440901 41.21
1204401803500755 41.24
1204401803560610 41.24
1204401803620491 41.24
1204401803680320 41.24
1204401803740175 41.24
1204401803800030 41.21
1204401803860884 41.21
1204401803920738 41.19
1204401803980593 41.19
1204401804040448 41.19
1204401804100301 41.19
1204401804160158 41.23
1204401804220014 41.23
1204401804280870 41.21
1204401804340723 41.23
1204401804400579 41.23
1204401804460434 41.23
1204401804520293 41.23
1204401804580144 41.23
1204401804640999 41.23
1204401804700854 41.23
1204401804760709 41.23
1204401804820565 41.21
1204401804880417 41.19
1204401804940272 41.19
1204401805000126 41.19
1204401805060982 41.19
1204401805120837 41.19
1204401805180694 41.24
1204401805240546 41.26
1204401805300401 41.34
1204401805360258 41.36
1204401805420131 41.36
1204401805480967 41.34
1204401805540823 41.36
1204401805600781 41.36
1204401805660531 41.34
1204401805720384 41.34
1204401805780241 41.34
1204401805840099 41.32
1204401805900952 41.3
1204401805960807 41.3
1204401806020780 41.28
1204401806080515 41.26
1204401806100518 41.3
1204401806150349 41.28
1204401806210204 41.28
1204401806270057 41.3
1204401806330915 41.32
1204401806390766 41.34
1204401806450621 41.34
1204401806510476 41.34
1204401806570334 41.32
1204401806630189 41.32
1204401806690044 41.32
1204401806750898 41.3
1204401806810755 41.28
1204401806870700 41.28
1204401806930459 41.26
1204401806990316 41.26
1204401807050170 41.26
1204401807110024 41.26
1204401807170882 41.24
1204401807230737 41.24
1204401807290590 41.26
1204401807350444 41.26
1204401807410303 41.28
1204401807470156 41.3
1204401807530009 41.34
1204401807590866 41.37
1204401807650720 41.37
1204401807710574 41.37
1204401807770429 41.37
1204401807830285 41.37
1204401807890139 41.37
1204401807950996 41.36
1204401808010850 41.36
1204401808070705 41.37
1204401808130562 41.36
1204401808190414 41.34
1204401808250269 41.34
1204401808310126 41.32
1204401808370073 41.32
1204401808430838 41.32
1204401808490689 41.34
1204401808550543 41.34
1204401808610401 41.36
1204401808670254 41.37
1204401808730107 41.39
1204401808790964 41.39
1204401808850818 41.39
1204401808910673 41.39
1204401808970528 41.39
1204401809030383 41.37
1204401809090241 41.36
1204401809110241 41.37
1204401809160068 41.37
1204401809220965 41.36
1204401809280780 41.36
1204401809340634 41.34
1204401809400489 41.34
1204401809460342 41.34
1204401809520217 41.32
1204401809580057 41.32
1204401809640913 41.32
1204401809700766 41.36
1204401809760621 41.36
1204401809820509 41.36
1204401809880327 41.37
1204401809940184 41.36
1204401900000293 41.37
1204401900060148 41.39
1204401900120025 41.39
1204401900180859 41.39
1204401900240712 41.41
1204401900300567 41.39
1204401900360423 41.39
1204401900420280 41.39
1204401900480133 41.37
1204401900540987 41.37
1204401900600845 41.36
1204401900660697 41.37
1204401900720595 41.36
1204401900780408 41.37
1204401900840261 41.37
1204401900900116 41.39
1204401900960972 41.39
1204401901020822 41.39
1204401901080683 41.39
1204401901140536 41.37
1204401901200391 41.39
1204401901260247 41.37
1204401901320125 41.39
1204401901380956 41.41
1204401901440812 41.41
1204401901500667 41.41
1204401901560521 41.41
1204401901620422 41.41
1204401901680232 41.41
1204401901740085 41.39
1204401901800941 41.41
1204401901860796 41.39
1204401901920646 41.41
1204401901980505 41.41
1204401902040360 41.41
1204401902100219 41.43
1204401902130492 41.41
1204401902170051 41.43
1204401902230905 41.43
1204401902290761 41.43
1204401902350612 41.41
1204401902410469 41.43
1204401902470324 41.43
1204401902530176 41.41
1204401902590031 41.41
1204401902650887 41.41
1204401902710742 41.41
1204401902770595 41.39
1204401902830454 41.36
1204401902890307 41.36
1204401902950163 41.36
1204401903010018 41.36
1204401903070873 41.36
1204401903130726 41.37
1204401903190619 41.41
1204401903250434 41.41
1204401903310289 41.45
1204401903370251 41.43
1204401903430004 41.43
1204401903490855 41.45
1204401903550710 41.45
1204401903610565 41.45