1204203003190819 41.08
1204203003250673 41.06
1204203003310528 41.04
1204203003370399 41.02
1204203003430240 40.96
1204203003490093 40.91
1204203003550946 40.87
1204203003610803 40.85
1204203003670658 40.85
1204203003730514 40.85
1204203003790367 40.83
1204203003850222 40.85
1204203003910077 40.85
1204203003970947 40.83
1204203004030788 40.85
1204203004090641 40.85
1204203004150497 40.85
1204203004210352 40.89
1204203004270207 40.91
1204203004330059 40.93
1204203004390921 40.95
1204203004450774 40.96
1204203004510629 40.96
1204203004570494 40.96
1204203004630340 40.95
1204203004690189 40.93
1204203004750046 40.91
1204203004810900 40.87
1204203004870761 40.82
1204203004930612 40.76
1204203004990469 40.74
1204203005050321 40.72
1204203005110176 40.72
1204203005170041 40.72
1204203005230890 40.74
1204203005290744 40.74
1204203005350600 40.74
1204203005410455 40.74
1204203005430436 40.74
1204203005480281 40.76
1204203005540136 40.76
1204203005600992 40.8
1204203005660847 40.83
1204203005720701 40.87
1204203005780556 40.91
1204203005840415 40.95
1204203005900270 40.95
1204203005960125 40.95
1204203006020974 40.93
1204203006080831 40.91
1204203006140686 40.91
1204203006200539 40.87
1204203006260395 40.83
1204203006320254 40.82
1204203006380105 40.8
1204203006440963 40.78
1204203006500940 40.8
1204203006560672 40.78
1204203006620525 40.8
1204203006680382 40.78
1204203006740238 40.78
1204203006800093 40.78
1204203006860945 40.8
1204203006920812 40.8
1204203006980659 40.82
1204203007040514 40.82
1204203007100365 40.83
1204203007160218 40.87
1204203007220074 40.89
1204203007280930 40.91
1204203007340785 40.91
1204203007400640 40.91
1204203007460494 40.91
1204203007520349 40.91
1204203007580204 40.89
1204203007640060 40.89
1204203007700916 40.89
1204203007760767 40.87
1204203007820622 40.87
1204203007880479 40.83
1204203007940334 40.83
1204203008000189 40.83
1204203008060047 40.82
1204203008120901 40.78
1204203008180754 40.76
1204203008240614 40.74
1204203008300469 40.74
1204203008360318 40.76
1204203008420173 40.76
1204203008440057 40.78
1204203008490007 40.78
1204203008550863 40.82
1204203008610714 40.83
1204203008670570 40.85
1204203008730425 40.85
1204203008790279 40.85
1204203008850133 40.85
1204203008910990 40.83
1204203008970845 40.83
1204203009030698 40.83
1204203009090557 40.82
1204203009150412 40.82
1204203009210267 40.82
1204203009270122 40.82
1204203009330977 40.82
1204203009390832 40.82
1204203009450683 40.83
1204203009510542 40.82
1204203009570398 40.82
1204203009630251 40.82
1204203009690102 40.83
1204203009750959 40.83
1204203009810815 40.83
1204203009870667 40.85
1204203009930521 40.87
1204203009990376 40.93
1204203100050490 40.96
1204203100110343 40.98
1204203100170197 40.98
1204203100230052 40.98
1204203100290911 40.96
1204203100350766 40.96
1204203100410621 40.96
1204203100470470 40.93
1204203100530328 40.91
1204203100590183 40.91
1204203100650038 40.89
1204203100710892 40.89
1204203100770745 40.87
1204203100830603 40.89
1204203100890457 40.89
1204203100950313 40.89
1204203101010168 40.89
1204203101070021 40.89
1204203101130877 40.89
1204203101190730 40.93
1204203101250590 40.96
1204203101310441 40.98
1204203101370298 41.02
1204203101430151 41.06
1204203101450019 41.06
1204203101500112 41.08
1204203101560851 41.08
1204203101620692 41.08
1204203101680547 41.06
1204203101740403 41.04
1204203101800256 41.04
1204203101860112 41.04
1204203101920983 41.02
1204203101980825 41.02
1204203102040678 41.02
1204203102100533 41.02
1204203102160402 41.02
1204203102220244 41.02
1204203102280097 41.04
1204203102340953 41.02
1204203102400809 41.02
1204203102460664 41.02
1204203102520519 41.02
1204203102580370 41.04
1204203102640226 41.04
1204203102700081 41.04
1204203102760947 41.06
1204203102820792 41.06
1204203102880644 41.1
1204203102940498 41.1
1204203103000355 41.08
1204203103060209 41.1
1204203103120066 41.06
1204203103180920 41.06
1204203103240775 41.04
1204203103300630 41.04
1204203103360499 41
1204203103420341 40.98
1204203103480196 40.98
1204203103540049 40.98
1204203103600905 40.98
1204203103660762 40.96
1204203103720616 40.98
1204203103780471 40.98
1204203103840328 41
1204203103900180 40.98
1204203103960039 41
1204203104020891 41.04
1204203104080744 41.06
1204203104140600 41.06
1204203104200453 41.1
1204203104260308 41.11
1204203104320164 41.11
1204203104380019 41.11
1204203104440875 41.11
1204203104460741 41.13
1204203104510704 41.13
1204203104570559 41.11
1204203104630415 41.08
1204203104690270 41.08
1204203104750125 41.08
1204203104810981 41.08
1204203104870836 41.06
1204203104930690 41.08
1204203104990545 41.06
1204203105050400 41.04
1204203105110255 41.06
1204203105170108 41.06
1204203105230964 41.06
1204203105290820 41.08
1204203105350675 41.08
1204203105410527 41.1
1204203105470382 41.1
1204203105530239 41.11
1204203105590092 41.13
1204203105650948 41.13
1204203105710803 41.13
1204203105770656 41.13
1204203105830514 41.11
1204203105890369 41.11
1204203105950224 41.11
1204203106010079 41.11
1204203106070932 41.1
1204203106130789 41.08
1204203106190644 41.06
1204203106250498 41.06
1204203106310353 41.06
1204203106370208 41.06
1204203106430064 41.04
1204203106490919 41.04
1204203106550773 41.04
1204203106610628 41.04
1204203106670483 41.04
1204203106730338 41.06
1204203106790193 41.08
1204203106850046 41.08
1204203106910900 41.1
1204203106970758 41.11
1204203107030611 41.1
1204203107090466 41.1
1204203107150321 41.1
1204203107210174 41.1
1204203107270032 41.08
1204203107330888 41.08
1204203107390743 41.08
1204203107450597 41.06
1204203107470465 41.08
1204203107520428 41.04
1204203107580283 41.04
1204203107640139 41.02
1204203107700995 41.02
1204203107760850 41.02
1204203107820707 41
1204203107880562 41
1204203107940414 40.98
1204203108000267 40.98
1204203108060126 41
1204203108120982 41
1204203108180833 41.04
1204203108240685 41.1
1204203108300540 41.1
1204203108360396 41.13
1204203108420249 41.13
1204203108480106 41.13
1204203108540960 41.13
1204203108600815 41.13
1204203108660670 41.13
1204203108720527 41.11
1204203108780382 41.11
1204203108840236 41.11
1204203108900091 41.11
1204203108960945 41.1
1204203109020802 41.08
1204203109080657 41.06
1204203109140512 41.02
1204203109200368 41.02
1204203109260225 41
1204203109320080 41
1204203109380936 41
1204203109440790 41
1204203109500782 41
1204203109560498 41.02
1204203109620353 41.02
1204203109680204 41.04
1204203109740060 41.06
1204203109800916 41.06
1204203109860771 41.08
1204203109920640 41.08
1204203109980480 41.08
1204203200040591 41.08
1204203200100446 41.06
1204203200160302 41.08
1204203200220157 41.08
1204203200280012 41.08
1204203200340864 41.1
1204203200400719 41.1
1204203200460575 41.1
1204203200480435 41.1
1204203200530405 41.1
1204203200590262 41.08
1204203200650117 41.04
1204203200710973 41.06
1204203200770826 41.06
1204203200830682 41.06
1204203200890536 41.06
1204203200950405 41.04
1204203201010247 41.04
1204203201070102 41.04
1204203201130956 41.04
1204203201190813 41.02
1204203201250670 41
1204203201310526 41
1204203201370381 41
1204203201430230 40.98
1204203201490089 41
1204203201550956 41.04
1204203201610797 41.04
1204203201670652 41.11
1204203201730505 41.21
1204203201790359 41.34
1204203201850218 41.43
1204203201910069 41.45
1204203201970923 41.45
1204203202030779 41.41
1204203202090634 41.39
1204203202150487 41.39
1204203202210344 41.37
1204203202270199 41.36
1204203202330053 41.34
1204203202390909 41.34
1204203202450764 41.34
1204203202510619 41.34
1204203202570473 41.34
1204203202630327 41.34
1204203202690182 41.34
1204203202750038 41.34
1204203202810896 41.32
1204203202870751 41.32
1204203202930606 41.32
1204203202990461 41.32
1204203203050313 41.34
1204203203110168 41.37
1204203203170021 41.37
1204203203230877 41.37
1204203203290732 41.39
1204203203350588 41.41
1204203203410443 41.39
1204203203470298 41.39
1204203203490164 41.41
1204203203540130 41.36
1204203203600984 41.34
1204203203660841 41.32
1204203203720696 41.28
1204203203780550 41.24
1204203203840405 41.24
1204203203900260 41.24
1204203203960114 41.23
1204203204020970 41.23
1204203204080825 41.23
1204203204140680 41.23
1204203204200535 41.23
1204203204260388 41.23
1204203204320243 41.23
1204203204380099 41.23
1204203204440955 41.23
1204203204500949 41.24
1204203204560661 41.26
1204203204620519 41.24
1204203204680374 41.24
1204203204740229 41.24
1204203204800082 41.24
1204203204860938 41.23
1204203204920803 41.19
1204203204980649 41.17
1204203205040502 41.15
1204203205100358 41.13
1204203205160211 41.1
1204203205220068 41.06
1204203205280924 41.04
1204203205340777 41.04
1204203205400632 41.04
1204203205460487 41.08
1204203205520340 41.1
1204203205580196 41.1
1204203205640053 41.11
1204203205700907 41.1
1204203205760760 41.1
1204203205820618 41.11
1204203205880471 41.1
1204203205940326 41.11
1204203206000181 41.11
1204203206060037 41.11
1204203206120892 41.1
1204203206180746 41.1
1204203206240601 41.08
1204203206300456 41.04
1204203206360312 40.98
1204203206420169 40.96
1204203206480026 40.95
1204203206500891 40.96
1204203206550857 40.95
1204203206610706 40.93
1204203206670561 40.93
1204203206730422 40.95
1204203206790275 40.95
1204203206850126 40.98
1204203206910984 41.02
1204203206970842 41
1204203207030697 41
1204203207090550 41
1204203207150406 41
1204203207210261 41
1204203207270110 40.98
1204203207330969 40.96
1204203207390822 40.98
1204203207450679 40.96
1204203207510532 40.98
1204203207570389 41.02
1204203207630241 41.08
1204203207690096 41.11
1204203207750950 41.19
1204203207810807 41.23
1204203207870659 41.26
1204203207930514 41.26
1204203207990369 41.26
1204203208050223 41.26
1204203208110078 41.26
1204203208170935 41.26
1204203208230789 41.26
1204203208290647 41.23
1204203208350500 41.21
1204203208410353 41.19
1204203208470208 41.13
1204203208530064 41.1
1204203208590922 41.06
1204203208650775 41.06
1204203208710630 41.06
1204203208770485 41.06
1204203208830339 41.1
1204203208890196 41.11
1204203208950049 41.17
1204203209010903 41.26
1204203209070758 41.37
1204203209130615 41.47
1204203209190471 41.52
1204203209250326 41.58
1204203209310177 41.63
1204203209370033 41.67
1204203209430889 41.65
1204203209490742 41.63
1204203209510624 41.65
1204203209560574 41.63
1204203209620429 41.63
1204203209680282 41.62
1204203209740155 41.58
1204203209800996 41.54
1204203209860851 41.5
1204203209920718 41.47
1204203209980557 41.45
1204203300040668 41.45
1204203300100523 41.41
1204203300160383 41.43
1204203300220236 41.43
1204203300280091 41.43
1204203300340943 41.45
1204203300400798 41.45
1204203300460654 41.49
1204203300520509 41.5
1204203300580364 41.54
1204203300640219 41.56
1204203300700074 41.56
1204203300760931 41.56
1204203300820784 41.56
1204203300880639 41.56
1204203300940494 41.54
1204203301000349 41.5
1204203301060203 41.45
1204203301120060 41.43
1204203301180916 41.43
1204203301240772 41.43
1204203301300622 41.41
1204203301360478 41.39
1204203301420331 41.39
1204203301480186 41.39
1204203301540052 41.37
1204203301600896 41.37
1204203301660752 41.37
1204203301720607 41.37
1204203301780462 41.39
1204203301840315 41.39
1204203301900170 41.41
1204203301960026 41.41
1204203302020882 41.41
1204203302080737 41.39
1204203302140590 41.37
1204203302200445 41.37
1204203302260301 41.37
1204203302320156 41.37
1204203302380011 41.37
1204203302440867 41.36
1204203302500865 41.34
1204203302520702 41.34
1204203302570556 41.32
1204203302630409 41.28
1204203302690262 41.24
1204203302750118 41.23
1204203302810972 41.19
1204203302870827 41.19
1204203302930683 41.21
1204203302990536 41.19
1204203303050391 41.19
1204203303110248 41.21
1204203303170103 41.21
1204203303230958 41.21
1204203303290813 41.23
1204203303350666 41.26
1204203303410521 41.26
1204203303470377 41.24
1204203303530232 41.24
1204203303590087 41.3
1204203303650940 41.34
1204203303710796 41.37
1204203303770654 41.43
1204203303830508 41.47
1204203303890361 41.47
1204203303950216 41.49
1204203304010071 41.49
1204203304070928 41.49
1204203304130783 41.49
1204203304190636 41.45
1204203304250489 41.45
1204203304310344 41.41
1204203304370200 41.41
1204203304430055 41.39
1204203304490911 41.37
1204203304550764 41.37
1204203304610621 41.36
1204203304670476 41.36
1204203304730331 41.36
1204203304790183 41.37
1204203304850038 41.37
1204203304910894 41.37
1204203304970749 41.39
1204203305030604 41.39
1204203305090459 41.39
1204203305150313 41.41
1204203305210172 41.43
1204203305270023 41.45
1204203305330049 41.47
1204203305390737 41.47
1204203305450590 41.49
1204203305510445 41.49
1204203305530837 41.5
1204203305580277 41.49
1204203305640130 41.49
1204203305700986 41.47
1204203305760844 41.43
1204203305820694 41.41
1204203305880549 41.39
1204203305940404 41.37
1204203306000259 41.37
1204203306060115 41.36
1204203306120971 41.36
1204203306180826 41.36
1204203306240679 41.37
1204203306300534 41.39
1204203306360388 41.39
1204203306420246 41.43
1204203306480100 41.47
1204203306540956 41.47
1204203306600811 41.47
1204203306660664 41.47
1204203306720520 41.47
1204203306780375 41.47
1204203306840230 41.47
1204203306900085 41.47
1204203306960937 41.45
1204203307020793 41.45
1204203307080648 41.39
1204203307140507 41.32
1204203307200361 41.28
1204203307260214 41.24
1204203307320069 41.23
1204203307380925 41.21
1204203307440778 41.23
1204203307500780 41.23
1204203307560489 41.24
1204203307620342 41.26
1204203307680199 41.3
1204203307740051 41.34
1204203307800909 41.36
1204203307860765 41.36
1204203307920633 41.36
1204203307980473 41.37
1204203308040326 41.41
1204203308100181 41.41
1204203308160036 41.41
1204203308220892 41.39
1204203308280747 41.39
1204203308340601 41.39
1204203308400456 41.39
1204203308460311 41.37
1204203308520166 41.34
1204203308540060 41.34
1204203308590997 41.26
1204203308650854 41.23
1204203308710709 41.15
1204203308770562 41.1
1204203308830420 41.08
1204203308890273 41.08
1204203308950128 41.06
1204203309010984 41.08
1204203309070839 41.08
1204203309130704 41.1
1204203309190546 41.1
1204203309250401 41.1
1204203309310256 41.13
1204203309370113 41.15
1204203309430966 41.26
1204203309490821 41.37
1204203309550678 41.5
1204203309610531 41.63
1204203309670390 41.75
1204203309730242 41.8
1204203309790099 41.84
1204203309850953 41.88
1204203309910808 41.93
1204203309970661 41.97
1204203400030772 42.06
1204203400090627 42.14
1204203400150480 42.17
1204203400210335 42.17
1204203400270191 42.17
1204203400330044 42.17
1204203400390904 42.16
1204203400450757 42.14
1204203400510612 42.08
1204203400570468 42.01
1204203400630323 41.91
1204203400690178 41.84
1204203400750029 41.77
1204203400810886 41.67
1204203400870743 41.6
1204203400930597 41.56
1204203400990452 41.54
1204203401050307 41.54
1204203401110162 41.54
1204203401170017 41.54
1204203401230871 41.56
1204203401290726 41.56
1204203401350582 41.6
1204203401410437 41.6
1204203401470290 41.63
1204203401530144 41.63
1204203401550006 41.65
1204203401600977 41.65
1204203401660830 41.67
1204203401720685 41.69
1204203401780542 41.73
1204203401840397 41.8
1204203401900250 41.86
1204203401960106 41.88
1204203402020962 41.88
1204203402080815 41.86
1204203402140674 41.84
1204203402200529 41.84
1204203402260380 41.78
1204203402320235 41.73
1204203402380089 41.69
1204203402440945 41.65
1204203402500945 41.65
1204203402560653 41.63
1204203402620508 41.63
1204203402680364 41.62
1204203402740219 41.62
1204203402800074 41.62
1204203402860928 41.63
1204203402920797 41.62
1204203402980639 41.62
1204203403040494 41.62
1204203403100349 41.62
1204203403160202 41.62
1204203403220057 41.62
1204203403280913 41.62
1204203403340769 41.63
1204203403400624 41.63
1204203403460477 41.65
1204203403520332 41.67
1204203403580187 41.69
1204203403640043 41.69
1204203403700899 41.67
1204203403760753 41.67
1204203403820608 41.65
1204203403880463 41.65
1204203403940318 41.65
1204203404000173 41.63
1204203404060026 41.65
1204203404120882 41.63
1204203404180737 41.63
1204203404240592 41.65
1204203404300447 41.63
1204203404360301 41.63
1204203404420156 41.62
1204203404480011 41.62
1204203404540868 41.62
1204203404560728 41.63
1204203404610699 41.6
1204203404670552 41.62
1204203404730408 41.62
1204203404790263 41.62
1204203404850116 41.62
1204203404910972 41.63
1204203404970827 41.63
1204203405030683 41.65
1204203405090538 41.65
1204203405150393 41.63
1204203405210246 41.63
1204203405270104 41.56
1204203405330960 41.52
1204203405390815 41.47
1204203405450668 41.49
1204203405510523 41.49
1204203405570379 41.49
1204203405630234 41.49
1204203405690089 41.49
1204203405750945 41.49
1204203405810798 41.49
1204203405870653 41.52
1204203405930509 41.52
1204203405990364 41.56
1204203406050219 41.58
1204203406110070 41.63
1204203406170926 41.69
1204203406230785 41.75
1204203406290640 41.84
1204203406350496 41.91
1204203406410347 41.95
1204203406470200 41.99
1204203406530056 41.99
1204203406590911 41.97
1204203406650767 41.99
1204203406710624 41.91
1204203406770475 41.86
1204203406830332 41.8
1204203406890189 41.75
1204203406950041 41.71
1204203407010895 41.63
1204203407070750 41.62
1204203407130607 41.6
1204203407190460 41.62
1204203407250316 41.62
1204203407310169 41.62
1204203407370026 41.6
1204203407430881 41.62
1204203407490736 41.62
1204203407550589 41.62
1204203407570455 41.62
1204203407620420 41.63
1204203407680275 41.65
1204203407740131 41.69
1204203407800987 41.73
1204203407860840 41.77
1204203407920713 41.84
1204203407980550 41.86
1204203408040407 41.88
1204203408100261 41.86
1204203408160118 41.84
1204203408220974 41.84
1204203408280825 41.82
1204203408340683 41.78
1204203408400538 41.75
1204203408460389 41.65
1204203408520248 41.58
1204203408580102 41.52
1204203408640957 41.5
1204203408700812 41.5
1204203408760666 41.5
1204203408820521 41.5
1204203408880376 41.5
1204203408940230 41.5
1204203409000087 41.52
1204203409060941 41.52
1204203409120796 41.54
1204203409180653 41.58
1204203409240503 41.62
1204203409300358 41.65
1204203409360213 41.69
1204203409420069 41.67
1204203409480925 41.69
1204203409540778 41.71
1204203409600634 41.71
1204203409660489 41.71
1204203409720346 41.73
1204203409780201 41.73
1204203409840054 41.73
1204203409900910 41.73
1204203409960763 41.71
1204203500020875 41.71
1204203500080730 41.69
1204203500140584 41.65
1204203500200439 41.65
1204203500260294 41.62
1204203500320150 41.56
1204203500380005 41.54
1204203500440861 41.54
1204203500500716 41.52
1204203500560571 41.52
1204203500580438 41.54
1204203500630402 41.54
1204203500690257 41.54
1204203500750108 41.63
1204203500810964 41.69
1204203500870821 41.73
1204203500930679 41.75
1204203500990534 41.75
1204203501050383 41.77
1204203501110344 41.77
1204203501170098 41.75
1204203501230948 41.77
1204203501290803 41.77
1204203501350658 41.77
1204203501410514 41.77
1204203501470369 41.77
1204203501530222 41.77
1204203501590077 41.77
1204203501650936 41.73
1204203501710797 41.69
1204203501770644 41.67
1204203501830498 41.63
1204203501890355 41.56
1204203501950210 41.52
1204203502010065 41.52
1204203502070921 41.49
1204203502130775 41.49
1204203502190629 41.5
1204203502250484 41.49
1204203502310353 41.5
1204203502370195 41.5
1204203502430048 41.52
1204203502490904 41.54
1204203502550760 41.52
1204203502610615 41.54
1204203502670469 41.56
1204203502730324 41.6
1204203502790177 41.63
1204203502850034 41.73
1204203502910902 41.8
1204203502970742 41.82
1204203503030599 41.8
1204203503090452 41.77
1204203503150310 41.73
1204203503210161 41.63
1204203503270019 41.47
1204203503330873 41.21
1204203503390728 40.98
1204203503450583 40.83
1204203503510456 40.74
1204203503570296 40.7
1204203503590164 40.7
1204203503640128 40.74
1204203503700980 40.76
1204203503760835 40.76
1204203503820694 40.82
1204203503880543 40.89
1204203503940401 41.02
1204203504000254 41.15
1204203504060111 41.28
1204203504120962 41.39
1204203504180820 41.49
1204203504240673 41.6
1204203504300526 41.62
1204203504360381 41.62
1204203504420236 41.62
1204203504480091 41.62
1204203504540949 41.6
1204203504600805 41.58
1204203504660658 41.52
1204203504720515 41.43
1204203504780368 41.36
1204203504840220 41.26
1204203504900077 41.23
1204203504960932 41.19
1204203505020787 41.19
1204203505080640 41.19
1204203505140495 41.19
1204203505200351 41.19
1204203505260207 41.21
1204203505320062 41.23
1204203505380918 41.23
1204203505440772 41.23
1204203505500627 41.24
1204203505560480 41.26
1204203505620339 41.32
1204203505680191 41.39
1204203505740044 41.45
1204203505800902 41.49
1204203505860757 41.49
1204203505920626 41.49
1204203505980468 41.49
1204203506040321 41.5
1204203506100176 41.49
1204203506160031 41.47
1204203506220890 41.43
1204203506280739 41.41
1204203506340596 41.36
1204203506400451 41.3
1204203506460307 41.24
1204203506520160 41.24
1204203506580015 41.23
1204203506600880 41.21
1204203506650848 41.23
1204203506710703 41.23
1204203506770556 41.23
1204203506830412 41.23
1204203506890267 41.23
1204203506950121 41.23
1204203507010977 41.24
1204203507070831 41.26
1204203507130688 41.28
1204203507190543 41.28
1204203507250399 41.32
1204203507310253 41.32
1204203507370105 41.34
1204203507430963 41.32
1204203507490814 41.34
1204203507550673 41.32
1204203507610528 41.32
1204203507670383 41.32
1204203507730235 41.3
1204203507790092 41.28
1204203507850944 41.26
1204203507910800 41.26
1204203507970653 41.26
1204203508030508 41.26
1204203508090367 41.32
1204203508150222 41.32
1204203508210077 41.32
1204203508270930 41.34
1204203508330785 41.36
1204203508390638 41.39
1204203508450494 41.41
1204203508510351 41.43
1204203508570206 41.43
1204203508630061 41.43
1204203508690918 41.43
1204203508750767 41.41
1204203508810628 41.43
1204203508870477 41.41
1204203508930333 41.41
1204203508990188 41.39
1204203509050041 41.39
1204203509110897 41.37
1204203509170754 41.36
1204203509230609 41.36
1204203509290463 41.34
1204203509350320 41.36
1204203509410175 41.36
1204203509470028 41.36
1204203509530884 41.36
1204203509590739 41.36
1204203509610603 41.37
1204203509660568 41.37
1204203509720425 41.36
1204203509780279 41.36
1204203509840132 41.37
1204203509900024 41.39
1204203509960842 41.39
1204203600020952 41.39
1204203600080808 41.39
1204203600140663 41.41
1204203600200518 41.41
1204203600260371 41.41
1204203600320227 41.41
1204203600380082 41.41
1204203600440938 41.41
1204203600500956 41.43
1204203600560647 41.41
1204203600620502 41.41
1204203600680357 41.39
1204203600740213 41.41
1204203600800066 41.41
1204203600860922 41.41
1204203600920791 41.41
1204203600980632 41.41
1204203601040487 41.39
1204203601100356 41.37
1204203601160197 41.36
1204203601220051 41.34
1204203601280909 41.36
1204203601340762 41.34
1204203601400619 41.32
1204203601460474 41.32
1204203601520328 41.3
1204203601580183 41.3
1204203601640040 41.32
1204203601700908 41.3
1204203601760747 41.3
1204203601820605 41.32
1204203601880460 41.32
1204203601940313 41.32
1204203602000169 41.32
1204203602060020 41.34
1204203602120876 41.34
1204203602180731 41.34
1204203602240585 41.34
1204203602300442 41.36
1204203602360295 41.34
1204203602420150 41.34
1204203602480005 41.34
1204203602540864 41.32
1204203602600719 41.28
1204203602620694 41.26
1204203602670550 41.28
1204203602730400 41.26
1204203602790255 41.26
1204203602850113 41.24
1204203602910968 41.24
1204203602970822 41.24
1204203603030677 41.24
1204203603090532 41.23
1204203603150387 41.23
1204203603210242 41.23
1204203603270097 41.23
1204203603330952 41.23
1204203603390807 41.23
1204203603450662 41.23
1204203603510517 41.23
1204203603570373 41.24
1204203603630226 41.23
1204203603690081 41.23
1204203603750937 41.24
1204203603810789 41.26
1204203603870644 41.26
1204203603930499 41.26
1204203603990354 41.26
1204203604050212 41.24
1204203604110067 41.21
1204203604170921 41.21
1204203604230774 41.19
1204203604290632 41.17
1204203604350485 41.19
1204203604410341 41.17
1204203604470195 41.17
1204203604530051 41.17
1204203604590907 41.17
1204203604650760 41.19
1204203604710615 41.17
1204203604770470 41.17
1204203604830326 41.17
1204203604890181 41.17
1204203604950036 41.17
1204203605010890 41.17
1204203605070745 41.17
1204203605130599 41.19
1204203605190456 41.21
1204203605250309 41.23
1204203605310164 41.23
1204203605370019 41.23
1204203605430876 41.23
1204203605490731 41.21
1204203605550584 41.21
1204203605610439 41.21
1204203605630690 41.21
1204203605680269 41.19
1204203605740122 41.19
1204203605800981 41.17
1204203605860836 41.17
1204203605920707 41.17
1204203605980544 41.15
1204203606040400 41.15
1204203606100255 41.15
1204203606160110 41.15
1204203606220980 41.15
1204203606280819 41.15
1204203606340675 41.15
1204203606400530 41.15
1204203606460383 41.13
1204203606520238 41.15
1204203606580093 41.17
1204203606640950 41.17
1204203606700803 41.19
1204203606760660 41.17
1204203606820515 41.17
1204203606880370 41.15