1204305502080344 40.48
1204305502140203 40.46
1204305502200064 40.46
1204305502260912 40.46
1204305502320787 40.48
1204305502380623 40.46
1204305502440478 40.46
1204305502500337 40.46
1204305502560188 40.46
1204305502620040 40.44
1204305502680896 40.44
1204305502740751 40.44
1204305502800610 40.44
1204305502860520 40.44
1204305502920327 40.48
1204305502980168 40.52
1204305503040023 40.52
1204305503100884 40.52
1204305503160737 40.5
1204305503220592 40.5
1204305503280445 40.44
1204305503340301 40.44
1204305503400160 40.41
1204305503460005 40.39
1204305503520861 40.39
1204305503580717 40.39
1204305503640574 40.41
1204305503700437 40.41
1204305503760282 40.41
1204305503820135 40.39
1204305503880991 40.39
1204305503940849 40.41
1204305504000805 40.41
1204305504060557 40.41
1204305504120412 40.41
1204305504180265 40.39
1204305504240120 40.39
1204305504300981 40.39
1204305504320325 40.39
1204305504370807 40.37
1204305504430660 40.35
1204305504490518 40.33
1204305504550372 40.31
1204305504610227 40.31
1204305504670082 40.31
1204305504730938 40.31
1204305504790793 40.31
1204305504850647 40.33
1204305504910502 40.33
1204305504970357 40.33
1204305505030212 40.33
1204305505090067 40.33
1204305505150922 40.31
1204305505210777 40.31
1204305505270632 40.31
1204305505330492 40.3
1204305505390406 40.24
1204305505450211 40.22
1204305505510052 40.18
1204305505570905 40.11
1204305505630762 40.09
1204305505690616 40.09
1204305505750471 40.09
1204305505810325 40.09
1204305505870179 40.11
1204305505930033 40.11
1204305505990891 40.13
1204305506050746 40.13
1204305506110600 40.13
1204305506170457 40.13
1204305506230310 40.2
1204305506290166 40.24
1204305506350022 40.26
1204305506410877 40.26
1204305506470734 40.26
1204305506530585 40.24
1204305506590441 40.24
1204305506650299 40.18
1204305506710148 40.11
1204305506770008 40.02
1204305506830861 39.96
1204305506890719 39.94
1204305506950570 39.96
1204305507010429 39.94
1204305507070280 39.96
1204305507130135 39.96
1204305507190991 40
1204305507250849 39.98
1204305507310697 40.03
1204305507330688 40.05
1204305507380529 40.13
1204305507440387 40.22
1204305507500256 40.3
1204305507560094 40.33
1204305507620950 40.33
1204305507680806 40.31
1204305507740660 40.31
1204305507800529 40.3
1204305507860432 40.22
1204305507920224 40.13
1204305507980079 40.09
1204305508040934 40.05
1204305508100798 40.07
1204305508160643 40.05
1204305508220501 40.07
1204305508280353 40.11
1204305508340207 40.11
1204305508400072 40.11
1204305508460924 40.16
1204305508520776 40.26
1204305508580629 40.33
1204305508640482 40.37
1204305508700345 40.35
1204305508760193 40.35
1204305508820046 40.35
1204305508880903 40.35
1204305508940758 40.35
1204305509000613 40.33
1204305509060469 40.31
1204305509120324 40.31
1204305509180185 40.3
1204305509240038 40.3
1204305509300902 40.3
1204305509360878 40.31
1204305509420599 40.31
1204305509480453 40.31
1204305509540314 40.3
1204305509600171 40.31
1204305509660018 40.31
1204305509720873 40.31
1204305509780734 40.3
1204305509840589 40.3
1204305509900445 40.31
1204305509960298 40.3
1204305600020410 40.3
1204305600080263 40.3
1204305600140114 40.31
1204305600200982 40.3
1204305600260829 40.3
1204305600320683 40.3
1204305600340667 40.28
1204305600390515 40.3
1204305600450364 40.31
1204305600510224 40.31
1204305600570073 40.31
1204305600630929 40.31
1204305600690783 40.31
1204305600750638 40.31
1204305600810494 40.31
1204305600870349 40.31
1204305600930202 40.31
1204305600990057 40.31
1204305601050914 40.31
1204305601110851 40.3
1204305601170624 40.31
1204305601230483 40.3
1204305601290332 40.28
1204305601350188 40.24
1204305601410042 40.24
1204305601470898 40.2
1204305601530755 40.22
1204305601590608 40.24
1204305601650462 40.24
1204305601710317 40.24
1204305601770172 40.24
1204305601830027 40.24
1204305601890881 40.24
1204305601950736 40.24
1204305602010591 40.24
1204305602070448 40.26
1204305602130304 40.26
1204305602190157 40.24
1204305602250011 40.24
1204305602310867 40.24
1204305602370722 40.24
1204305602430576 40.24
1204305602490431 40.24
1204305602550286 40.24
1204305602610142 40.24
1204305602670997 40.24
1204305602730852 40.28
1204305602790704 40.35
1204305602850559 40.39
1204305602910415 40.41
1204305602970271 40.41
1204305603030124 40.39
1204305603090981 40.41
1204305603150836 40.41
1204305603210691 40.41
1204305603270546 40.41
1204305603330400 40.41
1204305603350391 40.41
1204305603400239 40.39
1204305603460085 40.39
1204305603520939 40.39
1204305603580797 40.33
1204305603640650 40.28
1204305603700515 40.2
1204305603760358 40.15
1204305603820214 40.15
1204305603880068 40.15
1204305603940923 40.15
1204305604000884 40.15
1204305604060634 40.15
1204305604120488 40.15
1204305604180344 40.15
1204305604240197 40.15
1204305604300070 40.16
1204305604360977 40.16
1204305604420770 40.16
1204305604480623 40.18
1204305604540474 40.2
1204305604600343 40.2
1204305604660187 40.22
1204305604720042 40.22
1204305604780898 40.22
1204305604840753 40.22
1204305604900617 40.22
1204305604960459 40.2
1204305605020315 40.2
1204305605080169 40.2
1204305605140024 40.2
1204305605200889 40.2
1204305605260735 40.2
1204305605320589 40.2
1204305605380444 40.2
1204305605440299 40.2
1204305605500185 40.2
1204305605560007 40.2
1204305605620867 40.22
1204305605680721 40.22
1204305605740576 40.22
1204305605800440 40.22
1204305605860346 40.22
1204305605920140 40.22
1204305605980995 40.18
1204305606040852 40.16
1204305606100785 40.16
1204305606160563 40.16
1204305606220416 40.16
1204305606280271 40.16
1204305606340128 40.16
1204305606360141 40.16
1204305606410958 40.16
1204305606470807 40.15
1204305606530663 40.15
1204305606590521 40.18
1204305606650374 40.2
1204305606710228 40.24
1204305606770083 40.31
1204305606830938 40.37
1204305606890796 40.44
1204305606950650 40.44
1204305607010505 40.44
1204305607070357 40.43
1204305607130210 40.37
1204305607190067 40.33
1204305607250923 40.24
1204305607310780 40.18
1204305607370632 40.15
1204305607430486 40.15
1204305607490340 40.15
1204305607550196 40.15
1204305607610055 40.16
1204305607670910 40.18
1204305607730762 40.2
1204305607790618 40.28
1204305607850471 40.35
1204305607910326 40.43
1204305607970182 40.48
1204305608030037 40.48
1204305608090897 40.46
1204305608150751 40.46
1204305608210605 40.44
1204305608270456 40.41
1204305608330433 40.37
1204305608390166 40.33
1204305608450021 40.31
1204305608510876 40.31
1204305608570733 40.31
1204305608630587 40.31
1204305608690441 40.33
1204305608750295 40.33
1204305608810152 40.33
1204305608870003 40.35
1204305608930862 40.41
1204305608990719 40.44
1204305609050576 40.5
1204305609110430 40.5
1204305609170284 40.5
1204305609230135 40.52
1204305609290992 40.52
1204305609350850 40.5
1204305609370837 40.48
1204305609420675 40.39
1204305609480533 40.26
1204305609540386 40.13
1204305609600252 40.07
1204305609660096 40.07
1204305609720952 40.09
1204305609780805 40.11
1204305609840659 40.15
1204305609900543 40.18
1204305609960374 40.18
1204305700020481 40.2
1204305700080338 40.26
1204305700140345 40.33
1204305700200056 40.35
1204305700260900 40.37
1204305700320754 40.35
1204305700380609 40.37
1204305700440465 40.35
1204305700500329 40.35
1204305700560232 40.31
1204305700620030 40.24
1204305700680887 40.18
1204305700740738 40.15
1204305700800615 40.13
1204305700860515 40.13
1204305700920303 40.15
1204305700980159 40.15
1204305701040012 40.15
1204305701100880 40.15
1204305701160722 40.15
1204305701220577 40.15
1204305701280432 40.15
1204305701340289 40.15
1204305701400157 40.15
1204305701460998 40.15
1204305701520853 40.15
1204305701580707 40.15
1204305701640564 40.13
1204305701700432 40.13
1204305701760272 40.11
1204305701820129 40.07
1204305701880982 40.03
1204305701940840 40
1204305702000698 40.02
1204305702060554 40.02
1204305702120402 40.03
1204305702180257 40.05
1204305702240113 40.07
1204305702300983 40.07
1204305702360892 40.07
1204305702380813 40.05
1204305702430653 40.11
1204305702490639 40.13
1204305702550365 40.13
1204305702610218 40.15
1204305702670071 40.15
1204305702730928 40.15
1204305702790785 40.13
1204305702850637 40.15
1204305702910493 40.11
1204305702970349 40.07
1204305703030207 40.02
1204305703090160 39.98
1204305703150919 39.98
1204305703210772 39.98
1204305703270629 39.98
1204305703330483 39.98
1204305703390337 39.98
1204305703450192 39.98
1204305703510044 40
1204305703570898 40
1204305703630753 40
1204305703690709 40
1204305703750466 40.02
1204305703810315 40.03
1204305703870171 40.03
1204305703930025 40.03
1204305703990883 40.03
1204305704050736 40.03
1204305704110597 40.02
1204305704170447 40
1204305704230306 39.98
1204305704290175 39.98
1204305704350016 39.98
1204305704410873 39.98
1204305704470727 39.98
1204305704530578 40
1204305704590433 40
1204305704650287 40
1204305704710142 40
1204305704770997 40
1204305704830856 40.02
1204305704890725 40.02
1204305704950559 40.03
1204305705010416 40.05
1204305705070269 40.05
1204305705130124 40.05
1204305705190981 40.05
1204305705250835 40.03
1204305705310692 40
1204305705370551 39.94
1204305705390543 39.94
1204305705440374 39.87
1204305705500253 39.83
1204305705560086 39.81
1204305705620940 39.81
1204305705680796 39.81
1204305705740651 39.83
1204305705800520 39.83
1204305705860427 39.83
1204305705920214 39.87
1204305705980071 39.92
1204305706040931 39.94
1204305706100822 40
1204305706160641 40.02
1204305706220496 40.02
1204305706280346 40
1204305706340204 40.02
1204305706400072 40.02
1204305706460913 40
1204305706520766 39.96
1204305706580623 39.92
1204305706640476 39.89
1204305706700343 39.89
1204305706760185 39.89
1204305706820040 39.89
1204305706880894 39.87
1204305706940751 39.89
1204305707000605 39.92
1204305707060461 39.89
1204305707120315 39.89
1204305707180174 39.9
1204305707240025 39.92
1204305707300897 39.94
1204305707360800 39.96
1204305707420593 39.98
1204305707480446 39.96
1204305707540300 39.96
1204305707600172 39.94
1204305707660010 39.92
1204305707720869 39.9
1204305707780720 39.89
1204305707840573 39.87
1204305707900455 39.87
1204305707960284 39.89
1204305708020143 39.9
1204305708090000 39.9
1204305708140849 39.92
1204305708200718 39.92
1204305708260563 39.94
1204305708320414 40
1204305708380272 40.02
1204305708400565 40.02
1204305708450099 40.03
1204305708510953 40.11
1204305708570811 40.13
1204305708630666 40.13
1204305708690517 40.15
1204305708750372 40.11
1204305708810228 40.11
1204305708870082 40.05
1204305708930941 40
1204305708990800 39.94
1204305709050650 39.92
1204305709110505 39.96
1204305709170358 39.96
1204305709230213 39.96
1204305709290068 39.96
1204305709350924 39.96
1204305709410779 39.96
1204305709470638 39.98
1204305709530493 40.02
1204305709590341 40.03
1204305709650197 40.03
1204305709710051 40.05
1204305709770908 40.05
1204305709830763 40.07
1204305709890617 40.05
1204305709950472 40.05
1204305800010589 40.02
1204305800070440 40
1204305800130408 40
1204305800190155 40
1204305800250003 40
1204305800310864 40.02
1204305800370718 40.02
1204305800430574 40.02
1204305800490427 40.02
1204305800550276 40.05
1204305800610132 40.03
1204305800670989 40.07
1204305800730843 40.11
1204305800790698 40.11
1204305800850555 40.13
1204305800910408 40.13
1204305800970261 40.11
1204305801030116 40.11
1204305801090974 40.09
1204305801150829 40.07
1204305801210682 40.03
1204305801270538 39.96
1204305801330398 39.9
1204305801390251 39.9
1204305801410297 39.92
1204305801460078 39.92
1204305801520934 39.92
1204305801580793 39.94
1204305801640645 39.96
1204305801700525 39.96
1204305801760354 39.96
1204305801820211 39.98
1204305801880074 40.03
1204305801940917 40.05
1204305802000774 40.07
1204305802060628 40.09
1204305802120483 40.09
1204305802180339 40.09
1204305802240193 40.09
1204305802300075 40.09
1204305802360968 40.05
1204305802420757 40.03
1204305802480613 40
1204305802540471 39.98
1204305802600369 39.98
1204305802660177 40
1204305802720032 40
1204305802780892 40.02
1204305802840747 40.02
1204305802900616 40.02
1204305802960455 40.02
1204305803020305 40.03
1204305803080160 40.05
1204305803140017 40.07
1204305803200994 40.07
1204305803260727 40.07
1204305803320582 40.09
1204305803380437 40.09
1204305803440292 40.07
1204305803500182 40.07
1204305803570000 40.05
1204305803620861 39.98
1204305803680716 39.94
1204305803740568 39.92
1204305803800433 39.92
1204305803860344 39.94
1204305803920135 39.94
1204305803980986 39.96
1204305804040841 39.96
1204305804100734 39.96
1204305804160556 39.98
1204305804220409 39.98
1204305804280264 39.98
1204305804340115 40
1204305804400987 40.02
1204305804420969 40.02
1204305804470799 40.03
1204305804530655 40.03
1204305804590510 40.03
1204305804650371 40.02
1204305804710221 40
1204305804770076 39.96
1204305804830936 39.94
1204305804890791 39.9
1204305804950645 39.9
1204305805010497 39.92
1204305805070351 39.92
1204305805130206 39.92
1204305805190064 39.94
1204305805250920 39.94
1204305805310772 39.92
1204305805370625 39.96
1204305805430480 39.96
1204305805490340 39.98
1204305805550189 40
1204305805610042 40.03
1204305805670904 40.02
1204305805730760 40.02
1204305805790615 40.02
1204305805850469 40.02
1204305805910324 40.02
1204305805970179 39.98
1204305806030034 39.94
1204305806090890 39.94
1204305806150744 39.94
1204305806210599 39.94
1204305806270450 39.92
1204305806330305 39.96
1204305806390159 39.96
1204305806450019 39.94
1204305806510874 39.98
1204305806570728 39.98
1204305806630584 39.98
1204305806690438 39.98
1204305806750288 40.03
1204305806810142 40.03
1204305806870114 40.05
1204305806930852 40.03
1204305806990708 40.03
1204305807050569 40.02
1204305807110419 40
1204305807170273 39.96
1204305807230132 39.94
1204305807290987 39.94
1204305807350843 39.94
1204305807410698 39.94
1204305807430686 39.96
1204305807480524 39.96
1204305807540379 39.96
1204305807600256 39.96
1204305807660088 39.96
1204305807720949 39.98
1204305807780799 40
1204305807840658 40.02
1204305807900555 40.02
1204305807960363 40.03
1204305808020218 40.03
1204305808080072 40.03
1204305808140927 40.05
1204305808200798 40.03
1204305808260637 40.03
1204305808320495 40
1204305808380353 39.98
1204305808440206 39.98
1204305808500078 39.98
1204305808560917 39.98
1204305808620772 39.98
1204305808680626 39.98
1204305808740482 39.98
1204305808800384 39.98
1204305808860328 39.98
1204305808920047 39.98
1204305808980896 40.03
1204305809040751 40.05
1204305809100622 40.07
1204305809160463 40.09
1204305809220314 40.11
1204305809280171 40.13
1204305809340025 40.11
1204305809400929 40.11
1204305809460739 40.09
1204305809520592 40.07
1204305809580445 40.05
1204305809640457 40.03
1204305809700351 40.03
1204305809760008 40.03
1204305809820871 40.02
1204305809880720 40.03
1204305809940575 40.05
1204305900000431 40.03
1204305900060540 40.03
1204305900120394 40.03
1204305900180250 40.03
1204305900240104 40.03
1204305900300025 40.03
1204305900360883 40.03
1204305900420669 40.05
1204305900440006 40.05
1204305900490499 40.03
1204305900550355 40.03
1204305900610215 40.02
1204305900670067 40
1204305900730926 39.98
1204305900790782 39.94
1204305900850636 39.94
1204305900910487 39.96
1204305900970345 39.98
1204305901030200 39.98
1204305901090055 40.02
1204305901150906 40.03
1204305901210760 40.03
1204305901270614 40.05
1204305901330470 40.05
1204305901390324 40.05
1204305901450180 40.05
1204305901510192 40.05
1204305901570890 40.05
1204305901630745 40.05
1204305901690599 40.05
1204305901750454 40.05
1204305901810309 40.05
1204305901870170 40.02
1204305901930020 40
1204305901990876 40
1204305902050735 39.98
1204305902110586 40
1204305902170441 40
1204305902230298 40.02
1204305902290154 40.02
1204305902350009 40.02
1204305902410864 40.02
1204305902470720 40.02
1204305902530575 40.02
1204305902590424 40.03
1204305902650278 40.05
1204305902710133 40.05
1204305902770990 40.05
1204305902830846 40.07
1204305902890701 40.07
1204305902950554 40.05
1204305903010407 40.03
1204305903070269 40.02
1204305903130120 40
1204305903190979 39.98
1204305903250830 40
1204305903310685 40
1204305903370544 40.02
1204305903430398 40.02
1204305903450388 40.02
1204305903500258 40.02
1204305903560082 40.02
1204305903620939 40.02
1204305903680794 40.02
1204305903740649 40.02
1204305903800525 40.02
1204305903860418 40.03
1204305903920214 40.02
1204305903980063 40.03
1204305904040919 40.03
1204305904100823 40.03
1204305904160628 40.03
1204305904220488 40.02
1204305904280339 40
1204305904340193 39.96
1204305904400093 39.96
1204305904460988 39.94
1204305904520759 39.96
1204305904580615 39.96
1204305904640468 39.96
1204305904700354 39.96
1204305904760178 39.96
1204305904820033 39.96
1204305904880893 39.98
1204305904940747 40.02
1204305905000603 40.02
1204305905060532 40.03
1204305905120307 40.05
1204305905180164 40.09
1204305905240019 40.09
1204305905300909 40.09
1204305905360795 40.09
1204305905420584 40.09
1204305905480435 40.05
1204305905540296 40.02
1204305905600181 39.96
1204305905660066 39.92
1204305905720858 39.92
1204305905780717 39.94
1204305905840572 39.94
1204305905900474 39.92
1204305905960282 39.94
1204305906020131 39.92
1204305906080991 39.94
1204305906140843 39.96
1204305906200725 39.96
1204305906260566 40
1204305906320410 40.02
1204305906380260 40.05
1204305906440118 40.07
1204305906460472 40.03
1204305906510949 40.07
1204305906570803 40.07
1204305906630658 40.07
1204305906690510 40.03
1204305906750371 40.02
1204305906810226 39.98
1204305906870082 39.98
1204305906930937 39.98
1204305906990792 39.98
1204305907050646 39.98
1204305907110500 39.98
1204305907170356 39.98
1204305907230242 39.98
1204305907290062 40
1204305907350918 40
1204305907410777 40.02
1204305907470631 40.02
1204305907530486 40.02
1204305907590335 40.03
1204305907650190 40.03
1204305907710043 40.03
1204305907770906 40.02
1204305907830755 40.03
1204305907890612 40
1204305907950471 39.94
1204305908010320 39.92
1204305908070179 39.9
1204305908130031 39.92
1204305908190887 39.92
1204305908250745 39.9
1204305908310600 39.9
1204305908370451 39.89
1204305908430310 39.9
1204305908490159 39.92
1204305908550019 39.94
1204305908610875 39.94
1204305908670730 39.94
1204305908730582 39.96
1204305908790436 40
1204305908850293 39.98
1204305908910144 40
1204305908970003 39.98
1204305909030859 39.98
1204305909090714 39.94
1204305909150568 39.9
1204305909210419 39.89
1204305909270274 39.89
1204305909330130 39.89
1204305909390986 39.89
1204305909450843 39.9
1204305909470834 39.89
1204305909520675 39.9
1204305909580526 39.92
1204305909640384 39.9
1204305909700277 39.92
1204305909760094 39.94
1204305909820950 39.94
1204305909880799 39.92
1204305909940658 39.94
1204400000000514 39.94
1204400000060624 39.94
1204400000120479 39.94
1204400000180329 39.92
1204400000240189 39.9
1204400000300084 39.87
1204400000360963 39.83
1204400000420747 39.81
1204400000480604 39.79
1204400000540458 39.81
1204400000600364 39.81
1204400000660168 39.81
1204400000720023 39.83
1204400000780878 39.81
1204400000840733 39.81
1204400000900622 39.85
1204400000960442 39.85
1204400001020297 39.87
1204400001080152 39.87
1204400001140008 39.87
1204400001200922 39.87
1204400001260717 39.83
1204400001320573 39.85
1204400001380428 39.85
1204400001440282 39.83
1204400001500189 39.79
1204400001560994 39.79
1204400001620849 39.79
1204400001680704 39.79
1204400001740558 39.79
1204400001800454 39.81
1204400001860333 39.81
1204400001920121 39.83
1204400001980978 39.85
1204400002040832 39.85
1204400002100737 39.87
1204400002160542 39.87
1204400002220396 39.87
1204400002280251 39.87
1204400002340105 39.87
1204400002400008 39.89
1204400002460815 39.87
1204400002480808 39.89
1204400002530647 39.83
1204400002590504 39.77
1204400002650444 39.68
1204400002710212 39.61
1204400002770066 39.57
1204400002830922 39.55
1204400002890777 39.55
1204400002950632 39.57
1204400003010485 39.57
1204400003070344 39.59
1204400003130195 39.57
1204400003190052 39.59
1204400003250920 39.61
1204400003310763 39.63
1204400003370624 39.66
1204400003430474 39.68
1204400003490329 39.68
1204400003550184 39.68
1204400003610043 39.7
1204400003670895 39.68
1204400003730750 39.68
1204400003790605 39.64
1204400003850456 39.59
1204400003910310 39.53
1204400003970168 39.5
1204400004030021 39.48
1204400004090878 39.48
1204400004150732 39.48
1204400004210589 39.5
1204400004270439 39.53
1204400004330295 39.55
1204400004390150 39.55
1204400004450004 39.57
1204400004510860 39.57
1204400004570715 39.61
1204400004630570 39.63
1204400004690429 39.64
1204400004750282 39.64
1204400004810137 39.64
1204400004870993 39.64
1204400004930853 39.66
1204400004990701 39.63
1204400005050556 39.59
1204400005110410 39.55
1204400005170264 39.55
1204400005230118 39.53
1204400005290974 39.53
1204400005350829 39.53
1204400005410684 39.55
1204400005470538 39.57
1204400005490533 39.59
1204400005540370 39.57
1204400005600332 39.59
1204400005660081 39.59
1204400005720934 39.61
1204400005780794 39.64
1204400005840647 39.64
1204400005900572 39.66
1204400005960362 39.7
1204400006020209 39.72
1204400006080072 39.7
1204400006140921 39.72
1204400006200826 39.66
1204400006260630 39.63
1204400006320486 39.63
1204400006380339 39.61
1204400006440195 39.59
1204400006500133 39.59
1204400006560903 39.61
1204400006620759 39.61
1204400006680615 39.63
1204400006740470 39.63
1204400006800372 39.63
1204400006860274 39.66
1204400006920041 39.7
1204400006980891 39.76
1204400007040745 39.77
1204400007100646 39.83
1204400007160454 39.87
1204400007220308 39.87
1204400007280163 39.87
1204400007340018 39.85
1204400007400935 39.85
1204400007460728 39.81
1204400007520585 39.76
1204400007580441 39.68
1204400007640293 39.63
1204400007700223 39.63
1204400007760004 39.63
1204400007820860 39.63
1204400007880713 39.63
1204400007940571 39.64
1204400008000425 39.64
1204400008060284 39.66
1204400008120134 39.68
1204400008180996 39.7
1204400008240978 39.7
1204400008300769 39.76
1204400008360621 39.79
1204400008420406 39.81
1204400008480261 39.81
1204400008500562 39.81
1204400008550092 39.81
1204400008610962 39.79
1204400008670805 39.77
1204400008730659 39.76
1204400008790519 39.7
1204400008850370 39.68
1204400008910225 39.68
1204400008970081 39.68
1204400009030935 39.68
1204400009090794 39.7
1204400009150649 39.7
1204400009210504 39.7
1204400009270360 39.7
1204400009330207 39.77
1204400009390062 39.79
1204400009450919 39.79
1204400009510773 39.79
1204400009570626 39.81
1204400009630481 39.81
1204400009690335 39.81
1204400009750192 39.79
1204400009810047 39.77
1204400009870906 39.74
1204400009930764 39.7
1204400009990618 39.66
1204400100050722 39.63
1204400100110580 39.64
1204400100170432 39.63
1204400100230288 39.63
1204400100290145 39.64
1204400100350003 39.66
1204400100410859 39.66
1204400100470710 39.68
1204400100530561 39.72
1204400100590416 39.76
1204400100650272 39.76
1204400100710127 39.79
1204400100770981 39.81
1204400100830834 39.83
1204400100890690 39.81
1204400100950557 39.81
1204400101010401 39.79
1204400101070260 39.74
1204400101130113 39.68
1204400101190020 39.63
1204400101250819 39.61
1204400101310675 39.61
1204400101370529 39.61
1204400101430387 39.64
1204400101490240 39.63
1204400101510501 39.63
1204400101560074 39.64
1204400101620928 39.63
1204400101680783 39.64
1204400101740639 39.68
1204400101800548 39.72
1204400101860419 39.76
1204400101920200 39.79
1204400101980055 39.81
1204400102040909 39.81
1204400102100835 39.79
1204400102160621 39.79
1204400102220477 39.76
1204400102280336 39.74
1204400102340190 39.74
1204400102400100 39.72
1204400102460897 39.72
1204400102520756 39.74
1204400102580605 39.76
1204400102640461 39.76
1204400102700390 39.74
1204400102760175 39.74
1204400102820030 39.74
1204400102880880 39.76
1204400102940736 39.76
1204400103000591 39.77
1204400103060446 39.77
1204400103120299 39.77
1204400103180154 39.77
1204400103240009 39.77
1204400103300915 39.77
1204400103360791 39.76
1204400103420575 39.72
1204400103480432 39.68
1204400103540285 39.68
1204400103600235 39.66
1204400103660001 39.66
1204400103720855 39.66
1204400103780706 39.68
1204400103840561 39.72
1204400103900487 39.7
1204400103960275 39.7
1204400104020130 39.7
1204400104080980 39.72
1204400104140834 39.72
1204400104200744 39.72
1204400104260548 39.74
1204400104320398 39.76
1204400104380253 39.76
1204400104440108 39.76
1204400104500043 39.76
1204400104520961 39.76
1204400104570799 39.74
1204400104630651 39.72
1204400104690510 39.7
1204400104750362 39.68
1204400104810219 39.66
1204400104870074 39.66
1204400104930930 39.66
1204400104990786 39.66
1204400105050636 39.68
1204400105110495 39.7
1204400105170350 39.7
1204400105230327 39.7
1204400105290060 39.7
1204400105350909 39.72
1204400105410765 39.72
1204400105470619 39.72
1204400105530478 39.74
1204400105590333 39.74
1204400105650184 39.72
1204400105710037 39.72
1204400105770895 39.72
1204400105830834 39.68
1204400105890609 39.66
1204400105950460 39.64
1204400106010316 39.64
1204400106070170 39.64
1204400106130025 39.64
1204400106190885 39.66
1204400106250735 39.68
1204400106310590 39.68
1204400106370446 39.68
1204400106430383 39.68
1204400106490158 39.7
1204400106550166 39.72
1204400106610869 39.7
1204400106670718 39.72
1204400106730571 39.72
1204400106790432 39.74
1204400106850283 39.72
1204400106910137 39.72
1204400106970999 39.7
1204400107030882 39.66
1204400107090704 39.64
1204400107150555 39.61
1204400107210410 39.57
1204400107270265 39.57
1204400107330119 39.57
1204400107390978 39.59
1204400107450831 39.59
1204400107510685 39.61
1204400107530688 39.59
1204400107580517 39.59
1204400107640372 39.63
1204400107700292 39.63
1204400107760083 39.64
1204400107820939 39.64
1204400107880793 39.64
1204400107940653 39.66
1204400108000508 39.66
1204400108060358 39.68
1204400108120212 39.68
1204400108180069 39.68
1204400108240927 39.66
1204400108300862 39.64
1204400108360702 39.64
1204400108420487 39.63
1204400108480341 39.63
1204400108540198 39.64
1204400108600120 39.64
1204400108660908 39.64
1204400108720763 39.64
1204400108780619 39.64
1204400108840474 39.68
1204400108900405 39.72
1204400108960180 39.72
1204400109020039 39.74
1204400109080895 39.74
1204400109140750 39.74
1204400109200693 39.74
1204400109260459 39.74
1204400109320315 39.7
1204400109380163 39.57
1204400109440024 39.46
1204400109500936 39.35
1204400109560729 39.29
1204400109620584 39.31
1204400109680441 39.31
1204400109740294 39.33
1204400109800245 39.35
1204400109860079 39.35
1204400109920860 39.36
1204400109980716 39.36
1204400200040826 39.4
1204400200100760 39.48
1204400200160534 39.51
1204400200220388 39.57
1204400200280245 39.59
1204400200340100 39.59
1204400200400025 39.59
1204400200460810 39.59
1204400200520665 39.59
1204400200540659 39.55
1204400200590499 39.5
1204400200650355 39.42
1204400200710210 39.35
1204400200770061 39.31
1204400200830914 39.29
1204400200890771 39.31
1204400200950626 39.31
1204400201010486 39.31
1204400201070334 39.33
1204400201130191 39.31
1204400201190044 39.33
1204400201250898 39.33
1204400201310755 39.36
1204400201370614 39.38
1204400201430466 39.4
1204400201490322 39.44
1204400201550178 39.46
1204400201610032 39.44
1204400201670888 39.44
1204400201730743 39.44
1204400201790600 39.42
1204400201850449 39.4
1204400201910309 39.38
1204400201970164 39.38
1204400202030013 39.36
1204400202090874 39.38
1204400202150725 39.4
1204400202210583 39.38
1204400202270434 39.4
1204400202330293 39.42
1204400202390145 39.44
1204400202450001 39.5
1204400202510852 39.53
1204400202570707 39.55
1204400202630562 39.57
1204400202690419 39.59
1204400202750272 39.57
1204400202810128 39.59
1204400202870982 39.57
1204400202930837 39.55
1204400202990692 39.53
1204400203050548 39.48
1204400203110405 39.44
1204400203170262 39.42
1204400203230113 39.4
1204400203290969 39.4
1204400203350828 39.42
1204400203410678 39.48
1204400203470537 39.46
1204400203530393 39.46
1204400203550388 39.46
1204400203600334 39.48
1204400203660072 39.55
1204400203720927 39.57
1204400203780783 39.63
1204400203840641 39.64
1204400203900572 39.66
1204400203960351 39.68
1204400204020292 39.68
1204400204080061 39.68
1204400204140919 39.66
1204400204200839 39.66
1204400204260622 39.61
1204400204320475 39.57
1204400204380330 39.57
1204400204440186 39.57
1204400204500135 39.57
1204400204560895 39.57
1204400204620840 39.59
1204400204680609 39.59
1204400204740462 39.59
1204400204800380 39.61
1204400204860243 39.61
1204400204920026 39.61
1204400204980882 39.61
1204400205040735 39.61
1204400205100665 39.61
1204400205160446 39.61
1204400205220299 39.61
1204400205280154 39.61
1204400205340011 39.59
1204400205400954 39.57
1204400205460721 39.55
1204400205520576 39.55
1204400205580429 39.55
1204400205640284 39.55
1204400205700216 39.57
1204400205760996 39.57
1204400205820851 39.63
1204400205880707 39.63
1204400205940564 39.64
1204400206000422 39.66
1204400206060277 39.7
1204400206120126 39.72
1204400206180986 39.74
1204400206240836 39.77
1204400206300787 39.79
1204400206360620 39.77
1204400206420402 39.77
1204400206480255 39.77
1204400206540110 39.76
1204400206560109 39.74
1204400206610946 39.74
1204400206670797 39.72
1204400206730658 39.7
1204400206790513 39.7
1204400206850363 39.68
1204400206910222 39.7
1204400206970077 39.7
1204400207030932 39.7
1204400207090783 39.68
1204400207150642 39.7
1204400207210496 39.7
1204400207270351 39.7
1204400207330206 39.7
1204400207390055 39.72
1204400207450917 39.7
1204400207510772 39.7
1204400207570622 39.72
1204400207630475 39.72
1204400207690336 39.7
1204400207750192 39.66
1204400207810041 39.64
1204400207870897 39.63
1204400207930751 39.59
1204400207990606 39.59
1204400208050460 39.59
1204400208110314 39.61
1204400208170168 39.61
1204400208230027 39.64
1204400208290881 39.63
1204400208350736 39.64
1204400208410591 39.64
1204400208470450 39.7
1204400208530300 39.72
1204400208590155 39.76
1204400208650008 39.77
1204400208710865 39.76
1204400208770719 39.77
1204400208830575 39.77
1204400208890428 39.76
1204400208950288 39.74
1204400209010254 39.68
1204400209070997 39.64
1204400209130849 39.63
1204400209190705 39.63
1204400209250559 39.63
1204400209310415 39.64
1204400209370274 39.66
1204400209430128 39.66
1204400209490984 39.66
1204400209550840 39.66
1204400209570831 39.64
1204400209620670 39.66
1204400209680525 39.7
1204400209740378 39.74
1204400209800344 39.77
1204400209860160 39.83
1204400209920938 39.85
1204400209980793 39.85
1204400300040902 39.85
1204400300100860 39.85
1204400300160613 39.81
1204400300220469 39.79
1204400300280323 39.76
1204400300340178 39.76
1204400300400121 39.76
1204400300460889 39.76
1204400300520744 39.77
1204400300580598 39.77
1204400300640454 39.77
1204400300700399 39.77
1204400300760164 39.77
1204400300820017 39.77
1204400300880871 39.81
1204400300940727 39.81
1204400301000582 39.81
1204400301060436 39.83
1204400301120292 39.83
1204400301180146 39.83
1204400301240000 39.83
1204400301300933 39.83
1204400301360790 39.81
1204400301420567 39.79
1204400301480422 39.77
1204400301540281 39.74
1204400301600245 39.72
1204400301660988 39.76
1204400301720842 39.76
1204400301780702 39.74
1204400301840552 39.77
1204400301900481 39.76
1204400301960262 39.76
1204400302020151 39.76
1204400302080973 39.77
1204400302140827 39.77
1204400302200768 39.79
1204400302260535 39.81
1204400302320391 39.81
1204400302380244 39.81
1204400302440099 39.81
1204400302500048 39.81
1204400302560812 39.79
1204400302580142 39.77
1204400302630644 39.76
1204400302690498 39.76
1204400302750357 39.74
1204400302810212 39.72
1204400302870065 39.74
1204400302930922 39.74
1204400302990776 39.74
1204400303050626 39.76
1204400303110483 39.76
1204400303170337 39.76
1204400303230191 39.77
1204400303290045 39.81
1204400303350901 39.85
1204400303410776 39.85
1204400303470611 39.85
1204400303530464 39.87
1204400303590320 39.87
1204400303650174 39.85
1204400303710029 39.85
1204400303770044 39.83
1204400303830740 39.77
1204400303890600 39.74
1204400303950457 39.7
1204400304010454 39.7
1204400304070166 39.7
1204400304130022 39.7
1204400304190878 39.7
1204400304250725 39.72
1204400304310580 39.72
1204400304370435 39.72
1204400304430291 39.72
1204400304490145 39.79
1204400304550999 39.85
1204400304610860 39.89
1204400304670710 39.89
1204400304730570 39.9
1204400304790419 39.92
1204400304850275 39.92
1204400304910131 39.92
1204400304970989 39.9
1204400305030840 39.89
1204400305090692 39.85
1204400305150548 39.83
1204400305210410 39.81
1204400305270257 39.83
1204400305330112 39.81
1204400305390969 39.83
1204400305450822 39.83
1204400305510679 39.83
1204400305570532 39.83
1204400305590533 39.81
1204400305640363 39.83
1204400305700310 39.85
1204400305760072 39.87
1204400305820929 39.85
1204400305880782 39.87
1204400305940638 39.87
1204400306000579 39.87
1204400306060347 39.87
1204400306120202 39.87
1204400306180057 39.85
1204400306240912 39.83
1204400306300876 39.83
1204400306360700 39.81
1204400306420479 39.79
1204400306480333 39.79
1204400306540189 39.79
1204400306600221 39.79
1204400306660899 39.79
1204400306720755 39.79
1204400306780608 39.81
1204400306840462 39.81
1204400306900316 39.83
1204400306960171 39.85
1204400307020027 39.85
1204400307080885 39.89
1204400307140742 39.94
1204400307200714 39.96
1204400307260452 39.98
1204400307320307 39.98
1204400307380158 40
1204400307440013 39.96
1204400307500964 39.94
1204400307560722 39.87
1204400307620575 39.85
1204400307680431 39.83
1204400307740286 39.83
1204400307800340 39.83
1204400307860067 39.83
1204400307920851 39.85
1204400307980707 39.85
1204400308040560 39.87
1204400308100525 39.89
1204400308160276 39.9
1204400308220128 39.92
1204400308280984 39.92
1204400308340841 39.94
1204400308400778 39.96
1204400308460547 39.96
1204400308520401 39.96
1204400308580261 39.94
1204400308600591 39.96
1204400308650091 39.94
1204400308710947 39.9
1204400308770797 39.87
1204400308830651 39.83
1204400308890506 39.83
1204400308950360 39.83
1204400309010228 39.83
1204400309070069 39.83
1204400309130925 39.85
1204400309190780 39.85
1204400309250635 39.85
1204400309310490 39.85
1204400309370344 39.87
1204400309430199 39.87
1204400309490060 39.9
1204400309550916 39.9
1204400309610773 39.9
1204400309670625 39.9
1204400309730481 39.9
1204400309790333 39.89
1204400309850184 39.83
1204400309910041 39.79
1204400309970901 39.74
1204400400030011 39.7
1204400400090867 39.7
1204400400150721 39.7
1204400400210572 39.72
1204400400270427 39.72
1204400400330282 39.72
1204400400390140 39.74
1204400400450995 39.74
1204400400510846 39.76
1204400400570700 39.81
1204400400630553 39.83
1204400400690409 39.83
1204400400750263 39.83
1204400400810118 39.85
1204400400870974 39.83
1204400400930829 39.83
1204400400990684 39.81
1204400401050540 39.76
1204400401110397 39.68
1204400401170252 39.64
1204400401230104 39.63
1204400401290961 39.63
1204400401350816 39.63
1204400401410672 39.63
1204400401470526 39.64
1204400401530385 39.66
1204400401590419 39.66
1204400401610320 39.66
1204400401660067 39.68
1204400401720928 39.7
1204400401780776 39.76
1204400401840632 39.76
1204400401900574 39.76
1204400401960340 39.77
1204400402020199 39.76
1204400402080050 39.76
1204400402140906 39.76
1204400402200859 39.72
1204400402260616 39.68
1204400402320475 39.66
1204400402380324 39.63
1204400402440180 39.63
1204400402500147 39.63
1204400402560891 39.63
1204400402620747 39.64
1204400402680602 39.64
1204400402740457 39.64
1204400402800412 39.64
1204400402860240 39.64
1204400402920024 39.66
1204400402980880 39.7
1204400403040729 39.72
1204400403100700 39.74
1204400403160439 39.77
1204400403220295 39.77
1204400403280148 39.77
1204400403340003 39.77
1204400403400860 39.76
1204400403460715 39.76
1204400403520568 39.72
1204400403580423 39.72
1204400403640278 39.72
1204400403700224 39.72
1204400403760993 39.74
1204400403820848 39.74
1204400403880699 39.72
1204400403940557 39.74
1204400404000413 39.74
1204400404060266 39.74
1204400404120118 39.76
1204400404180974 39.79
1204400404240826 39.83
1204400404300681 39.87
1204400404360611 39.87
1204400404420391 39.87
1204400404480247 39.89
1204400404540100 39.87
1204400404600062 39.87
1204400404620962 39.83
1204400404670789 39.77
1204400404730643 39.72
1204400404790502 39.68
1204400404850355 39.64
1204400404910215 39.64
1204400404970064 39.64
1204400405030924 39.66
1204400405090775 39.68
1204400405150631 39.68
1204400405210486 39.68
1204400405270339 39.68
1204400405330192 39.72
1204400405390048 39.79
1204400405450902 39.83
1204400405510755 39.85
1204400405570618 39.9
1204400405630472 39.9
1204400405690326 39.9
1204400405750177 39.92
1204400405810036 39.9
1204400405870885 39.87
1204400405930741 39.87
1204400405990596 39.85
1204400406050463 39.85
1204400406110305 39.85
1204400406170160 39.87
1204400406230017 39.89
1204400406290873 39.89
1204400406350726 39.89
1204400406410587 39.9
1204400406470439 39.9
1204400406530295 39.9
1204400406590150 39.9
1204400406650005 39.9
1204400406710863 39.9
1204400406770716 39.9
1204400406830571 39.9
1204400406890426 39.9
1204400406950279 39.9
1204400407010148 39.9
1204400407070985 39.87
1204400407130840 39.83
1204400407190695 39.79
1204400407250550 39.79
1204400407310405 39.79
1204400407370260 39.79