1204903002390283 40.7
1204903002450138 40.7
1204903002510993 40.72
1204903002570864 40.7
1204903002630703 40.72
1204903002690558 40.7
1204903002750413 40.7
1204903002810267 40.7
1204903002870135 40.7
1204903002930976 40.72
1204903002990835 40.7
1204903003050687 40.72
1204903003110544 40.7
1204903003170413 40.7
1204903003230254 40.7
1204903003290106 40.72
1204903003350964 40.7
1204903003410817 40.7
1204903003470684 40.72
1204903003530527 40.7
1204903003590381 40.72
1204903003650238 40.7
1204903003710091 40.7
1204903003770961 40.7
1204903003830802 40.72
1204903003890843 40.7
1204903003950511 40.7
1204903004010368 40.7
1204903004070235 40.72
1204903004130076 40.7
1204903004190004 40.7
1204903004250783 40.72
1204903004310641 40.72
1204903004370504 40.72
1204903004430351 40.7
1204903004490388 40.72
1204903004550061 40.7
1204903004610916 40.72
1204903004670884 40.72
1204903004730628 40.7
1204903004790481 40.7
1204903004850334 40.7
1204903004910192 40.7
1204903004970059 40.7
1204903005030903 40.7
1204903005090862 40.7
1204903005110941 40.7
1204903005160588 40.7
1204903005220443 40.7
1204903005280294 40.7
1204903005340153 40.7
1204903005400006 40.7
1204903005460862 40.7
1204903005520718 40.7
1204903005580571 40.7
1204903005640426 40.7
1204903005700279 40.72
1204903005760134 40.7
1204903005820991 40.7
1204903005880848 40.7
1204903005940701 40.7
1204903006000555 40.72
1204903006060411 40.7
1204903006120267 40.7
1204903006180120 40.72
1204903006240974 40.7
1204903006300830 40.7
1204903006360687 40.7
1204903006420540 40.7
1204903006480405 40.72
1204903006540248 40.7
1204903006600106 40.7
1204903006660960 40.7
1204903006720817 40.7
1204903006780672 40.7
1204903006840525 40.7
1204903006900380 40.7
1204903006960235 40.7
1204903007020087 40.72
1204903007080945 40.7
1204903007140799 40.72
1204903007200654 40.7
1204903007260509 40.72
1204903007320364 40.7
1204903007380220 40.7
1204903007440075 40.7
1204903007500929 40.72
1204903007560784 40.7
1204903007620638 40.7
1204903007680495 40.7
1204903007740350 40.7
1204903007800205 40.7
1204903007860060 40.7
1204903007920913 40.72
1204903007980770 40.7
1204903008040625 40.7
1204903008100480 40.7
1204903008120665 40.7
1204903008170321 40.7
1204903008230161 40.72
1204903008290018 40.72
1204903008350876 40.7
1204903008410731 40.7
1204903008470598 40.72
1204903008530440 40.7
1204903008590296 40.7
1204903008650150 40.7
1204903008710005 40.7
1204903008770873 40.7
1204903008830713 40.7
1204903008890566 40.72
1204903008950423 40.7
1204903009010277 40.7
1204903009070146 40.7
1204903009130988 40.72
1204903009190918 40.7
1204903009250699 40.7
1204903009310552 40.7
1204903009370421 40.72
1204903009430264 40.7
1204903009490119 40.7
1204903009550975 40.7
1204903009610830 40.7
1204903009670801 40.72
1204903009730539 40.7
1204903009790394 40.7
1204903009850247 40.72
1204903009910102 40.7
1204903009970970 40.72
1204903100030069 40.7
1204903100090926 40.7
1204903100150781 40.7
1204903100210634 40.7
1204903100270503 40.7
1204903100330345 40.7
1204903100390200 40.7
1204903100450055 40.7
1204903100510907 40.72
1204903100570776 40.7
1204903100630618 40.72
1204903100690473 40.7
1204903100750328 40.7
1204903100810181 40.72
1204903100870050 40.72
1204903100930893 40.7
1204903100990750 40.7
1204903101050605 40.7
1204903101110459 40.7
1204903101130639 40.72
1204903101180288 40.7
1204903101240145 40.7
1204903101300999 40.7
1204903101360855 40.7
1204903101420706 40.72
1204903101480565 40.7
1204903101540418 40.72
1204903101600274 40.7
1204903101660124 40.72
1204903101720983 40.72
1204903101780840 40.7
1204903101840693 40.72
1204903101900549 40.7
1204903101960404 40.7
1204903102020259 40.7
1204903102080296 40.7
1204903102140967 40.72
1204903102200820 40.72
1204903102260679 40.7
1204903102320533 40.72
1204903102380386 40.72
1204903102440241 40.7
1204903102500096 40.7
1204903102560952 40.7
1204903102620808 40.7
1204903102680848 40.7
1204903102740514 40.72
1204903102800371 40.72
1204903102860228 40.7
1204903102920083 40.7
1204903102980937 40.7
1204903103040794 40.7
1204903103100644 40.72
1204903103160503 40.7
1204903103220358 40.7
1204903103280321 40.7
1204903103340065 40.72
1204903103400921 40.72
1204903103460776 40.7
1204903103520633 40.7
1204903103580486 40.7
1204903103640340 40.7
1204903103700195 40.7
1204903103760050 40.72
1204903103820906 40.7
1204903103880844 40.7
1204903103940615 40.7
1204903104000470 40.7
1204903104060327 40.7
1204903104120180 40.72
1204903104140367 40.7
1204903104190088 40.7
1204903104250866 40.72
1204903104310723 40.7
1204903104370582 40.72
1204903104430431 40.7
1204903104490285 40.72
1204903104550140 40.7
1204903104610996 40.7
1204903104670971 40.7
1204903104730703 40.72
1204903104790562 40.7
1204903104850417 40.7
1204903104910270 40.72
1204903104970145 40.72
1204903105030980 40.7
1204903105090837 40.7
1204903105150690 40.7
1204903105210546 40.72
1204903105270434 40.72
1204903105330254 40.7
1204903105390111 40.7
1204903105450965 40.7
1204903105510820 40.7
1204903105570687 40.7
1204903105630529 40.7
1204903105690384 40.7
1204903105750239 40.7
1204903105810094 40.7
1204903105870958 40.7
1204903105930803 40.72
1204903105990659 40.7
1204903106050516 40.7
1204903106110369 40.72
1204903106170240 40.7
1204903106230079 40.7
1204903106290934 40.7
1204903106350791 40.7
1204903106410644 40.72
1204903106470524 40.7
1204903106530354 40.7
1204903106590210 40.7
1204903106650063 40.7
1204903106710921 40.7
1204903106770788 40.7
1204903106830631 40.7
1204903106890483 40.72
1204903106950336 40.72
1204903107010193 40.72
1204903107070058 40.72
1204903107130902 40.72
1204903107150086 40.7
1204903107200736 40.7
1204903107260591 40.7
1204903107320442 40.7
1204903107380298 40.7
1204903107440155 40.7
1204903107500008 40.7
1204903107560864 40.72
1204903107620718 40.7
1204903107680575 40.7
1204903107740427 40.72
1204903107800285 40.7
1204903107860141 40.7
1204903107920993 40.7
1204903107980858 40.72
1204903108040704 40.72
1204903108100561 40.7
1204903108160412 40.7
1204903108220269 40.7
1204903108280123 40.72
1204903108340980 40.7
1204903108400836 40.7
1204903108460689 40.72
1204903108520542 40.7
1204903108580395 40.72
1204903108640252 40.7
1204903108700109 40.7
1204903108760962 40.7
1204903108820819 40.7
1204903108880672 40.72
1204903108940527 40.7
1204903109000384 40.7
1204903109060234 40.72
1204903109120093 40.7
1204903109180949 40.7
1204903109240803 40.72
1204903109300654 40.72
1204903109360511 40.7
1204903109420368 40.7
1204903109480364 40.7
1204903109540079 40.7
1204903109600931 40.72
1204903109660788 40.7
1204903109720641 40.72
1204903109780497 40.7
1204903109840354 40.7
1204903109900207 40.7
1204903109960060 40.7
1204903200030173 40.7
1204903200090026 40.7
1204903200150882 40.7
1204903200170067 40.7
1204903200220711 40.7
1204903200280637 40.72
1204903200340422 40.72
1204903200400279 40.7
1204903200460132 40.72
1204903200520988 40.7
1204903200580871 40.7
1204903200640699 40.7
1204903200700554 40.7
1204903200760407 40.7
1204903200820261 40.7
1204903200880131 40.7
1204903200940974 40.7
1204903201000827 40.7
1204903201060678 40.72
1204903201120537 40.7
1204903201180408 40.7
1204903201240246 40.7
1204903201300101 40.7
1204903201360959 40.7
1204903201420812 40.7
1204903201480691 40.7
1204903201540522 40.7
1204903201600378 40.7
1204903201660233 40.7
1204903201720086 40.7
1204903201780960 40.7
1204903201840796 40.7
1204903201900651 40.72
1204903201960506 40.72
1204903202020363 40.7
1204903202080224 40.72
1204903202140069 40.72
1204903202200011 40.7
1204903202260781 40.7
1204903202320637 40.7
1204903202380527 40.72
1204903202440344 40.72
1204903202500202 40.7
1204903202560057 40.7
1204903202620909 40.72
1204903202680884 40.7
1204903202740620 40.72
1204903202800477 40.7
1204903202860330 40.7
1204903202920185 40.7
1204903202980056 40.7
1204903203040894 40.72
1204903203100750 40.72
1204903203160605 40.72
1204903203180136 40.7
1204903203230434 40.7
1204903203290290 40.72
1204903203350147 40.7
1204903203410000 40.7
1204903203470856 40.7
1204903203530712 40.7
1204903203590565 40.7
1204903203650420 40.72
1204903203710275 40.7
1204903203770131 40.7
1204903203830987 40.7
1204903203890840 40.7
1204903203950695 40.7
1204903204010548 40.7
1204903204070405 40.7
1204903204130257 40.72
1204903204190114 40.72
1204903204250968 40.72
1204903204310823 40.72
1204903204370681 40.7
1204903204430533 40.72
1204903204490391 40.7
1204903204550244 40.7
1204903204610097 40.7
1204903204670953 40.7
1204903204730811 40.7
1204903204790666 40.7
1204903204850517 40.72
1204903204910374 40.7
1204903204970229 40.7
1204903205030083 40.72
1204903205090937 40.72
1204903205150794 40.7
1204903205210650 40.7
1204903205270501 40.72
1204903205330360 40.7
1204903205390212 40.7
1204903205450068 40.7
1204903205510925 40.7
1204903205570778 40.72
1204903205630633 40.7
1204903205690488 40.7
1204903205750343 40.72
1204903205810198 40.7
1204903205870235 40.72
1204903205930910 40.7
1204903205990761 40.72
1204903206050620 40.7
1204903206110473 40.7
1204903206170324 40.72
1204903206190540 40.7
1204903206240158 40.7
1204903206300013 40.7
1204903206360870 40.7
1204903206420721 40.72
1204903206480619 40.7
1204903206540431 40.72
1204903206600286 40.7
1204903206660143 40.7
1204903206730000 40.7
1204903206780865 40.72
1204903206840708 40.7
1204903206900561 40.7
1204903206960416 40.7
1204903207020272 40.72
1204903207080150 40.72
1204903207140983 40.72
1204903207200918 40.7
1204903207260689 40.72
1204903207320548 40.7
1204903207380415 40.7
1204903207440255 40.72
1204903207500112 40.72
1204903207560968 40.7
1204903207620823 40.7
1204903207680794 40.7
1204903207740533 40.7
1204903207800389 40.7
1204903207860242 40.72
1204903207920097 40.7
1204903207980971 40.7
1204903208040808 40.7
1204903208100662 40.72
1204903208160515 40.72
1204903208220371 40.7
1204903208280259 40.72
1204903208340081 40.7
1204903208400935 40.72
1204903208460790 40.72
1204903208520646 40.7
1204903208580524 40.7
1204903208640357 40.7
1204903208700211 40.7
1204903208760066 40.72
1204903208820922 40.7
1204903208880802 40.7
1204903208940632 40.7
1204903209000485 40.7
1204903209060340 40.7
1204903209120194 40.7
1204903209180066 40.7
1204903209200398 40.7
1204903209250882 40.72
1204903209310735 40.7
1204903209370592 40.7
1204903209430443 40.72
1204903209490316 40.7
1204903209550158 40.7
1204903209610011 40.7
1204903209670865 40.7
1204903209730721 40.7
1204903209790574 40.72
1204903209850433 40.7
1204903209910286 40.7
1204903209970142 40.7
1204903300030248 40.72
1204903300090105 40.7
1204903300150961 40.72
1204903300210817 40.7
1204903300270668 40.72
1204903300330525 40.7
1204903300390380 40.72
1204903300450235 40.7
1204903300510091 40.7
1204903300570945 40.72
1204903300630802 40.7
1204903300690655 40.7
1204903300750508 40.72
1204903300810362 40.72
1204903300870221 40.7
1204903300930076 40.7
1204903300990945 40.7
1204903301050783 40.72
1204903301110641 40.7
1204903301170496 40.7
1204903301230351 40.7
1204903301290205 40.7
1204903301350060 40.7
1204903301410914 40.72
1204903301470767 40.72
1204903301530627 40.7
1204903301590478 40.72
1204903301650333 40.7
1204903301710186 40.72
1204903301770045 40.7
1204903301830899 40.7
1204903301890751 40.72
1204903301950608 40.72
1204903302010465 40.7
1204903302070320 40.7
1204903302130174 40.72
1204903302190029 40.7
1204903302210225 40.7
1204903302260861 40.7
1204903302320713 40.72
1204903302380599 40.72
1204903302440423 40.7
1204903302500278 40.72
1204903302560133 40.7
1204903302620990 40.72
1204903302680962 40.7
1204903302740700 40.7
1204903302800553 40.7
1204903302860596 40.7
1204903302920265 40.7
1204903302980148 40.7
1204903303040975 40.7
1204903303100830 40.7
1204903303160683 40.72
1204903303220536 40.72
1204903303280425 40.7
1204903303340248 40.7
1204903303400104 40.7
1204903303460140 40.72
1204903303520813 40.72
1204903303580712 40.7
1204903303640525 40.7
1204903303700377 40.7
1204903303760230 40.72
1204903303820089 40.7
1204903303880959 40.7
1204903303940796 40.72
1204903304000654 40.7
1204903304060665 40.7
1204903304120362 40.7
1204903304180249 40.72
1204903304240071 40.72
1204903304300927 40.7
1204903304360782 40.7
1204903304420637 40.7
1204903304480516 40.7
1204903304540347 40.72
1204903304600203 40.7
1204903304660119 40.7
1204903304720914 40.7
1204903304780816 40.7
1204903304840622 40.7
1204903304900476 40.7
1204903304960333 40.7
1204903305020188 40.7
1204903305080067 40.7
1204903305140894 40.72
1204903305200837 40.7
1204903305220935 40.7
1204903305270580 40.72
1204903305330438 40.7
1204903305390291 40.72
1204903305450144 40.72
1204903305510001 40.72
1204903305570857 40.72
1204903305630712 40.72
1204903305690568 40.7
1204903305750423 40.7
1204903305810274 40.72
1204903305870133 40.7
1204903305930989 40.7
1204903305990843 40.7
1204903306050698 40.7
1204903306110553 40.7
1204903306170408 40.7
1204903306230261 40.72
1204903306290114 40.7
1204903306350972 40.7
1204903306410826 40.7
1204903306470681 40.72
1204903306530536 40.72
1204903306590393 40.7
1204903306650246 40.7
1204903306710098 40.72
1204903306770954 40.72
1204903306830811 40.7
1204903306890664 40.72
1204903306950519 40.72
1204903307010375 40.7
1204903307070228 40.72
1204903307130088 40.7
1204903307190939 40.7
1204903307250795 40.7
1204903307310648 40.72
1204903307370507 40.7
1204903307430360 40.7
1204903307490215 40.7
1204903307550068 40.7
1204903307610925 40.7
1204903307670780 40.7
1204903307730633 40.72
1204903307790490 40.7
1204903307850345 40.7
1204903307910201 40.7
1204903307970054 40.72
1204903308030910 40.72
1204903308090764 40.7
1204903308150617 40.72
1204903308210476 40.7
1204903308230660 40.7
1204903308280350 40.72
1204903308340161 40.7
1204903308400016 40.7
1204903308460872 40.7
1204903308520724 40.7
1204903308580608 40.7
1204903308640436 40.7
1204903308700291 40.7
1204903308760142 40.72
1204903308830000 40.72
1204903308880904 40.7
1204903308940711 40.7
1204903309000562 40.72
1204903309060417 40.72
1204903309120276 40.7
1204903309180163 40.7
1204903309240985 40.7
1204903309300839 40.7
1204903309360692 40.72
1204903309420551 40.7
1204903309480444 40.72
1204903309540260 40.7
1204903309600113 40.7
1204903309660971 40.7
1204903309720827 40.7
1204903309780738 40.72
1204903309840533 40.7
1204903309900390 40.7
1204903309960243 40.72
1204903400020354 40.7
1204903400080252 40.7
1204903400140062 40.7
1204903400200006 40.7
1204903400260774 40.7
1204903400320629 40.72
1204903400380515 40.7
1204903400440337 40.72
1204903400500192 40.72
1204903400560047 40.72
1204903400620905 40.7
1204903400680876 40.7
1204903400740612 40.72
1204903400800465 40.72
1204903400860322 40.7
1204903400920177 40.7
1204903400980064 40.72
1204903401040887 40.7
1204903401100744 40.7
1204903401160599 40.7
1204903401220455 40.7
1204903401240643 40.7
1204903401290282 40.7
1204903401350137 40.7
1204903401410992 40.72
1204903401470847 40.72
1204903401530704 40.7
1204903401590559 40.7
1204903401650512 40.7
1204903401710268 40.72
1204903401770124 40.7
1204903401830977 40.72
1204903401890830 40.72
1204903401950687 40.7
1204903402010542 40.7
1204903402070397 40.7
1204903402130253 40.7
1204903402190106 40.7
1204903402250004 40.72
1204903402310817 40.7
1204903402370672 40.72
1204903402430526 40.72
1204903402490381 40.72
1204903402550238 40.7
1204903402610091 40.7
1204903402670949 40.7
1204903402730799 40.72
1204903402790656 40.7
1204903402850523 40.7
1204903402910368 40.7
1204903402970221 40.72
1204903403030077 40.7
1204903403090933 40.7
1204903403150788 40.7
1204903403210641 40.7
1204903403270498 40.7
1204903403330352 40.7
1204903403390207 40.7
1204903403450062 40.7
1204903403510918 40.7
1204903403570771 40.7
1204903403630628 40.7
1204903403690482 40.7
1204903403750333 40.72
1204903403810192 40.7
1204903403870047 40.7
1204903403930901 40.7
1204903403990770 40.7
1204903404050612 40.7
1204903404110463 40.72
1204903404170320 40.72
1204903404230177 40.7
1204903404250413 40.7
1204903404300005 40.7
1204903404360861 40.72
1204903404420718 40.7
1204903404480609 40.7
1204903404540425 40.7
1204903404600280 40.7
1204903404660133 40.72
1204903404720993 40.7
1204903404780891 40.7
1204903404840699 40.7
1204903404900557 40.7
1204903404960410 40.72
1204903405020265 40.7
1204903405080159 40.7
1204903405140974 40.72
1204903405200918 40.7
1204903405260685 40.72
1204903405320540 40.72
1204903405380430 40.7
1204903405440250 40.7
1204903405500106 40.7
1204903405560960 40.7
1204903405620815 40.7
1204903405680787 40.7
1204903405740523 40.7
1204903405800379 40.7
1204903405860236 40.7
1204903405920089 40.7
1204903405980972 40.7
1204903406040800 40.7
1204903406100656 40.7
1204903406160509 40.72
1204903406220366 40.7
1204903406280276 40.7
1204903406340076 40.7
1204903406400928 40.7
1204903406460783 40.72
1204903406520641 40.7
1204903406580535 40.7
1204903406640351 40.7
1204903406700205 40.7
1204903406760060 40.7
1204903406820912 40.72
1204903406880851 40.72
1204903406940624 40.7
1204903407000478 40.72
1204903407060331 40.72
1204903407120186 40.72
1204903407180084 40.72
1204903407240898 40.72
1204903407260095 40.72
1204903407310730 40.7
1204903407370584 40.72
1204903407430439 40.7
1204903407490295 40.7
1204903407550148 40.72
1204903407610003 40.7
1204903407670861 40.7
1204903407730714 40.7
1204903407790567 40.72
1204903407850425 40.7
1204903407910280 40.7
1204903407970135 40.7
1204903408030989 40.72
1204903408090845 40.7
1204903408150700 40.7
1204903408210555 40.7
1204903408270410 40.7
1204903408330262 40.72
1204903408390119 40.7
1204903408450973 40.72
1204903408510829 40.72
1204903408570684 40.72
1204903408630539 40.7
1204903408690390 40.72
1204903408750247 40.7
1204903408810100 40.72
1204903408870960 40.7
1204903408930814 40.7
1204903408990667 40.7
1204903409050522 40.7
1204903409110375 40.72
1204903409170232 40.7
1204903409230088 40.7
1204903409290944 40.7
1204903409350799 40.7
1204903409410652 40.72
1204903409470505 40.7
1204903409530359 40.72
1204903409590216 40.7
1204903409650069 40.72
1204903409710927 40.7
1204903409770782 40.7
1204903409830637 40.72
1204903409890492 40.7
1204903409950345 40.7
1204903500010456 40.72
1204903500070312 40.7
1204903500130167 40.7
1204903500190022 40.7
1204903500250878 40.7
1204903500270062 40.7
1204903500320704 40.72
1204903500380608 40.7
1204903500440432 40.7
1204903500500272 40.7
1204903500560129 40.7
1204903500620985 40.7
1204903500680955 40.7
1204903500740693 40.7
1204903500800544 40.72
1204903500860401 40.7
1204903500920259 40.7
1204903500980200 40.7
1204903501040968 40.7
1204903501100821 40.72
1204903501160678 40.7
1204903501220534 40.7
1204903501280440 40.7
1204903501340242 40.7
1204903501400096 40.72
1204903501460951 40.7
1204903501520807 40.72
1204903501580716 40.7
1204903501640515 40.7
1204903501700372 40.7
1204903501760225 40.7
1204903501820082 40.7
1204903501880982 40.7
1204903501940792 40.7
1204903502000647 40.7
1204903502060502 40.7
1204903502120355 40.72
1204903502180267 40.7
1204903502240064 40.72
1204903502300920 40.72
1204903502360777 40.7
1204903502420630 40.72
1204903502480534 40.7
1204903502540342 40.7
1204903502600196 40.7
1204903502660051 40.7
1204903502720905 40.7
1204903502780815 40.72
1204903502840614 40.7
1204903502900471 40.7
1204903502960324 40.72
1204903503020179 40.7
1204903503080075 40.7
1204903503140889 40.7
1204903503200838 40.7
1204903503260599 40.7
1204903503280131 40.7
1204903503330433 40.7
1204903503390284 40.7
1204903503450139 40.7
1204903503510995 40.7
1204903503570850 40.7
1204903503630707 40.7
1204903503690557 40.72
1204903503750414 40.7
1204903503810267 40.72
1204903503870122 40.72
1204903503930982 40.7
1204903503990849 40.7
1204903504050691 40.7
1204903504110544 40.7
1204903504170399 40.7
1204903504230252 40.72
1204903504290106 40.72
1204903504350962 40.72
1204903504410819 40.7
1204903504470674 40.7
1204903504530531 40.7
1204903504590383 40.72
1204903504650238 40.72
1204903504710091 40.72
1204903504770949 40.7
1204903504830806 40.7
1204903504890660 40.7
1204903504950513 40.7
1204903505010366 40.72
1204903505070223 40.7
1204903505130081 40.7
1204903505190935 40.7
1204903505250786 40.72
1204903505310641 40.72
1204903505370498 40.7
1204903505430539 40.72
1204903505490220 40.7
1204903505550062 40.7
1204903505610920 40.7
1204903505670773 40.72
1204903505730630 40.7
1204903505790484 40.7
1204903505850335 40.72
1204903505910192 40.7
1204903505970047 40.7
1204903506030075 40.7
1204903506090757 40.7
1204903506150612 40.7
1204903506210467 40.7
1204903506270321 40.72
1204903506290533 40.7
1204903506340150 40.72
1204903506400007 40.7
1204903506460865 40.7
1204903506520718 40.7
1204903506580620 40.72
1204903506640429 40.7
1204903506700282 40.72
1204903506760137 40.7
1204903506820993 40.72
1204903506880909 40.7
1204903506940703 40.7
1204903507000557 40.7
1204903507060412 40.7
1204903507120269 40.7
1204903507180163 40.72
1204903507240975 40.72
1204903507300834 40.7
1204903507360685 40.72
1204903507420540 40.72
1204903507480460 40.7
1204903507540249 40.72
1204903507600106 40.72
1204903507660962 40.7
1204903507720817 40.72
1204903507780725 40.72
1204903507840527 40.7
1204903507900379 40.72
1204903507960234 40.72