1204302607900925 40.57
1204302607960778 40.59
1204302608020634 40.57
1204302608080545 40.57
1204302608140344 40.59
1204302608200198 40.59
1204302608260053 40.57
1204302608320909 40.57
1204302608340857 40.57
1204302608390740 40.57
1204302608450596 40.56
1204302608510455 40.5
1204302608570465 40.41
1204302608630158 40.35
1204302608690022 40.3
1204302608750871 40.28
1204302608810729 40.26
1204302608870698 40.28
1204302608930437 40.26
1204302608990354 40.28
1204302609050145 40.28
1204302609110007 40.3
1204302609170968 40.37
1204302609230712 40.44
1204302609290568 40.54
1204302609350425 40.63
1204302609410275 40.67
1204302609470276 40.65
1204302609530986 40.67
1204302609590845 40.63
1204302609650694 40.59
1204302609710551 40.52
1204302609770522 40.44
1204302609830273 40.41
1204302609890270 40.39
1204302609950968 40.39
1204302700010077 40.37
1204302700070089 40.39
1204302700130787 40.39
1204302700190642 40.39
1204302700250501 40.41
1204302700310356 40.44
1204302700370353 40.56
1204302700430069 40.63
1204302700490920 40.69
1204302700550838 40.69
1204302700610630 40.69
1204302700670609 40.67
1204302700730338 40.67
1204302700790195 40.65
1204302700850047 40.57
1204302700910072 40.5
1204302700970758 40.43
1204302701030612 40.37
1204302701090466 40.37
1204302701150321 40.39
1204302701210177 40.37
1204302701270668 40.37
1204302701330960 40.37
1204302701350838 40.37
1204302701400717 40.39
1204302701460575 40.41
1204302701520431 40.44
1204302701580287 40.46
1204302701640143 40.46
1204302701700995 40.48
1204302701760852 40.46
1204302701820705 40.44
1204302701880559 40.43
1204302701940414 40.41
1204302702000267 40.37
1204302702060122 40.35
1204302702120043 40.31
1204302702180841 40.3
1204302702240689 40.31
1204302702300544 40.31
1204302702360404 40.3
1204302702420252 40.28
1204302702480107 40.31
1204302702540970 40.3
1204302702600825 40.3
1204302702660673 40.31
1204302702720527 40.31
1204302702780388 40.3
1204302702840243 40.3
1204302702900098 40.3
1204302702960949 40.28
1204302703020805 40.26
1204302703080659 40.24
1204302703140515 40.16
1204302703200366 40.15
1204302703260222 40.13
1204302703320074 40.11
1204302703380933 40.13
1204302703440889 40.13
1204302703500639 40.15
1204302703560495 40.15
1204302703620349 40.15
1204302703680211 40.16
1204302703740062 40.2
1204302703800078 40.26
1204302703860778 40.3
1204302703920633 40.3
1204302703980481 40.31
1204302704040343 40.3
1204302704100194 40.26
1204302704160205 40.28
1204302704220902 40.24
1204302704280756 40.24
1204302704340611 40.2
1204302704360566 40.18
1204302704410443 40.18
1204302704470386 40.18
1204302704530152 40.2
1204302704590007 40.2
1204302704650863 40.24
1204302704710716 40.28
1204302704770722 40.33
1204302704830438 40.39
1204302704890282 40.48
1204302704950133 40.57
1204302705010998 40.63
1204302705070954 40.65
1204302705130703 40.65
1204302705190557 40.65
1204302705250416 40.63
1204302705310264 40.61
1204302705370254 40.56
1204302705430979 40.5
1204302705490831 40.48
1204302705550690 40.46
1204302705610540 40.52
1204302705670505 40.54
1204302705730254 40.54
1204302705790104 40.56
1204302705850967 40.63
1204302705910816 40.67
1204302705970671 40.69
1204302706030529 40.7
1204302706090554 40.74
1204302706150237 40.76
1204302706210092 40.8
1204302706270040 40.82
1204302706330817 40.82
1204302706390657 40.83
1204302706450512 40.8
1204302706510369 40.78
1204302706570395 40.74
1204302706630077 40.72
1204302706690932 40.72
1204302706750800 40.72
1204302706810643 40.7
1204302706870498 40.7
1204302706930349 40.69
1204302706990208 40.7
1204302707050063 40.7
1204302707110917 40.7
1204302707170933 40.74
1204302707230629 40.78
1204302707290485 40.82
1204302707350336 40.83
1204302707370660 40.83
1204302707420166 40.83
1204302707480020 40.83
1204302707540877 40.83
1204302707600735 40.82
1204302707660586 40.8
1204302707720444 40.78
1204302707780297 40.78
1204302707840150 40.8
1204302707900006 40.8
1204302707960861 40.8
1204302708020716 40.8
1204302708080572 40.8
1204302708140428 40.78
1204302708200281 40.8
1204302708260136 40.8
1204302708320996 40.82
1204302708380847 40.8
1204302708440701 40.8
1204302708500554 40.8
1204302708560413 40.78
1204302708620264 40.76
1204302708680119 40.76
1204302708740980 40.74
1204302708800832 40.7
1204302708860684 40.69
1204302708920538 40.69
1204302708980396 40.7
1204302709040252 40.7
1204302709100106 40.7
1204302709160958 40.69
1204302709220817 40.7
1204302709280671 40.7
1204302709340527 40.7
1204302709400382 40.7
1204302709460236 40.7
1204302709520091 40.7
1204302709580944 40.72
1204302709640799 40.72
1204302709700654 40.72
1204302709760509 40.72
1204302709820366 40.7
1204302709880216 40.69
1204302709940071 40.69
1204302800000182 40.69
1204302800060211 40.69
1204302800120894 40.69
1204302800180748 40.69
1204302800240603 40.67
1204302800300457 40.69
1204302800360312 40.67
1204302800380267 40.69
1204302800430142 40.69
1204302800490998 40.69
1204302800550857 40.7
1204302800610711 40.7
1204302800670713 40.7
1204302800730421 40.7
1204302800790271 40.69
1204302800850126 40.67
1204302800910984 40.67
1204302800970840 40.65
1204302801030690 40.61
1204302801090546 40.59
1204302801150400 40.59
1204302801210254 40.59
1204302801270264 40.61
1204302801330979 40.59
1204302801390821 40.57
1204302801450675 40.57
1204302801510529 40.57
1204302801570530 40.57
1204302801630241 40.61
1204302801690094 40.61
1204302801750949 40.61
1204302801810808 40.65
1204302801870831 40.63
1204302801930514 40.61
1204302801990376 40.63
1204302802050232 40.63
1204302802110079 40.61
1204302802170082 40.59
1204302802230789 40.59
1204302802290644 40.59
1204302802350498 40.59
1204302802410354 40.57
1204302802470359 40.56
1204302802530062 40.57
1204302802590920 40.57
1204302802650774 40.57
1204302802710628 40.59
1204302802770636 40.61
1204302802830344 40.61
1204302802890193 40.61
1204302802950048 40.61
1204302803010904 40.61
1204302803070899 40.59
1204302803130612 40.57
1204302803190470 40.56
1204302803250324 40.52
1204302803310179 40.48
1204302803370177 40.43
1204302803390987 40.41
1204302803440864 40.39
1204302803500718 40.39
1204302803560579 40.37
1204302803620427 40.39
1204302803680285 40.41
1204302803740140 40.43
1204302803800995 40.48
1204302803860847 40.59
1204302803920706 40.65
1204302803980564 40.7
1204302804040418 40.7
1204302804100272 40.7
1204302804160124 40.69
1204302804220981 40.67
1204302804280834 40.59
1204302804340690 40.48
1204302804400543 40.39
1204302804460398 40.35
1204302804520253 40.35
1204302804580106 40.37
1204302804640963 40.37
1204302804700818 40.39
1204302804760675 40.43
1204302804820532 40.5
1204302804880383 40.52
1204302804940243 40.54
1204302805000094 40.56
1204302805060952 40.54
1204302805120807 40.54
1204302805180658 40.56
1204302805240517 40.54
1204302805300368 40.52
1204302805360224 40.48
1204302805420077 40.41
1204302805480931 40.37
1204302805540787 40.37
1204302805600641 40.37
1204302805660497 40.39
1204302805720352 40.39
1204302805780206 40.39
1204302805840063 40.43
1204302805900921 40.46
1204302805960774 40.48
1204302806020633 40.5
1204302806080482 40.52
1204302806140339 40.52
1204302806200193 40.52
1204302806260046 40.52
1204302806320904 40.52
1204302806380760 40.44
1204302806400714 40.43
1204302806450589 40.41
1204302806510441 40.39
1204302806570475 40.37
1204302806630150 40.37
1204302806690006 40.37
1204302806750861 40.39
1204302806810718 40.43
1204302806870712 40.41
1204302806930428 40.41
1204302806990283 40.43
1204302807050141 40.5
1204302807110998 40.5
1204302807170038 40.5
1204302807230707 40.5
1204302807290557 40.52
1204302807350412 40.52
1204302807410266 40.52
1204302807470282 40.52
1204302807530978 40.48
1204302807590837 40.46
1204302807650686 40.41
1204302807710554 40.37
1204302807770554 40.37
1204302807830415 40.37
1204302807890103 40.35
1204302807950959 40.35
1204302808010815 40.37
1204302808070843 40.37
1204302808130525 40.37
1204302808190380 40.37
1204302808250320 40.39
1204302808310092 40.43
1204302808370129 40.43
1204302808430803 40.44
1204302808490657 40.44
1204302808550579 40.46
1204302808610367 40.44
1204302808670365 40.43
1204302808730075 40.41
1204302808790930 40.37
1204302808850813 40.37
1204302808910639 40.37
1204302808970494 40.35
1204302809030348 40.35
1204302809090203 40.35
1204302809150059 40.35
1204302809210914 40.37
1204302809270927 40.37
1204302809330638 40.39
1204302809390481 40.44
1204302809410429 40.48
1204302809460310 40.52
1204302809520165 40.56
1204302809580018 40.57
1204302809640875 40.59
1204302809700728 40.57
1204302809760586 40.56
1204302809820440 40.52
1204302809880299 40.46
1204302809940150 40.41
1204302900010262 40.41
1204302900070114 40.39
1204302900130970 40.39
1204302900190825 40.37
1204302900250679 40.37
1204302900310535 40.37
1204302900370390 40.37
1204302900430244 40.37
1204302900490098 40.39
1204302900550957 40.41
1204302900610811 40.43
1204302900670665 40.43
1204302900730523 40.44
1204302900790374 40.43
1204302900850231 40.43
1204302900910085 40.43
1204302900970941 40.41
1204302901030794 40.37
1204302901090648 40.35
1204302901150503 40.35
1204302901210359 40.37
1204302901270213 40.35
1204302901330069 40.33
1204302901390925 40.33
1204302901450778 40.35
1204302901510634 40.37
1204302901570489 40.39
1204302901630342 40.39
1204302901690198 40.43
1204302901750055 40.44
1204302901810912 40.44
1204302901870767 40.44
1204302901930768 40.43
1204302901990475 40.41
1204302902050327 40.39
1204302902110182 40.37
1204302902170039 40.33
1204302902230895 40.33
1204302902290762 40.31
1204302902350604 40.31
1204302902410464 40.3
1204302902430412 40.28
1204302902480459 40.3
1204302902540158 40.28
1204302902600999 40.28
1204302902660861 40.3
1204302902720716 40.3
1204302902780746 40.3
1204302902840435 40.3
1204302902900274 40.31
1204302902960130 40.31
1204302903020990 40.3
1204302903080000 40.3
1204302903140696 40.26
1204302903200549 40.2
1204302903260405 40.18
1204302903320258 40.13
1204302903380291 40.13
1204302903440970 40.13
1204302903500821 40.11
1204302903560677 40.11
1204302903620532 40.11
1204302903680568 40.13
1204302903740241 40.11
1204302903800098 40.13
1204302903860956 40.18
1204302903920812 40.22
1204302903980665 40.22
1204302904040521 40.22
1204302904100374 40.22
1204302904160229 40.22
1204302904220082 40.2
1204302904280138 40.2
1204302904340804 40.15
1204302904400649 40.13
1204302904460502 40.13
1204302904520355 40.15
1204302904580401 40.15
1204302904640067 40.13
1204302904700921 40.15
1204302904760775 40.15
1204302904820651 40.16
1204302904880639 40.15
1204302904940347 40.16
1204302905000199 40.22
1204302905060051 40.24
1204302905120907 40.24
1204302905180959 40.28
1204302905240619 40.26
1204302905300473 40.26
1204302905360329 40.26
1204302905420184 40.22
1204302905440132 40.2
1204302905490014 40.18
1204302905550869 40.18
1204302905610723 40.18
1204302905670580 40.18
1204302905730435 40.18
1204302905790289 40.18
1204302905850173 40.18
1204302905910998 40.2
1204302905970853 40.2
1204302906030708 40.24
1204302906090566 40.3
1204302906150424 40.3
1204302906210271 40.31
1204302906270126 40.33
1204302906330982 40.33
1204302906390837 40.31
1204302906450719 40.31
1204302906510552 40.3
1204302906570402 40.28
1204302906630258 40.26
1204302906690112 40.26
1204302906750968 40.26
1204302906810824 40.26
1204302906870786 40.28
1204302906930531 40.28
1204302906990477 40.28
1204302907050269 40.3
1204302907110094 40.28
1204302907170957 40.3
1204302907230806 40.31
1204302907290661 40.31
1204302907350521 40.3
1204302907410376 40.3
1204302907470225 40.28
1204302907530080 40.24
1204302907590935 40.24
1204302907650967 40.22
1204302907710648 40.22
1204302907770502 40.22
1204302907830357 40.22
1204302907890212 40.22
1204302907950065 40.24
1204302908010922 40.22
1204302908070774 40.24
1204302908130629 40.28
1204302908190490 40.3
1204302908250339 40.33
1204302908310191 40.35
1204302908370046 40.37
1204302908430902 40.37
1204302908450221 40.35
1204302908500734 40.35
1204302908560588 40.35
1204302908620443 40.35
1204302908680455 40.33
1204302908740219 40.31
1204302908800016 40.3
1204302908860870 40.3
1204302908920726 40.3
1204302908980580 40.3
1204302909040429 40.31
1204302909100290 40.3
1204302909160145 40.3
1204302909230000 40.3
1204302909280015 40.31
1204302909340714 40.31
1204302909400560 40.33
1204302909460412 40.39
1204302909520269 40.41
1204302909580309 40.41
1204302909640978 40.39
1204302909700833 40.39
1204302909760688 40.39
1204302909820542 40.37
1204302909880591 40.33
1204302909940253 40.33
1204303000000109 40.33
1204303000060217 40.35
1204303000120073 40.33
1204303000180086 40.33
1204303000240782 40.35
1204303000300637 40.35
1204303000360491 40.35
1204303000420345 40.37
1204303000480396 40.43
1204303000540062 40.46
1204303000600915 40.44
1204303000660772 40.46
1204303000720626 40.46
1204303000780664 40.46
1204303000840342 40.44
1204303000900188 40.43
1204303000960041 40.37
1204303001020895 40.35
1204303001080919 40.35
1204303001140608 40.33
1204303001200463 40.33
1204303001260316 40.35
1204303001320172 40.33
1204303001380236 40.31
1204303001440196 40.33
1204303001460837 40.33
1204303001510711 40.35
1204303001570567 40.39
1204303001630422 40.43
1204303001690278 40.43
1204303001750136 40.46
1204303001810991 40.44
1204303001870846 40.46
1204303001930700 40.44
1204303001990553 40.41
1204303002050405 40.39
1204303002110261 40.35
1204303002170118 40.33
1204303002230972 40.35
1204303002290828 40.31
1204303002350683 40.31
1204303002410538 40.31
1204303002470397 40.3
1204303002530247 40.31
1204303002590102 40.31
1204303002650958 40.31
1204303002710813 40.33
1204303002770668 40.33
1204303002830522 40.33
1204303002890376 40.33
1204303002950231 40.31
1204303003010085 40.31
1204303003070942 40.31
1204303003130803 40.3
1204303003190651 40.28
1204303003250508 40.26
1204303003310361 40.24
1204303003370215 40.24
1204303003430071 40.24
1204303003490929 40.22
1204303003550783 40.22
1204303003610637 40.24
1204303003670491 40.24
1204303003730345 40.24
1204303003790206 40.3
1204303003850056 40.33
1204303003910909 40.37
1204303003970764 40.37
1204303004030618 40.37
1204303004090483 40.35
1204303004150328 40.35
1204303004210185 40.31
1204303004270040 40.28
1204303004330897 40.24
1204303004390751 40.24
1204303004450606 40.22
1204303004470559 40.22
1204303004520438 40.22
1204303004580478 40.2
1204303004640160 40.2
1204303004710000 40.2
1204303004760858 40.22
1204303004820712 40.22
1204303004880736 40.24
1204303004940421 40.24
1204303005000277 40.26
1204303005060132 40.26
1204303005120986 40.24
1204303005180033 40.24
1204303005240696 40.22
1204303005300555 40.16
1204303005360408 40.16
1204303005420258 40.15
1204303005480273 40.13
1204303005540970 40.13
1204303005600822 40.11
1204303005660679 40.09
1204303005720534 40.07
1204303005780569 40.07
1204303005840269 40.07
1204303005900099 40.09
1204303005960956 40.09
1204303006020809 40.09
1204303006080846 40.11
1204303006140517 40.11
1204303006200374 40.09
1204303006260230 40.09
1204303006320083 40.07
1204303006380117 40.07
1204303006440793 40.05
1204303006500647 40.03
1204303006560501 40.03
1204303006620356 40.03
1204303006680399 40.03
1204303006740072 40.02
1204303006800928 40.02
1204303006860776 40.03
1204303006920632 40.03
1204303006980495 40.03
1204303007040341 40.03
1204303007100196 40.05
1204303007160050 40.05
1204303007220908 40.07
1204303007280934 40.07
1204303007340632 40.07
1204303007400471 40.05
1204303007460326 40.05
1204303007480656 40.05
1204303007530156 40.03
1204303007590012 40.03
1204303007650867 40.03
1204303007710722 40.03
1204303007770576 40.05
1204303007830431 40.05
1204303007890286 40.03
1204303007950142 40.03
1204303008010996 40.03
1204303008070851 40.05
1204303008130705 40.03
1204303008190563 40.07
1204303008250419 40.09
1204303008310272 40.09
1204303008370124 40.11
1204303008430324 40.11
1204303008490836 40.11
1204303008550691 40.11
1204303008610546 40.11
1204303008670403 40.09
1204303008730257 40.09
1204303008790111 40.09
1204303008850968 40.09
1204303008910820 40.11
1204303008970678 40.09
1204303009030532 40.09
1204303009090547 40.09
1204303009150241 40.09
1204303009210096 40.09
1204303009270952 40.13
1204303009330806 40.13
1204303009390661 40.15
1204303009450515 40.15
1204303009510369 40.15
1204303009570224 40.15
1204303009630239 40.13
1204303009690937 40.13
1204303009750791 40.13
1204303009810645 40.11
1204303009870500 40.11
1204303009930354 40.11
1204303009990208 40.11
1204303100050319 40.11
1204303100110177 40.09
1204303100170031 40.09
1204303100230935 40.13
1204303100290739 40.11
1204303100350595 40.15
1204303100410453 40.22
1204303100470306 40.24
1204303100490262 40.26
1204303100540136 40.28
1204303100600992 40.28
1204303100660853 40.3
1204303100720709 40.3
1204303100780770 40.28
1204303100840423 40.28
1204303100900267 40.24
1204303100960120 40.2
1204303101020977 40.2
1204303101080009 40.2
1204303101140688 40.18
1204303101200543 40.18
1204303101260399 40.18
1204303101320250 40.2
1204303101380309 40.2
1204303101440963 40.26
1204303101500815 40.31
1204303101560668 40.37
1204303101620523 40.37
1204303101680572 40.39
1204303101740234 40.37
1204303101800087 40.39
1204303101860943 40.39
1204303101920799 40.35
1204303101980654 40.31
1204303102040515 40.3
1204303102100364 40.28
1204303102160220 40.28
1204303102220074 40.28
1204303102280132 40.28
1204303102340799 40.28
1204303102400639 40.28
1204303102460494 40.28
1204303102520350 40.28
1204303102580391 40.3
1204303102640059 40.33
1204303102700912 40.39
1204303102760770 40.41
1204303102820624 40.41
1204303102880664 40.41
1204303102940333 40.41
1204303103000187 40.39
1204303103060042 40.35
1204303103120899 40.33
1204303103180948 40.31
1204303103240609 40.33
1204303103300463 40.31
1204303103360318 40.31
1204303103420173 40.31
1204303103480209 40.31
1204303103500983 40.31
1204303103550860 40.33
1204303103610713 40.35
1204303103670566 40.35
1204303103730423 40.41
1204303103790279 40.43
1204303103850134 40.43
1204303103910989 40.43
1204303103970843 40.43
1204303104030698 40.41
1204303104090552 40.39
1204303104150407 40.37
1204303104210260 40.35
1204303104270117 40.35
1204303104330974 40.33
1204303104390828 40.33
1204303104450683 40.33
1204303104510537 40.31
1204303104570394 40.31
1204303104630248 40.33
1204303104690102 40.31
1204303104750959 40.33
1204303104810819 40.35
1204303104870667 40.35
1204303104930520 40.35
1204303104990378 40.33
1204303105050232 40.33
1204303105110087 40.33
1204303105170944 40.31
1204303105230804 40.3
1204303105290652 40.28
1204303105350508 40.24
1204303105410364 40.22
1204303105470220 40.22
1204303105530071 40.24
1204303105590930 40.22
1204303105650783 40.22
1204303105710640 40.22
1204303105770491 40.24
1204303105830346 40.24
1204303105890201 40.24
1204303105950059 40.26
1204303106010914 40.26
1204303106070770 40.26
1204303106130622 40.24
1204303106190477 40.24
1204303106250331 40.24
1204303106310189 40.22
1204303106370042 40.2
1204303106430901 40.16
1204303106490751 40.13
1204303106510707 40.11
1204303106560580 40.11
1204303106620434 40.11
1204303106680494 40.11
1204303106740145 40.11
1204303106800001 40.13
1204303106860856 40.13
1204303106920712 40.13
1204303106980581 40.13
1204303107040419 40.15
1204303107100280 40.16
1204303107160135 40.16
1204303107220125 40.15
1204303107280021 40.15
1204303107340707 40.11
1204303107400552 40.09
1204303107460404 40.05
1204303107520259 40.03
1204303107580653 40.02
1204303107640975 40.02
1204303107700825 40.03
1204303107760679 40.03
1204303107820601 40.03
1204303107880914 40.03
1204303107940242 40.03
1204303108000098 40.03
1204303108060954 40.03
1204303108120809 40.05
1204303108180860 40.05
1204303108240519 40.05
1204303108300374 40.05
1204303108360228 40.05
1204303108420118 40.03
1204303108480157 40.03
1204303108540795 40
1204303108600654 39.98
1204303108660508 39.98
1204303108720360 39.96
1204303108780422 39.98
1204303108840081 39.98
1204303108900930 39.98
1204303108960779 39.96
1204303109020668 39.96
1204303109080673 39.96
1204303109140347 39.98
1204303109200199 40
1204303109260054 40
1204303109320913 40.02
1204303109380768 40.02
1204303109440623 40.02
1204303109500474 40
1204303109520435 39.98
1204303109570308 39.98
1204303109630164 39.98
1204303109690017 39.94
1204303109750871 39.92
1204303109810728 39.9
1204303109870579 39.92
1204303109930439 39.9
1204303109990294 39.9
1204303200050404 39.9
1204303200110257 39.9
1204303200170114 39.9
1204303200230964 39.92
1204303200290820 39.92
1204303200350678 39.98
1204303200410534 40.02
1204303200470388 40.02
1204303200530242 40.02
1204303200590093 40
1204303200650953 40.02
1204303200710803 40
1204303200770658 39.96
1204303200830513 39.96
1204303200890369 39.96
1204303200950226 39.94
1204303201010077 39.96
1204303201070933 39.96
1204303201130788 39.96
1204303201190643 39.96
1204303201250501 39.98
1204303201310354 39.96
1204303201370209 40
1204303201430064 40
1204303201490923 40.02
1204303201550778 40.02
1204303201610631 40.02
1204303201670482 40
1204303201730337 40
1204303201790195 39.98
1204303201850047 39.92
1204303201910901 39.87
1204303201970756 39.85
1204303202030611 39.87
1204303202090465 39.85
1204303202150320 39.85
1204303202210176 39.85
1204303202270029 39.83
1204303202330885 39.85
1204303202390740 39.85
1204303202450596 39.87
1204303202510455 39.9
1204303202530409 39.89
1204303202580486 39.94
1204303202640137 39.96
1204303202700998 39.98
1204303202760847 39.96
1204303202820707 39.94
1204303202880762 39.94
1204303202940413 39.92
1204303203000272 39.9
1204303203060121 39.87
1204303203120976 39.87
1204303203180039 39.87
1204303203240685 39.85
1204303203300540 39.85
1204303203360395 39.85
1204303203420249 39.87
1204303203480306 39.87
1204303203540961 39.87
1204303203600816 39.89
1204303203660675 39.9
1204303203720526 39.89
1204303203780596 39.89
1204303203840250 39.89
1204303203900088 39.87
1204303203960944 39.87
1204303204020800 39.85
1204303204080654 39.81
1204303204140509 39.81
1204303204200365 39.79
1204303204260220 39.77
1204303204320075 39.79
1204303204380126 39.77
1204303204440785 39.79
1204303204500638 39.81
1204303204560495 39.79
1204303204620347 39.81
1204303204680204 39.85
1204303204740064 39.9
1204303204800915 39.92
1204303204860774 39.94
1204303204920629 39.94
1204303204980493 39.92
1204303205040336 39.92
1204303205100194 39.9
1204303205160042 39.85
1204303205220898 39.85
1204303205280944 39.83
1204303205340627 39.83
1204303205400462 39.83
1204303205460317 39.81
1204303205520173 39.83
1204303205540130 39.81
1204303205590004 39.81
1204303205650858 39.83
1204303205710714 39.83
1204303205770568 39.85
1204303205830423 39.87
1204303205890277 39.87
1204303205950134 39.87
1204303206010023 39.87
1204303206070844 39.85
1204303206130698 39.85
1204303206190554 39.85
1204303206250408 39.83
1204303206310263 39.85
1204303206370117 39.83
1204303206430973 39.83
1204303206490828 39.83
1204303206550683 39.85
1204303206610574 39.83
1204303206670392 39.85
1204303206730247 39.83
1204303206790102 39.85
1204303206850957 39.85
1204303206910813 39.85
1204303206970667 39.87
1204303207030522 39.87
1204303207090376 39.87
1204303207150232 39.87
1204303207210093 39.89
1204303207270943 39.85
1204303207330797 39.85
1204303207390651 39.85
1204303207450507 39.85
1204303207510362 39.85
1204303207570215 39.85
1204303207630070 39.85
1204303207690927 39.83
1204303207750782 39.83
1204303207810650 39.85
1204303207870492 39.83
1204303207930346 39.83
1204303207990200 39.85
1204303208050056 39.85
1204303208110912 39.87
1204303208170765 39.85
1204303208230620 39.87
1204303208290475 39.87
1204303208350330 39.85
1204303208410185 39.83
1204303208470040 39.81
1204303208530897 39.79
1204303208550856 39.79
1204303208600727 39.81
1204303208660581 39.81
1204303208720436 39.81
1204303208780496 39.81
1204303208840161 39.81
1204303208900000 39.81
1204303208960856 39.81
1204303209020711 39.81
1204303209080755 39.81
1204303209140420 39.83
1204303209200275 39.83
1204303209260130 39.83
1204303209320985 39.83
1204303209380840 39.83
1204303209440696 39.83
1204303209500550 39.81
1204303209560404 39.81
1204303209620261 39.81
1204303209680319 39.81
1204303209740970 39.81
1204303209800826 39.81
1204303209860680 39.81
1204303209920536 39.81
1204303209980400 39.81
1204303300040502 39.79
1204303300100357 39.81
1204303300160211 39.83
1204303300220066 39.83
1204303300280921 39.83
1204303300340792 39.83
1204303300400630 39.83
1204303300460486 39.83
1204303300520341 39.83
1204303300580405 39.83
1204303300640050 39.81
1204303300700907 39.77
1204303300760761 39.77
1204303300820618 39.77
1204303300880472 39.77
1204303300940326 39.76
1204303301000182 39.76
1204303301060037 39.76
1204303301120894 39.77
1204303301180282 39.76
1204303301240601 39.77
1204303301300457 39.77
1204303301360311 39.79
1204303301420163 39.81
1204303301480229 39.85
1204303301540874 39.85
1204303301560150 39.85
1204303301610704 39.85
1204303301670560 39.83
1204303301730414 39.81
1204303301790271 39.79
1204303301850126 39.79
1204303301910983 39.79
1204303301970838 39.79
1204303302030691 39.81
1204303302090546 39.79
1204303302150399 39.81
1204303302210254 39.81
1204303302270108 39.81
1204303302330964 39.81
1204303302390820 39.81
1204303302450674 39.81
1204303302510528 39.81
1204303302570385 39.81
1204303302630240 39.79
1204303302690096 39.77
1204303302750952 39.76
1204303302810806 39.76
1204303302870661 39.72
1204303302930516 39.72
1204303302990370 39.72
1204303303050226 39.72
1204303303110084 39.74
1204303303170936 39.76
1204303303230791 39.76
1204303303290644 39.76
1204303303350500 39.77
1204303303410356 39.79
1204303303470207 39.85
1204303303530062 39.85
1204303303590918 39.87
1204303303650774 39.87
1204303303710630 39.89
1204303303770482 39.87
1204303303830337 39.87
1204303303890192 39.83
1204303303950049 39.79
1204303304010904 39.76
1204303304070763 39.74
1204303304130618 39.74
1204303304190473 39.74
1204303304250327 39.74
1204303304310178 39.72
1204303304370034 39.72
1204303304430893 39.74
1204303304490748 39.74
1204303304550599 39.76
1204303304570561 39.76
1204303304620430 39.79
1204303304680283 39.81
1204303304740138 39.81
1204303304810000 39.83
1204303304860003 39.83
1204303304920702 39.81
1204303304980570 39.81
1204303305040413 39.79
1204303305100268 39.79
1204303305160123 39.79
1204303305220980 39.79
1204303305280834 39.79
1204303305340702 39.81
1204303305400556 39.81
1204303305460397 39.81
1204303305520252 39.85
1204303305580106 39.87
1204303305640967 39.9
1204303305700823 39.94
1204303305760679 39.98
1204303305820527 40
1204303305880581 40
1204303305940239 40
1204303306000103 40
1204303306060948 40
1204303306120804 40
1204303306180874 39.96
1204303306240518 39.94
1204303306300372 39.94
1204303306360227 39.94
1204303306420079 39.96
1204303306480472 39.94
1204303306540792 39.94
1204303306600643 39.96
1204303306660498 39.96
1204303306720356 39.98
1204303306780435 39.98
1204303306840076 40.02
1204303306900915 40.03
1204303306960771 40.11
1204303307020626 40.15
1204303307080683 40.15
1204303307140337 40.13
1204303307200191 40.13
1204303307260047 40.13
1204303307320904 40.13
1204303307380758 40.13
1204303307440613 40.13
1204303307500467 40.13
1204303307560321 40.11
1204303307580800 40.13
1204303307630150 40.11
1204303307690006 40.13
1204303307750862 40.13
1204303307810718 40.13
1204303307870573 40.13
1204303307930426 40.15
1204303307990281 40.13
1204303308050135 40.15
1204303308110992 40.13
1204303308170848 40.13
1204303308230702 40.13
1204303308290555 40.11
1204303308350412 40.07
1204303308410265 40.05
1204303308470119 40.05
1204303308530976 40.07
1204303308590831 40.07
1204303308650686 40.07
1204303308710539 40.05
1204303308770395 40.07
1204303308830252 40.07
1204303308890104 40.11
1204303308950961 40.13
1204303309010814 40.15
1204303309070668 40.15
1204303309130524 40.15
1204303309190379 40.15
1204303309250240 40.16
1204303309310094 40.16
1204303309370951 40.16
1204303309430800 40.15
1204303309490653 40.15
1204303309550508 40.15
1204303309610366 40.13
1204303309670220 40.13
1204303309730073 40.15
1204303309790930 40.13
1204303309850784 40.11
1204303309910638 40.11
1204303309970494 40.13
1204303400030606 40.13
1204303400090458 40.11
1204303400150312 40.11
1204303400210167 40.15
1204303400270032 40.15
1204303400330879 40.15
1204303400390735 40.13
1204303400450589 40.13
1204303400510443 40.11
1204303400570299 40.09
1204303400590261 40.09
1204303400640130 40.09
1204303400700985 40.09
1204303400760841 40.09
1204303400820695 40.09
1204303400880550 40.09
1204303400940405 40.09
1204303401000260 40.09
1204303401060113 40.11
1204303401120968 40.11
1204303401180828 40.16
1204303401240682 40.18
1204303401300538 40.16
1204303401360394 40.16
1204303401420248 40.16
1204303401480327 40.16
1204303401540958 40.16
1204303401600808 40.15
1204303401660662 40.15
1204303401720518 40.13
1204303401780374 40.13
1204303401840245 40.13
1204303401900085 40.13
1204303401960938 40.11
1204303402020793 40.11
1204303402080648 40.13
1204303402140502 40.11
1204303402200359 40.13
1204303402260214 40.13
1204303402320072 40.16
1204303402380928 40.16
1204303402440780 40.18
1204303402500638 40.16
1204303402560490 40.18
1204303402620348 40.16
1204303402680201 40.18
1204303402740057 40.16
1204303402800912 40.16
1204303402860767 40.16
1204303402920616 40.15
1204303402980484 40.15
1204303403040332 40.16
1204303403100187 40.16
1204303403160036 40.15
1204303403220897 40.16
1204303403280752 40.16
1204303403340618 40.15
1204303403400462 40.16
1204303403460316 40.16
1204303403520172 40.16
1204303403580026 40.16
1204303403600978 40.15
1204303403650850 40.15
1204303403710713 40.16
1204303403770566 40.16
1204303403830417 40.15
1204303403890271 40.15
1204303403950125 40.15
1204303404010982 40.13
1204303404070838 40.13
1204303404130691 40.15
1204303404190547 40.13
1204303404250401 40.11
1204303404310256 40.13
1204303404370112 40.13
1204303404430968 40.13
1204303404490823 40.13
1204303404550675 40.15
1204303404610530 40.15
1204303404670385 40.15
1204303404730246 40.16
1204303404790100 40.16
1204303404850956 40.16
1204303404910811 40.16
1204303404970660 40.15
1204303405030515 40.11
1204303405090370 40.11
1204303405150225 40.11
1204303405210079 40.11
1204303405270935 40.11
1204303405330790 40.11
1204303405390645 40.11
1204303405450500 40.11
1204303405510355 40.13
1204303405570211 40.13
1204303405630069 40.16
1204303405690926 40.16
1204303405750781 40.16
1204303405810635 40.16
1204303405870484 40.15
1204303405930345 40.16
1204303405990195 40.15
1204303406050049 40.15
1204303406110905 40.13
1204303406170759 40.11
1204303406230772 40.11
1204303406290468 40.11
1204303406350326 40.09
1204303406410179 40.09
1204303406470036 40.09
1204303406530902 40.09
1204303406590745 40.09
1204303406610705 40.09
1204303406660576 40.09
1204303406720430 40.09
1204303406780286 40.13
1204303406840158 40.15
1204303406900999 40.16
1204303406960855 40.16
1204303407020709 40.18
1204303407080562 40.18
1204303407140417 40.18
1204303407200275 40.16
1204303407260128 40.16
1204303407320979 40.15
1204303407380834 40.15
1204303407440687 40.15
1204303407500542 40.15
1204303407560397 40.15
1204303407620253 40.15
1204303407680326 40.15
1204303407740969 40.16
1204303407800819 40.15
1204303407860674 40.15
1204303407920533 40.16
1204303407980399 40.18
1204303408040243 40.16
1204303408100098 40.16
1204303408160953 40.16
1204303408220808 40.16
1204303408280664 40.16
1204303408340532 40.15
1204303408400368 40.13
1204303408460221 40.11
1204303408520076 40.11
1204303408580932 40.11
1204303408640789 40.09
1204303408700644 40.07
1204303408760499 40.09
1204303408820353 40.09
1204303408880228 40.11
1204303408940060 40.11
1204303409000923 40.16
1204303409060776 40.22
1204303409120629 40.28
1204303409180490 40.3
1204303409240337 40.28
1204303409300192 40.28
1204303409360049 40.26
1204303409420905 40.26
1204303409480984 40.22
1204303409540612 40.2
1204303409600468 40.2
1204303409620430 40.2
1204303409670298 40.2
1204303409730153 40.2
1204303409790008 40.2
1204303409850864 40.2
1204303409910718 40.2
1204303409970576 40.22
1204303500030686 40.22
1204303500090540 40.22
1204303500150395 40.22
1204303500210249 40.22
1204303500270105 40.22
1204303500330961 40.22
1204303500390816 40.22
1204303500450670 40.22
1204303500510524 40.18
1204303500570376 40.15
1204303500630232 40.13
1204303500690085 40.15
1204303500750942 40.15
1204303500810795 40.15
1204303500870650 40.15
1204303500930505 40.15
1204303500990360 40.15
1204303501050216 40.15
1204303501110077 40.16
1204303501170925 40.15
1204303501230787 40.16
1204303501290639 40.18
1204303501350495 40.18
1204303501410350 40.16
1204303501470206 40.16
1204303501530054 40.15
1204303501590911 40.15
1204303501650767 40.13
1204303501710622 40.09
1204303501770474 40.11
1204303501830328 40.11
1204303501890186 40.13
1204303501950039 40.11
1204303502010894 40.11
1204303502070751 40.13
1204303502130606 40.13
1204303502190461 40.13
1204303502250315 40.13
1204303502310169 40.15
1204303502370024 40.15
1204303502430894 40.15
1204303502490734 40.15
1204303502550589 40.15
1204303502610445 40.11
1204303502630406 40.11
1204303502680275 40.11
1204303502740132 40.09
1204303502800986 40.07
1204303502860842 40.07
1204303502920695 40.05
1204303502980563 40.05
1204303503040404 40.05
1204303503100278 40.05
1204303503160115 40.07
1204303503220971 40.07
1204303503280825 40.07
1204303503340704 40.07
1204303503400537 40.07
1204303503460390 40.07
1204303503520246 40.07
1204303503580099 40.07
1204303503640956 40.07
1204303503700812 40.07
1204303503760666 40.07
1204303503820518 40.05
1204303503880373 40.03
1204303503940233 40.02
1204303504000088 40.02
1204303504060945 40.02
1204303504120794 40.03
1204303504180649 40.03
1204303504240502 40.03
1204303504300358 40.03
1204303504360212 40.03
1204303504420066 40.05
1204303504480922 40.05
1204303504540780 40.09
1204303504600635 40.09
1204303504660491 40.09
1204303504720344 40.09
1204303504780199 40.09
1204303504840072 40.07
1204303504900910 40.07
1204303504960765 40.09
1204303505020616 40.03
1204303505080471 40.03
1204303505140327 40.03
1204303505200182 40.03
1204303505260037 40.03
1204303505320893 40.03
1204303505380746 40.03
1204303505440601 40.03
1204303505500456 40.05
1204303505560312 40.05
1204303505620166 40.05
1204303505640130 40.07
1204303505690000 40.07
1204303505750854 40.09
1204303505810710 40.09
1204303505870563 40.09
1204303505930419 40.07
1204303505990274 40.07
1204303506050128 40.07
1204303506110983 40.03
1204303506170931 40
1204303506230698 39.98
1204303506290549 39.96
1204303506350402 39.96
1204303506410258 39.96
1204303506470113 39.96
1204303506530973 39.98
1204303506590822 39.96
1204303506650683 39.98
1204303506710534 40
1204303506770436 40.02
1204303506830240 40.05
1204303506890097 40.07
1204303506950951 40.11
1204303507010807 40.11
1204303507070660 40.11
1204303507130517 40.09
1204303507190373 40.09
1204303507250227 40.09
1204303507310083 40.09
1204303507370978 40.09
1204303507430792 40.09
1204303507490646 40.11
1204303507550503 40.09
1204303507610356 40.09
1204303507670212 40.09