1204201303340068 41.3
1204201303400019 41.3
1204201303460781 41.28
1204201303520633 41.3
1204201303580490 41.32
1204201303640341 41.34
1204201303700331 41.34
1204201303760050 41.34
1204201303820908 41.36
1204201303840777 41.36
1204201303890740 41.36
1204201303950593 41.36
1204201304010448 41.36
1204201304070301 41.34
1204201304130158 41.36
1204201304190013 41.36
1204201304250868 41.36
1204201304310721 41.39
1204201304370580 41.43
1204201304430431 41.41
1204201304490290 41.43
1204201304550140 41.41
1204201304610996 41.41
1204201304670855 41.43
1204201304730711 41.43
1204201304790560 41.41
1204201304850416 41.41
1204201304910271 41.41
1204201304970126 41.41
1204201305030980 41.39
1204201305090835 41.41
1204201305150691 41.41
1204201305210546 41.41
1204201305270399 41.41
1204201305330254 41.39
1204201305390110 41.39
1204201305450966 41.39
1204201305510820 41.41
1204201305570675 41.39
1204201305630530 41.41
1204201305690385 41.45
1204201305750240 41.45
1204201305810096 41.49
1204201305870952 41.52
1204201305930807 41.52
1204201305990662 41.52
1204201306050515 41.5
1204201306110370 41.52
1204201306180380 41.52
1204201306230081 41.5
1204201306290937 41.52
1204201306350792 41.5
1204201306410646 41.52
1204201306470501 41.52
1204201306530356 41.52
1204201306590211 41.54
1204201306650064 41.54
1204201306710921 41.54
1204201306770868 41.54
1204201306830632 41.54
1204201306850498 41.56
1204201306900462 41.5
1204201306960317 41.49
1204201307020170 41.49
1204201307080027 41.49
1204201307140881 41.47
1204201307200859 41.49
1204201307260591 41.49
1204201307320446 41.49
1204201307380300 41.47
1204201307440155 41.47
1204201307510149 41.47
1204201307560866 41.49
1204201307620721 41.5
1204201307680574 41.5
1204201307740430 41.56
1204201307800379 41.67
1204201307860138 41.82
1204201307920997 41.93
1204201307980850 42.06
1204201308040703 42.1
1204201308100664 42.1
1204201308160413 42.1
1204201308220269 42.08
1204201308280124 42.08
1204201308340980 42.06
1204201308400964 42.04
1204201308460688 42.03
1204201308520544 42.03
1204201308580397 42.03
1204201308640252 42.03
1204201308700201 42.03
1204201308760963 42.03
1204201308820817 41.99
1204201308880672 41.97
1204201308940528 41.97
1204201309000494 41.97
1204201309060238 41.97
1204201309120091 41.97
1204201309180947 41.97
1204201309240802 41.99
1204201309300761 41.99
1204201309360513 41.99
1204201309420368 42.01
1204201309480255 42.01
1204201309540077 42.03
1204201309600035 42.01
1204201309660788 42.01
1204201309720643 42.01
1204201309780496 41.99
1204201309840352 41.99
1204201309860218 42.03
1204201309910182 41.99
1204201309970037 41.99
1204201400030148 41.99
1204201400090003 41.99
1204201400150858 41.99
1204201400210715 41.95
1204201400270570 41.93
1204201400330424 41.93
1204201400390281 41.91
1204201400450136 41.91
1204201400510992 41.91
1204201400570847 41.91
1204201400630701 41.91
1204201400690554 41.95
1204201400750407 41.97
1204201400810263 42.03
1204201400870120 42.06
1204201400930974 42.08
1204201400990828 42.1
1204201401050682 42.1
1204201401110538 42.1
1204201401170393 42.08
1204201401230248 42.08
1204201401290103 42.08
1204201401350959 42.06
1204201401410814 42.04
1204201401470669 42.04
1204201401530521 42.03
1204201401590378 42.04
1204201401650231 42.03
1204201401710088 42.01
1204201401770943 42.01
1204201401830798 42.01
1204201401890653 42.01
1204201401950508 42.01
1204201402010362 42.03
1204201402070217 42.03
1204201402130070 42.03
1204201402190928 42.04
1204201402250784 42.08
1204201402310637 42.06
1204201402370493 42.08
1204201402430348 42.08
1204201402490203 42.08
1204201402550058 42.08
1204201402610912 42.06
1204201402670767 42.06
1204201402730622 42.08
1204201402790478 42.06
1204201402850333 42.06
1204201402870199 42.08
1204201402920162 42.06
1204201402980017 42.04
1204201403040874 42.04
1204201403100840 42.04
1204201403160580 42.03
1204201403220436 42.03
1204201403280291 42.03
1204201403340146 42.01
1204201403400093 42.03
1204201403460856 42.03
1204201403520711 42.03
1204201403580566 42.03
1204201403640421 42.04
1204201403710409 42.04
1204201403770313 42.04
1204201403820986 42.03
1204201403880841 42.03
1204201403940695 42.03
1204201404000659 42.04
1204201404060406 42.03
1204201404120260 42.03
1204201404180115 42.03
1204201404240969 42.03
1204201404310965 42.04
1204201404360791 42.04
1204201404420535 42.03
1204201404480422 42.03
1204201404540244 41.97
1204201404610243 41.93
1204201404660959 41.91
1204201404720812 41.88
1204201404780667 41.84
1204201404840519 41.82
1204201404900376 41.8
1204201404960274 41.77
1204201405020086 41.78
1204201405080941 41.78
1204201405140796 41.8
1204201405210770 41.8
1204201405260506 41.8
1204201405320360 41.8
1204201405380215 41.78
1204201405440070 41.78
1204201405510062 41.77
1204201405560793 41.77
1204201405620635 41.77
1204201405680491 41.75
1204201405740343 41.77
1204201405800307 41.77
1204201405860053 41.77
1204201405880922 41.8
1204201405930886 41.78
1204201405990741 41.78
1204201406050594 41.82
1204201406110450 41.86
1204201406170306 41.91
1204201406230158 41.99
1204201406290015 42.01
1204201406350869 42.03
1204201406410725 42.03
1204201406470578 42.03
1204201406530435 42.04
1204201406590291 42.04
1204201406650146 42.04
1204201406720000 42.04
1204201406770855 42.04
1204201406830708 42.03
1204201406890563 42.03
1204201406950418 42.03
1204201407010274 42.01
1204201407070128 42.01
1204201407130985 42.01
1204201407190838 42.03
1204201407250693 42.03
1204201407310550 42.01
1204201407370404 42.01
1204201407430259 42.01
1204201407490114 42.01
1204201407550970 42.01
1204201407610824 42.01
1204201407670679 42.01
1204201407730534 42.04
1204201407790389 42.04
1204201407850244 42.04
1204201407910098 42.06
1204201407970954 42.04
1204201408030809 42.06
1204201408090664 42.04
1204201408150518 42.04
1204201408210373 42.06
1204201408270228 42.04
1204201408330083 42.04
1204201408390939 42.04
1204201408450793 42.04
1204201408510648 42.06
1204201408570503 42.06
1204201408630359 42.04
1204201408690213 42.04
1204201408750067 42.04
1204201408810921 42.03
1204201408870776 42.03
1204201408890644 42.04
1204201408940606 42.03
1204201409010596 42.03
1204201409060316 42.03
1204201409120174 42.04
1204201409180027 42.06
1204201409240883 42.08
1204201409310860 42.08
1204201409360593 42.08
1204201409420445 42.1
1204201409480339 42.1
1204201409540157 42.08
1204201409610134 42.1
1204201409660869 42.08
1204201409720724 42.06
1204201409780577 42.06
1204201409840432 42.08
1204201409900287 42.06
1204201409960143 42.06
1204201500020252 42.06
1204201500080107 42.08
1204201500140963 42.06
1204201500210949 42.04
1204201500260673 42.04
1204201500320527 42.03
1204201500380382 42.04
1204201500440235 42.03
1204201500510217 42.04
1204201500560948 42.06
1204201500620800 42.1
1204201500680655 42.19
1204201500740510 42.3
1204201500810512 42.42
1204201500860221 42.45
1204201500920074 42.47
1204201500980933 42.43
1204201501040788 42.43
1204201501110762 42.42
1204201501160494 42.38
1204201501220351 42.36
1204201501280206 42.36
1204201501340061 42.34
1204201501410065 42.32
1204201501460774 42.32
1204201501520628 42.29
1204201501580481 42.27
1204201501640334 42.17
1204201501710346 42.12
1204201501760047 42.12
1204201501820899 42.1
1204201501880758 42.12
1204201501900704 42.1
1204201501960681 42.12
1204201502010443 42.16
1204201502070298 42.16
1204201502130149 42.19
1204201502190006 42.21
1204201502250861 42.21
1204201502310716 42.23
1204201502370571 42.23
1204201502430426 42.23
1204201502490282 42.23
1204201502550148 42.21
1204201502610989 42.19
1204201502670844 42.17
1204201502730700 42.17
1204201502790554 42.17
1204201502850409 42.17
1204201502910263 42.17
1204201502970120 42.21
1204201503030976 42.23
1204201503090831 42.21
1204201503150683 42.19
1204201503210538 42.19
1204201503270393 42.19
1204201503330248 42.19
1204201503390103 42.17
1204201503450958 42.17
1204201503510813 42.17
1204201503570668 42.17
1204201503630524 42.17
1204201503690379 42.17
1204201503750232 42.17
1204201503810091 42.16
1204201503870947 42.16
1204201503930801 42.14
1204201503990656 42.12
1204201504050509 42.08
1204201504110364 42.04
1204201504170217 42.03
1204201504230072 42.03
1204201504290931 42.01
1204201504350784 42.01
1204201504410639 42.01
1204201504470494 42.01
1204201504530348 42.03
1204201504590205 42.06
1204201504650056 42.1
1204201504710912 42.17
1204201504770770 42.23
1204201504830624 42.25
1204201504890479 42.27
1204201504910375 42.27
1204201504960312 42.32
1204201505020167 42.32
1204201505080020 42.32
1204201505140877 42.32
1204201505210867 42.34
1204201505260585 42.36
1204201505320438 42.34
1204201505380293 42.34
1204201505440149 42.36
1204201505510154 42.36
1204201505560860 42.36
1204201505620713 42.36
1204201505680568 42.36
1204201505740423 42.36
1204201505810418 42.36
1204201505860134 42.36
1204201505920990 42.36
1204201505980843 42.36
1204201506040698 42.36
1204201506110692 42.34
1204201506160407 42.36
1204201506220262 42.36
1204201506280118 42.34
1204201506340974 42.36
1204201506410960 42.36
1204201506460684 42.36
1204201506520537 42.34
1204201506580392 42.34
1204201506640248 42.34
1204201506710242 42.32
1204201506760955 42.3
1204201506820814 42.29
1204201506880667 42.27
1204201506940522 42.25
1204201507010534 42.27
1204201507060235 42.29
1204201507120086 42.27
1204201507180942 42.27
1204201507240799 42.29
1204201507310794 42.27
1204201507360510 42.29
1204201507420359 42.3
1204201507480253 42.3
1204201507540069 42.3
1204201507610054 42.32
1204201507660785 42.32
1204201507720638 42.32
1204201507780493 42.32
1204201507840349 42.32
1204201507900202 42.32
1204201507920082 42.34
1204201507970032 42.34
1204201508030890 42.32
1204201508090745 42.32
1204201508150599 42.29
1204201508210452 42.27
1204201508270307 42.27
1204201508330163 42.23
1204201508390017 42.21
1204201508450869 42.17
1204201508510725 42.17
1204201508570580 42.17
1204201508630435 42.17
1204201508690290 42.17
1204201508750144 42.17
1204201508820000 42.17
1204201508870855 42.17
1204201508930710 42.17
1204201508990563 42.19
1204201509050421 42.21
1204201509110276 42.21
1204201509170131 42.25
1204201509230985 42.27
1204201509290842 42.32
1204201509350696 42.36
1204201509410551 42.4
1204201509470406 42.4
1204201509530258 42.38
1204201509590115 42.4
1204201509650969 42.38
1204201509710826 42.36
1204201509770683 42.32
1204201509830533 42.3
1204201509890390 42.27
1204201509950245 42.23
1204201600010356 42.21
1204201600070211 42.23
1204201600130064 42.23
1204201600190920 42.23
1204201600250775 42.27
1204201600310631 42.27
1204201600370484 42.27
1204201600430339 42.27
1204201600490196 42.29
1204201600550051 42.29
1204201600610906 42.29
1204201600670763 42.29
1204201600730614 42.27
1204201600790470 42.27
1204201600850325 42.27
1204201600910180 42.25
1204201600930048 42.29
1204201600980010 42.25
1204201601040866 42.23
1204201601110846 42.23
1204201601160574 42.21
1204201601220429 42.21
1204201601280284 42.21
1204201601340138 42.19
1204201601410137 42.19
1204201601460847 42.19
1204201601520702 42.19
1204201601580559 42.21
1204201601640415 42.23
1204201601710411 42.27
1204201601760121 42.3
1204201601820981 42.32
1204201601880836 42.32
1204201601940688 42.3
1204201602010687 42.32
1204201602060398 42.3
1204201602120251 42.3
1204201602180106 42.3
1204201602240966 42.29
1204201602310965 42.29
1204201602360675 42.29
1204201602420529 42.25
1204201602480432 42.23
1204201602540239 42.23
1204201602610241 42.19
1204201602660946 42.17
1204201602720802 42.17
1204201602780661 42.16
1204201602840512 42.14
1204201602900367 42.14
1204201602960223 42.14
1204201603020078 42.14
1204201603080934 42.14
1204201603140791 42.16
1204201603210795 42.17
1204201603260495 42.19
1204201603320352 42.21
1204201603380207 42.21
1204201603440063 42.25
1204201603510078 42.25
1204201603560772 42.25
1204201603620628 42.25
1204201603680483 42.25
1204201603740338 42.29
1204201603810324 42.29
1204201603860049 42.29
1204201603920905 42.29
1204201603950097 42.29
1204201603990735 42.29
1204201604050588 42.27
1204201604110443 42.27
1204201604170298 42.25
1204201604230151 42.23
1204201604290006 42.21
1204201604350865 42.16
1204201604410720 42.12
1204201604470571 42.1
1204201604530426 42.06
1204201604590279 42.03
1204201604650135 42.03
1204201604710993 42.01
1204201604770848 42.01
1204201604830703 42.01
1204201604890554 42.03
1204201604950412 42.06
1204201605010267 42.06
1204201605070120 42.08
1204201605130978 42.12
1204201605190830 42.17
1204201605250687 42.21
1204201605310542 42.23
1204201605370395 42.25
1204201605430251 42.27
1204201605490106 42.27
1204201605550962 42.25
1204201605610817 42.27
1204201605670672 42.25
1204201605730525 42.23
1204201605790380 42.21
1204201605850238 42.16
1204201605910093 42.12
1204201605970946 42.04
1204201606030801 41.95
1204201606090654 41.82
1204201606150511 41.73
1204201606210364 41.63
1204201606270219 41.54
1204201606340217 41.52
1204201606390931 41.52
1204201606450786 41.54
1204201606510639 41.56
1204201606570496 41.58
1204201606630348 41.62
1204201606690203 41.62
1204201606750058 41.63
1204201606810913 41.63
1204201606870767 41.67
1204201606940705 41.67
1204201606950491 41.69
1204201607010625 41.69
1204201607060308 41.69
1204201607120163 41.69
1204201607180018 41.67
1204201607240874 41.67
1204201607310872 41.67
1204201607360584 41.67
1204201607420438 41.67
1204201607490340 41.65
1204201607540148 41.65
1204201607610162 41.65
1204201607660859 41.63
1204201607720713 41.63
1204201607780568 41.63
1204201607840424 41.63
1204201607900277 41.63
1204201607960132 41.63
1204201608020989 41.65
1204201608080843 41.67
1204201608140697 41.69
1204201608210689 41.67
1204201608260407 41.67
1204201608320263 41.67
1204201608380116 41.67
1204201608440972 41.63
1204201608510982 41.63
1204201608560683 41.63
1204201608620538 41.63
1204201608680393 41.62
1204201608740248 41.6
1204201608810258 41.6
1204201608860959 41.6
1204201608920814 41.6
1204201608980670 41.6
1204201609040523 41.6
1204201609110527 41.6
1204201609160231 41.62
1204201609220089 41.6
1204201609280943 41.6
1204201609340798 41.6
1204201609410808 41.6
1204201609460507 41.62
1204201609520360 41.62
1204201609580216 41.62
1204201609640070 41.65
1204201609710084 41.65
1204201609760782 41.67
1204201609820637 41.67
1204201609880490 41.69
1204201609940345 41.67
1204201609960213 41.69
1204201700010434 41.67
1204201700070287 41.67
1204201700130142 41.67
1204201700190998 41.67
1204201700250853 41.67
1204201700310707 41.67
1204201700370562 41.67
1204201700430417 41.69
1204201700490272 41.69
1204201700550128 41.69
1204201700610982 41.69
1204201700670837 41.65
1204201700730692 41.63
1204201700790547 41.65
1204201700850403 41.63
1204201700910256 41.63
1204201700970111 41.62
1204201701030967 41.62
1204201701090823 41.62
1204201701150678 41.62
1204201701210531 41.62
1204201701270386 41.62
1204201701330242 41.62
1204201701390095 41.62
1204201701450951 41.62
1204201701510806 41.62
1204201701570662 41.62
1204201701630517 41.62
1204201701690370 41.63
1204201701750225 41.63
1204201701810080 41.63
1204201701870936 41.67
1204201701930792 41.67
1204201701990645 41.67
1204201702050500 41.69
1204201702110356 41.67
1204201702170211 41.67
1204201702230066 41.65
1204201702290922 41.65
1204201702350775 41.65
1204201702410630 41.63
1204201702470486 41.65
1204201702530339 41.63
1204201702590194 41.63
1204201702650049 41.65
1204201702710905 41.65
1204201702770761 41.65
1204201702830614 41.65
1204201702890471 41.65
1204201702950324 41.67
1204201702970192 41.67
1204201703020156 41.67
1204201703080009 41.65
1204201703140866 41.67
1204201703210912 41.67
1204201703260576 41.67
1204201703320431 41.65
1204201703380284 41.67
1204201703440139 41.69
1204201703510163 41.69
1204201703560851 41.69
1204201703620705 41.67
1204201703680559 41.67
1204201703740415 41.69
1204201703810415 41.67
1204201703860123 41.67
1204201703930157 41.67
1204201703980835 41.65
1204201704040690 41.65
1204201704110745 41.67
1204201704160399 41.65
1204201704220254 41.65
1204201704280109 41.67
1204201704340965 41.65
1204201704410982 41.67
1204201704460675 41.67
1204201704530633 41.67
1204201704580384 41.65
1204201704640240 41.63
1204201704710274 41.63
1204201704760949 41.63
1204201704820804 41.63
1204201704880659 41.63
1204201704940513 41.63
1204201705010532 41.65
1204201705060223 41.63
1204201705120092 41.65
1204201705180934 41.63
1204201705240790 41.65
1204201705310803 41.65
1204201705360498 41.65
1204201705420353 41.65
1204201705490261 41.65
1204201705540062 41.67
1204201705610081 41.67
1204201705660773 41.67
1204201705720629 41.67
1204201705780483 41.69
1204201705840337 41.67
1204201705900192 41.69
1204201705960047 41.69
1204201705980914 41.71
1204201706030880 41.69
1204201706090734 41.69
1204201706150588 41.69
1204201706210443 41.69
1204201706270298 41.69
1204201706330153 41.69
1204201706390006 41.71
1204201706450867 41.75
1204201706510720 41.78
1204201706570573 41.82
1204201706630432 41.91
1204201706690286 42.06
1204201706750139 42.14
1204201706810995 42.14
1204201706870850 42.14
1204201706930705 42.12
1204201706990561 42.12
1204201707050412 42.1
1204201707110267 42.1
1204201707170124 42.08
1204201707230979 42.08
1204201707290834 42.08
1204201707350689 42.06
1204201707410544 42.08
1204201707470399 42.06
1204201707530252 42.06
1204201707590109 42.06
1204201707650964 42.04
1204201707710819 42.04
1204201707770674 42.04
1204201707830527 42.04
1204201707890382 42.04
1204201707950238 42.04
1204201708010093 42.04
1204201708070949 42.04
1204201708130803 42.04
1204201708190658 42.04
1204201708250513 42.06
1204201708310368 42.06
1204201708370223 42.06
1204201708430077 42.06
1204201708490933 42.04
1204201708550786 41.99
1204201708610640 41.82
1204201708670495 41.62
1204201708730351 41.41
1204201708790209 41.32
1204201708850064 41.32
1204201708910921 41.32
1204201708970770 41.34
1204201708990640 41.36
1204201709040604 41.36
1204201709110617 41.43
1204201709160312 41.52
1204201709220166 41.62
1204201709280021 41.69
1204201709340875 41.71
1204201709410902 41.73
1204201709460587 41.73
1204201709520442 41.73
1204201709580299 41.75
1204201709640153 41.73
1204201709710170 41.75
1204201709760865 41.75
1204201709820719 41.75
1204201709880574 41.75
1204201709940428 41.75
1204201800010705 41.73
1204201800060390 41.71
1204201800120245 41.69
1204201800180101 41.65
1204201800240955 41.62
1204201800310018 41.58
1204201800360667 41.56
1204201800420522 41.56
1204201800490428 41.54
1204201800540231 41.52
1204201800610258 41.5
1204201800660942 41.5
1204201800720797 41.5
1204201800780653 41.5
1204201800840507 41.5
1204201800900361 41.52
1204201800960216 41.52
1204201801020071 41.52
1204201801080927 41.56
1204201801140782 41.58
1204201801210815 41.6
1204201801260489 41.62
1204201801320344 41.62
1204201801380198 41.62
1204201801440053 41.62
1204201801510086 41.62
1204201801570767 41.6
1204201801620620 41.6
1204201801690477 41.58
1204201801750330 41.54
1204201801810375 41.49
1204201801860038 41.45
1204201801930895 41.41
1204201801980748 41.37
1204201802010109 41.36
1204201802050579 41.34
1204201802120609 41.34
1204201802180290 41.34
1204201802230143 41.34
1204201802310000 41.37
1204201802360854 41.39
1204201802420710 41.37
1204201802480565 41.36
1204201802540418 41.34
1204201802600273 41.34
1204201802660128 41.34
1204201802730000 41.32
1204201802780842 41.28
1204201802840693 41.26
1204201802900548 41.26
1204201802960404 41.26
1204201803020261 41.24
1204201803080114 41.24
1204201803140970 41.24
1204201803200823 41.26
1204201803260678 41.26
1204201803320546 41.26
1204201803380389 41.3
1204201803440244 41.3
1204201803500099 41.3
1204201803560958 41.32
1204201803620807 41.34
1204201803680662 41.37
1204201803740517 41.41
1204201803800376 41.43
1204201803860232 41.43
1204201803920085 41.43
1204201803980941 41.43
1204201804040796 41.43
1204201804100651 41.43
1204201804160506 41.43
1204201804220360 41.43
1204201804280211 41.41
1204201804340067 41.41
1204201804400923 41.41
1204201804460778 41.41
1204201804520632 41.39
1204201804580487 41.39
1204201804640342 41.39
1204201804700197 41.37
1204201804760050 41.37
1204201804820909 41.36
1204201804880762 41.34
1204201804940617 41.34
1204201805000470 41.34
1204201805010366 41.34
1204201805070302 41.34
1204201805130157 41.34
1204201805190014 41.36
1204201805250869 41.36
1204201805310905 41.37
1204201805370577 41.37
1204201805430432 41.39
1204201805490342 41.37
1204201805550141 41.39
1204201805610174 41.39
1204201805670852 41.41
1204201805730706 41.39
1204201805790561 41.41
1204201805850420 41.43
1204201805910275 41.43
1204201805970130 41.43
1204201806030985 41.43
1204201806090840 41.43
1204201806150691 41.41
1204201806210708 41.41
1204201806270402 41.36
1204201806330256 41.34
1204201806390115 41.28
1204201806450967 41.21
1204201806510018 41.15
1204201806570675 41.1
1204201806630531 41.1
1204201806690386 41.1
1204201806750239 41.1
1204201806810272 41.1
1204201806870950 41.1
1204201806930806 41.13
1204201806990663 41.15
1204201807050516 41.23
1204201807110545 41.28
1204201807170224 41.34
1204201807230079 41.39
1204201807290939 41.43
1204201807350791 41.47
1204201807410869 41.47
1204201807470501 41.47
1204201807530357 41.47
1204201807590212 41.47
1204201807650065 41.47
1204201807710100 41.45
1204201807770778 41.43
1204201807830628 41.41
1204201807890485 41.41
1204201807950338 41.39
1204201808010365 41.37
1204201808020075 41.37
1204201808080027 41.36
1204201808140881 41.34
1204201808200734 41.34
1204201808260593 41.32
1204201808320446 41.3
1204201808380303 41.28
1204201808440159 41.28
1204201808500012 41.28
1204201808560866 41.3
1204201808620721 41.3
1204201808680576 41.3
1204201808740432 41.28
1204201808800285 41.3
1204201808860140 41.3
1204201808920999 41.28
1204201808980852 41.3
1204201809040707 41.28
1204201809100560 41.3
1204201809160417 41.28
1204201809220273 41.28
1204201809280122 41.26
1204201809340980 41.24
1204201809400833 41.26
1204201809460691 41.24
1204201809520542 41.26
1204201809580397 41.26
1204201809640254 41.24
1204201809700109 41.24
1204201809760965 41.24
1204201809820817 41.26
1204201809880676 41.24
1204201809940528 41.26
1204201900000383 41.26
1204201900060494 41.26
1204201900120351 41.28
1204201900180206 41.28
1204201900240061 41.28
1204201900300917 41.28
1204201900360773 41.28
1204201900420622 41.26
1204201900480479 41.24
1204201900540335 41.23
1204201900600190 41.21
1204201900660041 41.19
1204201900720899 41.17
1204201900780755 41.17
1204201900840608 41.19
1204201900900461 41.19
1204201900960317 41.19
1204201901020172 41.19
1204201901030040 41.19
1204201901090003 41.19
1204201901150857 41.19
1204201901210919 41.19
1204201901270569 41.17
1204201901330423 41.19
1204201901390280 41.17
1204201901450135 41.17
1204201901510990 41.17
1204201901570843 41.19
1204201901630698 41.19
1204201901690551 41.19
1204201901750406 41.19
1204201901810455 41.17
1204201901870119 41.15
1204201901930971 41.13
1204201901990829 41.11
1204201902050682 41.1
1204201902110539 41.08
1204201902170392 41.1
1204201902230246 41.1
1204201902290103 41.08
1204201902350957 41.1
1204201902410998 41.11
1204201902470667 41.13