1204301004630555 41.43
1204301004690407 41.45
1204301004750264 41.5
1204301004810117 41.52
1204301004870974 41.54
1204301004930829 41.54
1204301004990684 41.54
1204301005050539 41.56
1204301005110392 41.54
1204301005170248 41.56
1204301005230102 41.54
1204301005290959 41.54
1204301005350814 41.56
1204301005410667 41.56
1204301005470522 41.54
1204301005530377 41.54
1204301005590233 41.52
1204301005650088 41.5
1204301005710942 41.5
1204301005770797 41.5
1204301005790722 41.52
1204301005840627 41.5
1204301005900483 41.52
1204301005960371 41.52
1204301006020193 41.5
1204301006080048 41.5
1204301006140903 41.52
1204301006200758 41.52
1204301006260648 41.52
1204301006320468 41.52
1204301006380321 41.5
1204301006440176 41.49
1204301006500033 41.43
1204301006560921 41.39
1204301006620741 41.37
1204301006680598 41.36
1204301006740451 41.36
1204301006800307 41.36
1204301006860195 41.36
1204301006920013 41.39
1204301006980873 41.43
1204301007040729 41.43
1204301007100584 41.43
1204301007160471 41.43
1204301007220292 41.43
1204301007280148 41.43
1204301007340002 41.43
1204301007400856 41.45
1204301007460748 41.43
1204301007520568 41.43
1204301007580424 41.43
1204301007640278 41.43
1204301007700133 41.43
1204301007760023 41.43
1204301007820842 41.41
1204301007880836 41.41
1204301007940548 41.39
1204301008000404 41.39
1204301008060290 41.37
1204301008120116 41.36
1204301008180972 41.36
1204301008240823 41.37
1204301008300681 41.36
1204301008360569 41.37
1204301008420390 41.36
1204301008480301 41.37
1204301008540097 41.39
1204301008600953 41.37
1204301008660845 41.37
1204301008720664 41.37
1204301008780519 41.37
1204301008800441 41.37
1204301008850348 41.37
1204301008910203 41.37
1204301008970059 41.37
1204301009030915 41.37
1204301009090768 41.37
1204301009150623 41.37
1204301009210479 41.37
1204301009270334 41.37
1204301009330187 41.37
1204301009390042 41.37
1204301009450898 41.37
1204301009510755 41.36
1204301009570609 41.37
1204301009630464 41.36
1204301009690319 41.36
1204301009750175 41.36
1204301009810030 41.36
1204301009870886 41.36
1204301009930737 41.37
1204301009990593 41.37
1204301100050706 41.36
1204301100110561 41.36
1204301100170416 41.36
1204301100230268 41.34
1204301100290123 41.34
1204301100350979 41.34
1204301100410834 41.34
1204301100470689 41.34
1204301100530544 41.36
1204301100590398 41.34
1204301100650255 41.36
1204301100710108 41.37
1204301100770963 41.37
1204301100830817 41.39
1204301100890673 41.39
1204301100950528 41.39
1204301101010383 41.39
1204301101070237 41.39
1204301101130092 41.39
1204301101190948 41.37
1204301101250803 41.37
1204301101310658 41.37
1204301101370513 41.36
1204301101430368 41.36
1204301101490224 41.36
1204301101550077 41.34
1204301101610933 41.34
1204301101670792 41.32
1204301101730645 41.32
1204301101790500 41.32
1204301101810425 41.32
1204301101860367 41.32
1204301101920182 41.34
1204301101980041 41.32
1204301102040893 41.34
1204301102100748 41.37
1204301102160639 41.36
1204301102220457 41.37
1204301102280312 41.37
1204301102340167 41.37
1204301102400024 41.36
1204301102460918 41.36
1204301102520734 41.36
1204301102580589 41.36
1204301102640444 41.36
1204301102700296 41.37
1204301102760186 41.37
1204301102820014 41.37
1204301102880862 41.37
1204301102940717 41.37
1204301103000571 41.37
1204301103060457 41.37
1204301103120281 41.37
1204301103180137 41.34
1204301103240993 41.36
1204301103300848 41.36
1204301103360734 41.34
1204301103420556 41.34
1204301103480413 41.36
1204301103540265 41.34
1204301103600120 41.34
1204301103660010 41.34
1204301103720831 41.34
1204301103780686 41.34
1204301103840541 41.34
1204301103900395 41.34
1204301103960285 41.36
1204301104020107 41.36
1204301104080961 41.37
1204301104140816 41.37
1204301104200670 41.39
1204301104260560 41.39
1204301104320394 41.39
1204301104380235 41.39
1204301104440090 41.39
1204301104500945 41.37
1204301104560835 41.36
1204301104620655 41.37
1204301104680509 41.37
1204301104740364 41.37
1204301104800219 41.37
1204301104830490 41.36
1204301104870053 41.36
1204301104930905 41.37
1204301104990762 41.36
1204301105050617 41.36
1204301105110472 41.36
1204301105170328 41.36
1204301105230183 41.36
1204301105290034 41.34
1204301105350892 41.36
1204301105410747 41.36
1204301105470733 41.36
1204301105530456 41.37
1204301105590309 41.37
1204301105650166 41.36
1204301105710019 41.37
1204301105770878 41.36
1204301105830731 41.36
1204301105890584 41.37
1204301105950441 41.36
1204301106010295 41.37
1204301106070150 41.36
1204301106130005 41.36
1204301106190859 41.37
1204301106250716 41.36
1204301106310571 41.36
1204301106370425 41.36
1204301106430281 41.36
1204301106490135 41.36
1204301106550991 41.36
1204301106610844 41.34
1204301106670711 41.34
1204301106730553 41.34
1204301106790410 41.36
1204301106850264 41.34
1204301106910118 41.34
1204301106970973 41.34
1204301107030828 41.34
1204301107090685 41.36
1204301107150540 41.36
1204301107210395 41.36
1204301107270261 41.34
1204301107330104 41.36
1204301107390960 41.36
1204301107450815 41.36
1204301107510670 41.36
1204301107570522 41.34
1204301107630379 41.36
1204301107690234 41.36
1204301107750087 41.34
1204301107810945 41.36
1204301107830874 41.36
1204301107880775 41.36
1204301107940630 41.36
1204301108000485 41.36
1204301108060372 41.34
1204301108120194 41.36
1204301108180049 41.36
1204301108240905 41.36
1204301108300760 41.36
1204301108360651 41.36
1204301108420467 41.37
1204301108480322 41.37
1204301108540177 41.39
1204301108600033 41.39
1204301108660922 41.39
1204301108720742 41.39
1204301108780597 41.39
1204301108840452 41.39
1204301108900308 41.37
1204301108960235 41.37
1204301109020016 41.37
1204301109080872 41.37
1204301109140727 41.37
1204301109200583 41.37
1204301109260471 41.37
1204301109320291 41.37
1204301109380146 41.37
1204301109440001 41.37
1204301109500858 41.37
1204301109560748 41.37
1204301109620566 41.39
1204301109680421 41.41
1204301109740280 41.43
1204301109800135 41.43
1204301109860024 41.45
1204301109920841 41.45
1204301109980696 41.45
1204301200040807 41.45
1204301200100664 41.43
1204301200160551 41.41
1204301200220370 41.41
1204301200280226 41.39
1204301200340081 41.39
1204301200400935 41.39
1204301200460824 41.37
1204301200520647 41.36
1204301200580503 41.36
1204301200640358 41.36
1204301200700211 41.36
1204301200760104 41.36
1204301200820923 41.36
1204301200840851 41.37
1204301200890751 41.37
1204301200950606 41.37
1204301201010461 41.39
1204301201070317 41.41
1204301201130170 41.45
1204301201190027 41.47
1204301201250883 41.49
1204301201310739 41.49
1204301201370592 41.5
1204301201430447 41.49
1204301201490302 41.49
1204301201550157 41.49
1204301201610012 41.47
1204301201670867 41.47
1204301201730722 41.47
1204301201790577 41.47
1204301201850430 41.45
1204301201910287 41.47
1204301201970153 41.45
1204301202030999 41.43
1204301202090850 41.45
1204301202150709 41.43
1204301202210565 41.43
1204301202270414 41.41
1204301202330269 41.41
1204301202390125 41.41
1204301202450981 41.45
1204301202510836 41.47
1204301202570691 41.49
1204301202630546 41.52
1204301202690402 41.56
1204301202750259 41.58
1204301202810112 41.58
1204301202870968 41.58
1204301202930824 41.58
1204301202990679 41.58
1204301203050532 41.58
1204301203110387 41.58
1204301203170240 41.56
1204301203230095 41.54
1204301203290951 41.54
1204301203350807 41.54
1204301203410660 41.52
1204301203470516 41.5
1204301203530370 41.49
1204301203590226 41.47
1204301203650079 41.47
1204301203710933 41.45
1204301203770788 41.45
1204301203830645 41.47
1204301203850568 41.45
1204301203900473 41.45
1204301203960385 41.47
1204301204020185 41.47
1204301204080040 41.47
1204301204140896 41.47
1204301204200751 41.47
1204301204260646 41.45
1204301204320460 41.47
1204301204380313 41.45
1204301204440168 41.45
1204301204500026 41.47
1204301204560917 41.47
1204301204620735 41.49
1204301204680590 41.52
1204301204740445 41.56
1204301204800301 41.56
1204301204860193 41.58
1204301204920011 41.58
1204301204980867 41.58
1204301205040723 41.58
1204301205100576 41.58
1204301205160472 41.58
1204301205220284 41.56
1204301205280139 41.56
1204301205340995 41.56
1204301205400850 41.54
1204301205460717 41.54
1204301205520559 41.54
1204301205580414 41.52
1204301205640269 41.5
1204301205700123 41.49
1204301205760011 41.47
1204301205820834 41.47
1204301205880689 41.47
1204301205940545 41.49
1204301206000400 41.49
1204301206060267 41.49
1204301206120108 41.49
1204301206180964 41.5
1204301206240819 41.5
1204301206300673 41.5
1204301206360563 41.5
1204301206420383 41.52
1204301206480238 41.56
1204301206540096 41.58
1204301206600946 41.62
1204301206660815 41.63
1204301206720656 41.63
1204301206780511 41.63
1204301206840365 41.63
1204301206870809 41.63
1204301206910196 41.63
1204301206970054 41.6
1204301207030910 41.58
1204301207090764 41.56
1204301207150619 41.54
1204301207210474 41.52
1204301207270329 41.52
1204301207330182 41.52
1204301207390037 41.52
1204301207450893 41.52
1204301207510749 41.5
1204301207570602 41.52
1204301207630457 41.5
1204301207690312 41.49
1204301207750168 41.5
1204301207810023 41.5
1204301207870877 41.5
1204301207930732 41.54
1204301207990589 41.58
1204301208050442 41.6
1204301208110296 41.63
1204301208170149 41.65
1204301208230004 41.65
1204301208290860 41.65
1204301208350715 41.63
1204301208410570 41.63
1204301208470424 41.63
1204301208530281 41.62
1204301208590136 41.6
1204301208650990 41.62
1204301208710847 41.6
1204301208770702 41.6
1204301208830558 41.58
1204301208890413 41.58
1204301208950266 41.56
1204301209010121 41.56
1204301209070977 41.52
1204301209130832 41.52
1204301209190687 41.52
1204301209250540 41.52
1204301209310396 41.52
1204301209370251 41.54
1204301209430106 41.56
1204301209490962 41.54
1204301209550815 41.54
1204301209610671 41.56
1204301209670526 41.54
1204301209730381 41.54
1204301209790236 41.56
1204301209850091 41.56
1204301209870018 41.54
1204301209920922 41.54
1204301209980777 41.56
1204301300040888 41.56
1204301300100741 41.56
1204301300160633 41.56
1204301300220451 41.56
1204301300280307 41.58
1204301300340160 41.56
1204301300400015 41.54
1204301300460907 41.54
1204301300520726 41.52
1204301300580580 41.54
1204301300640435 41.54
1204301300700290 41.54
1204301300760186 41.54
1204301300820014 41.56
1204301300880855 41.52
1204301300940710 41.54
1204301301000565 41.52
1204301301060460 41.52
1204301301120276 41.5
1204301301180129 41.5
1204301301240985 41.5
1204301301300840 41.52
1204301301360734 41.5
1204301301420550 41.52
1204301301480404 41.52
1204301301540259 41.52
1204301301600114 41.54
1204301301660008 41.54
1204301301720825 41.54
1204301301780680 41.54
1204301301840533 41.54
1204301301900389 41.56
1204301301960310 41.56
1204301302020099 41.56
1204301302080956 41.58
1204301302140811 41.58
1204301302200664 41.56
1204301302260560 41.56
1204301302320386 41.56
1204301302380228 41.54
1204301302440083 41.52
1204301302500939 41.5
1204301302560830 41.5
1204301302620650 41.5
1204301302680503 41.5
1204301302740359 41.5
1204301302800214 41.5
1204301302860110 41.52
1204301302880995 41.52
1204301302930900 41.52
1204301302990755 41.52
1204301303050623 41.52
1204301303110463 41.52
1204301303170319 41.54
1204301303230174 41.54
1204301303290029 41.54
1204301303350885 41.54
1204301303410738 41.56
1204301303470593 41.56
1204301303530448 41.56
1204301303590304 41.56
1204301303650172 41.56
1204301303710012 41.56
1204301303770868 41.54
1204301303830724 41.54
1204301303890579 41.54
1204301303950432 41.54
1204301304010287 41.52
1204301304070143 41.54
1204301304130998 41.54
1204301304190854 41.54
1204301304250709 41.54
1204301304310562 41.54
1204301304370417 41.54
1204301304430272 41.54
1204301304490128 41.54
1204301304550982 41.54
1204301304610837 41.56
1204301304670693 41.56
1204301304730548 41.56
1204301304790401 41.56
1204301304850256 41.54
1204301304910112 41.56
1204301304970968 41.56
1204301305030823 41.54
1204301305090678 41.52
1204301305150531 41.54
1204301305210387 41.54
1204301305270242 41.54
1204301305330097 41.54
1204301305390951 41.54
1204301305450806 41.54
1204301305510661 41.56
1204301305570517 41.56
1204301305630372 41.56
1204301305690225 41.54
1204301305750080 41.54
1204301305810936 41.54
1204301305870792 41.54
1204301305890720 41.54
1204301305940622 41.54
1204301306000476 41.54
1204301306060373 41.54
1204301306120187 41.54
1204301306180040 41.54
1204301306240896 41.56
1204301306300752 41.54
1204301306360642 41.54
1204301306420462 41.54
1204301306480315 41.54
1204301306540171 41.52
1204301306600026 41.54
1204301306660921 41.52
1204301306720735 41.54
1204301306780591 41.54
1204301306840445 41.52
1204301306900301 41.56
1204301306960228 41.54
1204301307020011 41.56
1204301307080867 41.56
1204301307140720 41.56
1204301307200575 41.54
1204301307260468 41.56
1204301307320299 41.56
1204301307380139 41.56
1204301307440995 41.56
1204301307500850 41.56
1204301307560745 41.56
1204301307620561 41.56
1204301307680414 41.56
1204301307740269 41.54
1204301307800125 41.5
1204301307860015 41.5
1204301307920836 41.49
1204301307980689 41.5
1204301308040544 41.49
1204301308100400 41.49
1204301308160290 41.49
1204301308220110 41.49
1204301308280965 41.5
1204301308340820 41.5
1204301308400675 41.5
1204301308460569 41.5
1204301308520384 41.5
1204301308580239 41.52
1204301308640239 41.52
1204301308700949 41.54
1204301308760845 41.56
1204301308820673 41.56
1204301308880514 41.56
1204301308900441 41.56
1204301308950344 41.52
1204301309010199 41.52
1204301309070054 41.5
1204301309130910 41.52
1204301309190764 41.54
1204301309250619 41.5
1204301309310474 41.52
1204301309370329 41.52
1204301309430184 41.52
1204301309490040 41.52
1204301309550894 41.5
1204301309610749 41.5
1204301309670604 41.49
1204301309730459 41.49
1204301309790313 41.49
1204301309850168 41.49
1204301309910023 41.5
1204301309970879 41.49
1204301400030990 41.5
1204301400090843 41.5
1204301400150698 41.52
1204301400210553 41.5
1204301400270409 41.52
1204301400330264 41.52
1204301400390117 41.52
1204301400450974 41.52
1204301400510829 41.52
1204301400570684 41.52
1204301400630537 41.52
1204301400690393 41.52
1204301400750248 41.52
1204301400810103 41.52
1204301400870957 41.5
1204301400930814 41.49
1204301400990667 41.49
1204301401050522 41.49
1204301401110378 41.49
1204301401170233 41.49
1204301401230088 41.49
1204301401290942 41.47
1204301401350798 41.49
1204301401410652 41.49
1204301401470508 41.49
1204301401530363 41.49
1204301401590216 41.49
1204301401650071 41.49
1204301401710927 41.49
1204301401770782 41.49
1204301401830638 41.5
1204301401890493 41.5
1204301401910420 41.5
1204301401960383 41.49
1204301402020178 41.5
1204301402080031 41.5
1204301402140887 41.49
1204301402200742 41.49
1204301402260639 41.49
1204301402320453 41.47
1204301402380306 41.49
1204301402440161 41.49
1204301402500016 41.49
1204301402560914 41.49
1204301402620726 41.49
1204301402680581 41.49
1204301402740436 41.5
1204301402800291 41.5
1204301402860208 41.49
1204301402920002 41.47
1204301402980856 41.49
1204301403040711 41.49
1204301403100567 41.49
1204301403160461 41.49
1204301403220277 41.5
1204301403280130 41.49
1204301403340986 41.5
1204301403400842 41.5
1204301403460739 41.5
1204301403520552 41.49
1204301403580405 41.49
1204301403640260 41.49
1204301403700115 41.49
1204301403760015 41.49
1204301403820827 41.49
1204301403880681 41.49
1204301403940535 41.5
1204301404000391 41.5
1204301404060287 41.5
1204301404120099 41.5
1204301404180955 41.49
1204301404240811 41.49
1204301404300666 41.49
1204301404360562 41.49
1204301404420375 41.49
1204301404480230 41.49
1204301404540085 41.5
1204301404600939 41.5
1204301404660837 41.5
1204301404720649 41.5
1204301404780505 41.49
1204301404840360 41.49
1204301404900215 41.49
1204301404920142 41.49
1204301404970045 41.47
1204301405030901 41.47
1204301405090756 41.47
1204301405150611 41.47
1204301405210462 41.45
1204301405270320 41.47
1204301405330175 41.47
1204301405390030 41.47
1204301405450884 41.47
1204301405510740 41.49
1204301405570595 41.47
1204301405630450 41.49
1204301405690303 41.47
1204301405750158 41.49
1204301405810013 41.47
1204301405870870 41.49
1204301405930725 41.47
1204301405990580 41.49
1204301406050433 41.47
1204301406110288 41.49
1204301406170144 41.47
1204301406230141 41.45
1204301406290851 41.45
1204301406350706 41.45
1204301406410564 41.47
1204301406470419 41.49
1204301406530274 41.49
1204301406590129 41.5
1204301406650984 41.5
1204301406710839 41.5
1204301406770694 41.5
1204301406830639 41.5
1204301406890402 41.49
1204301406950258 41.49
1204301407010113 41.49
1204301407070969 41.49
1204301407130824 41.49
1204301407190679 41.49
1204301407250532 41.49
1204301407310387 41.47
1204301407370243 41.47
1204301407430112 41.47
1204301407490953 41.47
1204301407550807 41.47
1204301407610662 41.47
1204301407670518 41.47
1204301407730373 41.47
1204301407790226 41.49
1204301407850081 41.47
1204301407910938 41.49
1204301407930868 41.47
1204301407980767 41.49
1204301408040623 41.49
1204301408100478 41.5
1204301408160376 41.49
1204301408220188 41.49
1204301408280042 41.5
1204301408340898 41.5
1204301408400753 41.5
1204301408460651 41.5
1204301408520463 41.5
1204301408580316 41.49
1204301408640171 41.5
1204301408700027 41.49
1204301408760926 41.49
1204301408820740 41.47
1204301408880591 41.47
1204301408940446 41.47
1204301409000302 41.47
1204301409060200 41.47
1204301409120012 41.47
1204301409180868 41.47
1204301409240721 41.47
1204301409300576 41.47
1204301409360477 41.47
1204301409420285 41.45
1204301409480140 41.47
1204301409540997 41.47
1204301409600852 41.47
1204301409660748 41.47
1204301409720558 41.45
1204301409780415 41.47
1204301409840270 41.47
1204301409900126 41.47
1204301409960055 41.47
1204301500020091 41.47
1204301500080947 41.47
1204301500140802 41.47
1204301500200657 41.47
1204301500260555 41.45
1204301500320377 41.45
1204301500380219 41.45
1204301500440074 41.45
1204301500500931 41.45
1204301500560825 41.45
1204301500620641 41.45
1204301500680496 41.47
1204301500740349 41.45
1204301500800205 41.45
1204301500860105 41.47
1204301500920916 41.47
1204301500940846 41.47
1204301500990745 41.45
1204301501050603 41.47
1204301501110458 41.47
1204301501170311 41.47
1204301501230166 41.47
1204301501290021 41.47
1204301501350877 41.47
1204301501410732 41.47
1204301501470586 41.47
1204301501530439 41.45
1204301501590294 41.45
1204301501650153 41.43
1204301501710007 41.43
1204301501770863 41.43
1204301501830718 41.43
1204301501890573 41.43
1204301501950428 41.43
1204301502010282 41.43
1204301502070137 41.43
1204301502130993 41.43
1204301502190849 41.43
1204301502250704 41.43
1204301502310557 41.43
1204301502370412 41.43
1204301502430263 41.45
1204301502490121 41.47
1204301502550977 41.47
1204301502610830 41.47
1204301502670685 41.47
1204301502730540 41.47
1204301502790393 41.45
1204301502850249 41.45
1204301502910104 41.45
1204301502970958 41.45
1204301503030813 41.45
1204301503090669 41.45
1204301503150523 41.45
1204301503210376 41.45
1204301503270232 41.45
1204301503330087 41.45
1204301503390943 41.45
1204301503450798 41.41
1204301503510655 41.43
1204301503570511 41.43
1204301503630362 41.41
1204301503690217 41.41
1204301503750072 41.41
1204301503810931 41.43
1204301503870786 41.43
1204301503930641 41.43
1204301503950572 41.43
1204301504000467 41.45
1204301504060367 41.47
1204301504120180 41.47
1204301504180033 41.45
1204301504240889 41.47
1204301504300744 41.49
1204301504360648 41.52
1204301504420580 41.52
1204301504480310 41.5
1204301504540163 41.52
1204301504600019 41.52
1204301504660921 41.5
1204301504720730 41.5
1204301504780583 41.49
1204301504840438 41.49
1204301504900293 41.47
1204301504960260 41.45
1204301505020058 41.45
1204301505080858 41.45
1204301505140713 41.47
1204301505200566 41.45
1204301505260466 41.47
1204301505320290 41.45
1204301505380132 41.45
1204301505440986 41.45
1204301505500841 41.45
1204301505560741 41.43
1204301505620558 41.45
1204301505680405 41.45
1204301505740260 41.45
1204301505800117 41.47
1204301505860013 41.49
1204301505920829 41.49
1204301505980682 41.49
1204301506040537 41.47
1204301506100392 41.47
1204301506160289 41.47
1204301506220114 41.49
1204301506280959 41.47
1204301506340812 41.49
1204301506400667 41.47
1204301506460566 41.49
1204301506520378 41.49
1204301506580231 41.47
1204301506640086 41.49
1204301506700942 41.47
1204301506760840 41.47
1204301506820785 41.45
1204301506880504 41.45
1204301506940359 41.45
1204301506970671 41.45
1204301507010191 41.45
1204301507070048 41.43
1204301507130905 41.43
1204301507190759 41.43
1204301507250615 41.43
1204301507310466 41.45
1204301507370323 41.43
1204301507430174 41.45
1204301507490030 41.45
1204301507550886 41.45
1204301507610743 41.47
1204301507670596 41.47
1204301507730451 41.47
1204301507790306 41.49
1204301507850162 41.47
1204301507910015 41.47
1204301507970871 41.47
1204301508030726 41.47
1204301508090582 41.47
1204301508150435 41.45
1204301508210290 41.45
1204301508270143 41.45
1204301508330002 41.43
1204301508390855 41.45
1204301508450710 41.45
1204301508510563 41.45
1204301508570418 41.45
1204301508630273 41.45
1204301508690131 41.47
1204301508750985 41.45
1204301508810838 41.45
1204301508870693 41.45
1204301508930548 41.45
1204301508990403 41.45
1204301509050258 41.45
1204301509110115 41.47
1204301509170968 41.45
1204301509230823 41.45
1204301509290678 41.45
1204301509350533 41.45
1204301509410392 41.43
1204301509470242 41.41
1204301509530101 41.43
1204301509590953 41.41
1204301509650808 41.41
1204301509710664 41.41
1204301509770517 41.41
1204301509830376 41.43
1204301509890228 41.45
1204301509950087 41.43
1204301509970014 41.45
1204301600020172 41.43
1204301600080027 41.43
1204301600140883 41.43
1204301600200739 41.43
1204301600260630 41.45
1204301600320460 41.43
1204301600380301 41.43
1204301600440153 41.45
1204301600500012 41.43
1204301600560911 41.43
1204301600620721 41.43
1204301600680573 41.41
1204301600740428 41.41
1204301600800283 41.39
1204301600860181 41.39
1204301600920992 41.39
1204301600980847 41.39
1204301601040703 41.39
1204301601100558 41.41
1204301601160458 41.41
1204301601220271 41.43
1204301601280122 41.45
1204301601340978 41.45
1204301601400833 41.45
1204301601460729 41.45
1204301601520542 41.45
1204301601580397 41.45
1204301601640252 41.45
1204301601700107 41.45
1204301601760005 41.45
1204301601820826 41.43
1204301601880676 41.43
1204301601940531 41.43
1204301602000381 41.41
1204301602060279 41.41
1204301602120091 41.41
1204301602180945 41.41
1204301602240801 41.41
1204301602300659 41.43
1204301602360552 41.41
1204301602420366 41.41
1204301602480225 41.43
1204301602540078 41.43
1204301602600935 41.43
1204301602660831 41.43
1204301602720645 41.43
1204301602780500 41.43
1204301602840355 41.43
1204301602900208 41.43
1204301602960185 41.43
1204301602980997 41.43
1204301603030894 41.43
1204301603090746 41.41
1204301603150604 41.43
1204301603210465 41.43
1204301603270315 41.43
1204301603330164 41.41
1204301603390020 41.41
1204301603450876 41.41
1204301603510731 41.41
1204301603570587 41.41
1204301603630444 41.43
1204301603690299 41.43
1204301603750150 41.45
1204301603810013 41.49
1204301603870862 41.5
1204301603930717 41.5
1204301603990572 41.52
1204301604050427 41.52
1204301604110282 41.5
1204301604170137 41.5
1204301604230991 41.5
1204301604290847 41.5
1204301604350702 41.5
1204301604410571 41.5
1204301604470412 41.5
1204301604530265 41.49
1204301604590120 41.49
1204301604650976 41.49
1204301604710832 41.47
1204301604770685 41.45
1204301604830538 41.45
1204301604890394 41.45
1204301604950249 41.45
1204301605010118 41.45
1204301605070960 41.47
1204301605130815 41.47
1204301605190671 41.47
1204301605250526 41.47
1204301605310381 41.47
1204301605370234 41.47
1204301605430090 41.49
1204301605490946 41.49
1204301605550801 41.49
1204301605610656 41.49
1204301605670510 41.49
1204301605730365 41.47
1204301605790220 41.47
1204301605850075 41.47
1204301605910931 41.47
1204301605970785 41.47
1204301605990719 41.47
1204301606040614 41.45
1204301606100469 41.45
1204301606160369 41.47
1204301606220178 41.45
1204301606280033 41.45
1204301606340890 41.45
1204301606400744 41.45
1204301606460640 41.45
1204301606520452 41.45
1204301606580310 41.47
1204301606640163 41.45
1204301606700020 41.47
1204301606760919 41.47
1204301606820736 41.47
1204301606880585 41.47
1204301606940440 41.47
1204301607000295 41.47
1204301607060193 41.49
1204301607120003 41.5
1204301607180860 41.5
1204301607240715 41.49
1204301607300570 41.49
1204301607360472 41.47
1204301607420279 41.47
1204301607480134 41.47
1204301607540990 41.47
1204301607600845 41.49
1204301607660744 41.47
1204301607720554 41.47
1204301607780409 41.49
1204301607840265 41.49
1204301607900118 41.49
1204301607960098 41.49
1204301608020829 41.49
1204301608080684 41.49
1204301608140539 41.49
1204301608200394 41.49
1204301608260294 41.49
1204301608320116 41.47
1204301608380959 41.47
1204301608440813 41.49
1204301608500668 41.47
1204301608560569 41.47
1204301608620379 41.49
1204301608680232 41.47
1204301608740087 41.47
1204301608800944 41.47
1204301608860844 41.47
1204301608920652 41.47
1204301608980508 41.47
1204301609000442 41.47
1204301609050339 41.47
1204301609110193 41.49
1204301609170048 41.49
1204301609230904 41.47
1204301609290759 41.49
1204301609350614 41.47
1204301609410468 41.49
1204301609470323 41.47
1204301609530178 41.47
1204301609590033 41.49
1204301609650888 41.49
1204301609710743 41.49
1204301609770598 41.49
1204301609830453 41.49
1204301609890309 41.49
1204301609950163 41.49
1204301700010272 41.47
1204301700070127 41.47
1204301700130983 41.47
1204301700190839 41.47
1204301700250692 41.45
1204301700310547 41.47
1204301700370400 41.45
1204301700430258 41.47
1204301700490112 41.47
1204301700550967 41.45
1204301700610820 41.45
1204301700670675 41.45
1204301700730530 41.45
1204301700790385 41.45
1204301700850240 41.47
1204301700910096 41.49
1204301700970952 41.5
1204301701030807 41.56
1204301701090662 41.6
1204301701150517 41.6
1204301701210371 41.6
1204301701270228 41.58
1204301701330081 41.56
1204301701390937 41.56
1204301701450793 41.52
1204301701510646 41.5
1204301701570501 41.52
1204301701630356 41.5
1204301701690210 41.5
1204301701750067 41.52
1204301701810921 41.52
1204301701870776 41.5
1204301701930632 41.52
1204301701990486 41.52
1204301702010421 41.52
1204301702060363 41.52
1204301702120171 41.52
1204301702180026 41.52
1204301702240882 41.52
1204301702300735 41.52
1204301702360639 41.52
1204301702420446 41.52
1204301702480301 41.52
1204301702540156 41.5
1204301702600023 41.49
1204301702660912 41.47
1204301702720721 41.47
1204301702780576 41.47
1204301702840429 41.47
1204301702900285 41.47
1204301702970275 41.47
1204301703020996 41.47
1204301703080851 41.47
1204301703140705 41.47
1204301703200560 41.47
1204301703260464 41.47
1204301703320284 41.47
1204301703380125 41.47
1204301703440981 41.47
1204301703500835 41.47
1204301703560735 41.47
1204301703620545 41.47
1204301703680400 41.47
1204301703740255 41.49
1204301703800109 41.49
1204301703860011 41.47
1204301703920820 41.47
1204301703980674 41.45
1204301704040530 41.47
1204301704100383 41.47
1204301704160285 41.47
1204301704220094 41.47
1204301704280950 41.47
1204301704340803 41.47
1204301704400659 41.47
1204301704460561 41.47
1204301704520370 41.47
1204301704580222 41.47
1204301704640078 41.47
1204301704700934 41.47
1204301704760836 41.45
1204301704820656 41.45
1204301704880496 41.45
1204301704940351 41.45
1204301705000206 41.45
1204301705020141 41.45
1204301705070036 41.45
1204301705130892 41.45
1204301705190748 41.45
1204301705250607 41.43
1204301705310462 41.43
1204301705370315 41.43
1204301705430170 41.43
1204301705490026 41.43
1204301705550881 41.43
1204301705610731 41.45
1204301705670586 41.45
1204301705730443 41.47
1204301705790298 41.47
1204301705850154 41.47
1204301705910005 41.45
1204301705970863 41.47
1204301706030718 41.47
1204301706090574 41.47
1204301706150428 41.47
1204301706210283 41.47
1204301706270137 41.47
1204301706330993 41.47
1204301706390846 41.45
1204301706450701 41.45
1204301706510560 41.43
1204301706570414 41.43
1204301706630265 41.39
1204301706690120 41.39
1204301706750976 41.39
1204301706810830 41.39
1204301706870685 41.39
1204301706930540 41.39
1204301706990395 41.39
1204301707050251 41.41
1204301707110106 41.41
1204301707170960 41.41
1204301707230815 41.41
1204301707290671 41.41
1204301707350526 41.39
1204301707410379 41.39
1204301707470234 41.39
1204301707530089 41.37
1204301707600107 41.39
1204301707650801 41.39
1204301707710654 41.37
1204301707770509 41.37
1204301707830364 41.37
1204301707890221 41.36
1204301707950076 41.36
1204301708010931 41.36
1204301708030867 41.36
1204301708080762 41.36
1204301708140618 41.36
1204301708200471 41.36
1204301708260371 41.37
1204301708320193 41.37
1204301708380035 41.37
1204301708440889 41.39
1204301708500744 41.39
1204301708560646 41.37
1204301708620455 41.37
1204301708680310 41.37
1204301708740163 41.37
1204301708800018 41.37
1204301708860922 41.37
1204301708920730 41.37
1204301708980583 41.37
1204301709040440 41.36
1204301709100296 41.36
1204301709160198 41.36
1204301709220006 41.36
1204301709280858 41.34
1204301709340713 41.34
1204301709400568 41.34
1204301709460472 41.34
1204301709520279 41.34
1204301709580136 41.36
1204301709640989 41.37
1204301709700845 41.36
1204301709760744 41.37
1204301709820566 41.39
1204301709880407 41.37
1204301709940262 41.39
1204301800000374 41.37
1204301800060276 41.37
1204301800120084 41.37
1204301800180941 41.36
1204301800240794 41.37
1204301800300651 41.36
1204301800360553 41.36
1204301800420357 41.34
1204301800480213 41.34
1204301800540072 41.32
1204301800600928 41.32
1204301800660831 41.32
1204301800720633 41.34
1204301800780488 41.34
1204301800840345 41.36
1204301800900201 41.36
1204301800970175 41.36
1204301801020908 41.34
1204301801040845 41.34
1204301801090740 41.34
1204301801150597 41.36
1204301801210449 41.34
1204301801270304 41.34
1204301801330159 41.34
1204301801390014 41.34
1204301801450870 41.34
1204301801510723 41.34
1204301801570578 41.34
1204301801630433 41.34
1204301801690292 41.32
1204301801750143 41.34
1204301801820000 41.34
1204301801870857 41.32
1204301801930712 41.32
1204301801990567 41.32
1204301802050419 41.34
1204301802110276 41.32
1204301802170131 41.32
1204301802230984 41.34
1204301802290842 41.32
1204301802350694 41.34
1204301802410549 41.36
1204301802470404 41.36
1204301802530259 41.36
1204301802590113 41.36
1204301802650971 41.36
1204301802710824 41.36
1204301802770679 41.36
1204301802830534 41.36
1204301802890390 41.36
1204301802950245 41.36
1204301803010098 41.36
1204301803070952 41.34
1204301803130807 41.34
1204301803190664 41.3
1204301803250519 41.3
1204301803310372 41.3
1204301803370228 41.3
1204301803430083 41.3
1204301803490941 41.28
1204301803550794 41.3
1204301803610648 41.3
1204301803670503 41.3
1204301803730358 41.3
1204301803790215 41.32
1204301803850069 41.32
1204301803910925 41.32
1204301803970780 41.32
1204301804030635 41.32
1204301804050574 41.32
1204301804100465 41.32
1204301804160369 41.32
1204301804220176 41.32
1204301804280029 41.3
1204301804340885 41.3
1204301804400738 41.3
1204301804460640 41.28
1204301804520448 41.24
1204301804580302 41.23
1204301804640157 41.24
1204301804700012 41.24
1204301804760916 41.23
1204301804820736 41.24
1204301804880577 41.24
1204301804940432 41.24
1204301805000287 41.24
1204301805060186 41.26
1204301805120999 41.24
1204301805190995 41.26
1204301805240705 41.26
1204301805300560 41.26
1204301805360464 41.26
1204301805420270 41.26
1204301805480124 41.26
1204301805540980 41.26
1204301805600835 41.26
1204301805660739 41.26
1204301805720546 41.26
1204301805780479 41.26
1204301805840256 41.24
1204301805900111 41.24
1204301805970146 41.24
1204301806020823 41.24
1204301806080676 41.24
1204301806140531 41.24
1204301806200384 41.26
1204301806260287 41.26
1204301806320107 41.26
1204301806380961 41.26
1204301806440804 41.26
1204301806500660 41.26
1204301806560562 41.26
1204301806620368 41.26
1204301806680223 41.26
1204301806740082 41.28
1204301806800939 41.28
1204301806860841 41.28
1204301806920647 41.28
1204301806980512 41.28
1204301807040353 41.26
1204301807070669 41.26
1204301807110184 41.26
1204301807170038 41.26
1204301807230894 41.26
1204301807290749 41.26
1204301807350604 41.26
1204301807410461 41.24
1204301807470315 41.26
1204301807530173 41.28
1204301807590027 41.28
1204301807650883 41.28
1204301807710738 41.28
1204301807770593 41.28
1204301807830447 41.28
1204301807890302 41.28
1204301807950153 41.26
1204301808010008 41.26
1204301808070866 41.28
1204301808130721 41.28
1204301808190573 41.26
1204301808250432 41.28
1204301808310288 41.28
1204301808370140 41.28
1204301808430993 41.26
1204301808490848 41.26
1204301808550703 41.26
1204301808610558 41.26
1204301808670412 41.26
1204301808730267 41.26
1204301808790126 41.28
1204301808850982 41.28
1204301808910837 41.28
1204301808970692 41.28
1204301809030545 41.28
1204301809090401 41.28
1204301809150256 41.28
1204301809210111 41.28
1204301809270967 41.28
1204301809330821 41.28
1204301809390675 41.28
1204301809450529 41.3
1204301809510384 41.3
1204301809570241 41.28
1204301809630096 41.28
1204301809690950 41.28
1204301809750801 41.26
1204301809810657 41.26
1204301809870512 41.26
1204301809930367 41.26
1204301809990221 41.26
1204301900050331 41.26
1204301900070268 41.24
1204301900120161 41.26
1204301900180021 41.28
1204301900240873 41.26
1204301900300728 41.26
1204301900360631 41.26
1204301900420437 41.26
1204301900480290 41.26
1204301900540146 41.26
1204301900600001 41.26
1204301900660906 41.26
1204301900720716 41.28
1204301900780567 41.26
1204301900840420 41.26
1204301900900276 41.26
1204301900970262 41.26
1204301901020987 41.26
1204301901080842 41.26
1204301901140697 41.26
1204301901200550 41.26
1204301901260456 41.26
1204301901320274 41.26
1204301901380116 41.26
1204301901440972 41.26
1204301901500825 41.26
1204301901560728 41.26
1204301901620536 41.26
1204301901680389 41.26
1204301901740245 41.26
1204301901800104 41.28
1204301901860004 41.26
1204301901920815 41.28
1204301901980669 41.28
1204301902040524 41.28
1204301902100375 41.26
1204301902160283 41.26
1204301902220086 41.24
1204301902280942 41.24
1204301902340797 41.24
1204301902400652 41.24
1204301902460564 41.23
1204301902520361 41.23
1204301902580216 41.23
1204301902640071 41.23
1204301902700927 41.21
1204301902760831 41.23
1204301902820649 41.23
1204301902880491 41.23
1204301902940346 41.23
1204301903000202 41.21
1204301903060107 41.23
1204301903080992 41.23
1204301903130887 41.23
1204301903190742 41.24
1204301903250597 41.24
1204301903310453 41.24
1204301903380374 41.26
1204301903430159 41.26
1204301903490014 41.26
1204301903550870 41.26
1204301903610724 41.26
1204301903670581 41.24
1204301903730436 41.23
1204301903790292 41.24
1204301903850145 41.23
1204301903910000 41.23
1204301903980031 41.23
1204301904030711 41.23
1204301904090567 41.23
1204301904150420 41.21
1204301904210275 41.23
1204301904270131 41.23
1204301904330987 41.23
1204301904390840 41.23
1204301904450695 41.23
1204301904510550 41.23
1204301904570415 41.23
1204301904630260 41.23
1204301904690116 41.23
1204301904750970 41.24
1204301904810825 41.23
1204301904870680 41.23
1204301904930536 41.23
1204301904990391 41.23
1204301905050244 41.21
1204301905110099 41.21
1204301905170998 41.21
1204301905230810 41.21
1204301905290665 41.21
1204301905350518 41.21
1204301905410372 41.19
1204301905470230 41.23
1204301905530084 41.23
1204301905590939 41.21
1204301905650794 41.23
1204301905710649 41.23
1204301905770518 41.23
1204301905830358 41.23
1204301905890213 41.23
1204301905950069 41.23
1204301906010925 41.23
1204301906070780 41.23
1204301906090714 41.23
1204301906140609 41.23
1204301906200464 41.24
1204301906260368 41.23
1204301906320186 41.23
1204301906380028 41.21
1204301906440882 41.19
1204301906500738 41.19
1204301906560643 41.19
1204301906620449 41.17
1204301906680301 41.19
1204301906740158 41.17
1204301906800013 41.17
1204301906870920 41.17
1204301906920723 41.19
1204301906980579 41.17
1204301907040433 41.17
1204301907100286 41.19
1204301907160191 41.19
1204301907220996 41.19
1204301907280853 41.21
1204301907340708 41.21
1204301907400564 41.24
1204301907470472 41.23
1204301907520272 41.23
1204301907580127 41.23
1204301907640984 41.23
1204301907700839 41.21
1204301907770747 41.21
1204301907820561 41.21
1204301907880401 41.19
1204301907940256 41.19
1204301908000112 41.19
1204301908070019 41.19
1204301908120821 41.19
1204301908180676 41.19
1204301908240531 41.19
1204301908300386 41.19
1204301908370290 41.19
1204301908420095 41.19
1204301908480951 41.19
1204301908540806 41.19
1204301908600660 41.19
1204301908670569 41.19
1204301908720370 41.19
1204301908780225 41.19
1204301908840080 41.19
1204301908900934 41.19
1204301908970940 41.17
1204301909020647 41.17
1204301909080502 41.17
1204301909100438 41.17
1204301909150331 41.17
1204301909210187 41.15
1204301909270042 41.15
1204301909330898 41.15
1204301909390752 41.15
1204301909450607 41.15
1204301909510462 41.17
1204301909570317 41.17
1204301909630172 41.17
1204301909690026 41.17
1204301909750882 41.17
1204301909810737 41.17
1204301909870591 41.17
1204301909930446 41.17
1204301909990301 41.17
1204302000050412 41.17
1204302000110265 41.19
1204302000170122 41.17
1204302000230976 41.17
1204302000290829 41.13
1204302000350684 41.1
1204302000410541 41.08
1204302000470396 41.06
1204302000530251 41.04
1204302000590105 41.04
1204302000650961 41.04
1204302000710816 41.04
1204302000770671 41.04
1204302000830525 41.04
1204302000890380 41.04
1204302000950235 41.04
1204302001010090 41.04
1204302001070947 41.06
1204302001130800 41.08
1204302001190655 41.08
1204302001250510 41.08
1204302001310365 41.08
1204302001370221 41.08
1204302001430074 41.08
1204302001490930 41.06
1204302001550785 41.06
1204302001610641 41.04
1204302001670496 41.02
1204302001730351 41.02
1204302001790206 41.02
1204302001850061 41.02
1204302001910918 41.02
1204302001970771 41.02
1204302002030626 41.02
1204302002090482 41.02
1204302002110418 41.04
1204302002160321 41.04
1204302002220164 41.04
1204302002280020 41.04
1204302002340876 41.04
1204302002400729 41.04
1204302002470643 41.04
1204302002520439 41.04
1204302002580295 41.04
1204302002640150 41.04
1204302002700003 41.04
1204302002760871 41.04
1204302002820730 41.02
1204302002880572 41.02
1204302002940429 41
1204302003000284 41
1204302003070188 40.98
1204302003120993 41
1204302003180849 41
1204302003240702 41.02
1204302003300557 41.02
1204302003360434 41.02
1204302003420264 41.04
1204302003480119 41.06
1204302003540973 41.06
1204302003600829 41.06
1204302003670735 41.06
1204302003720539 41.06
1204302003780392 41.06
1204302003840247 41.04
1204302003900103 41.06
1204302003970100 41.1
1204302004020814 41.08
1204302004080669 41.08
1204302004140524 41.08
1204302004200377 41.06
1204302004270283 41.04
1204302004320101 41.04
1204302004380945 41.02
1204302004440802 41
1204302004500657 41
1204302004570716 41
1204302004620362 40.98
1204302004680217 40.98
1204302004740072 40.98
1204302004800928 40.98
1204302004870834 40.98
1204302004920639 40.96
1204302004980492 40.98
1204302005040347 40.98
1204302005100203 40.98
1204302005120143 40.98
1204302005170036 41
1204302005230888 41.04
1204302005290742 41.1
1204302005350597 41.15
1204302005410452 41.17
1204302005470306 41.19
1204302005530161 41.19
1204302005590018 41.17
1204302005650874 41.17
1204302005710727 41.17
1204302005770582 41.17
1204302005830437 41.15
1204302005890293 41.15
1204302005950148 41.15
1204302006010001 41.15
1204302006070858 41.15
1204302006130710 41.13
1204302006190568 41.11
1204302006250422 41.11
1204302006310274 41.1
1204302006370129 41.1
1204302006430987 41.08
1204302006490842 41.08
1204302006550697 41.08
1204302006610549 41.1
1204302006670405 41.1
1204302006730259 41.1
1204302006790117 41.08
1204302006850969 41.1
1204302006910826 41.08
1204302006970681 41.06
1204302007030536 41.08
1204302007090391 41.06
1204302007160428 41.06
1204302007210100 41.06
1204302007270956 41.04
1204302007330811 41.06
1204302007390665 41.06
1204302007450520 41.06
1204302007510375 41.06
1204302007570230 41.06
1204302007630085 41.08
1204302007690942 41.11
1204302007760896 41.17
1204302007810648 41.19
1204302007870505 41.21
1204302007930360 41.21
1204302007990214 41.21
1204302008050067 41.19
1204302008110923 41.19
1204302008130865 41.19
1204302008180755 41.19
1204302008240610 41.15
1204302008300465 41.11
1204302008370371 41.1
1204302008420174 41.1
1204302008480029 41.08
1204302008540885 41.08
1204302008600740 41.06
1204302008670660 41.06
1204302008720451 41.08
1204302008780304 41.08
1204302008840157 41.1
1204302008900013 41.1
1204302008970034 41.11
1204302009020726 41.11
1204302009080579 41.11
1204302009140434 41.15
1204302009200290 41.17
1204302009270218 41.17
1204302009330012 41.17
1204302009380855 41.15
1204302009440710 41.15
1204302009500565 41.15
1204302009570485 41.11
1204302009620271 41.1
1204302009680129 41.08
1204302009740985 41.06
1204302009800840 41.06
1204302009870752 41.08
1204302009920550 41.06
1204302009980403 41.08
1204302100040514 41.08
1204302100100369 41.08
1204302100170289 41.1
1204302100220077 41.11
1204302100280934 41.11
1204302100340789 41.11
1204302100400642 41.13
1204302100470564 41.13
1204302100520353 41.17
1204302100580208 41.17
1204302100640063 41.17
1204302100700919 41.17
1204302100770834 41.17
1204302100830642 41.15
1204302100880483 41.15
1204302100940337 41.13
1204302101000190 41.13
1204302101070108 41.15
1204302101120901 41.13
1204302101140841 41.13
1204302101190733 41.13
1204302101250590 41.15
1204302101310441 41.13
1204302101370298 41.15
1204302101430153 41.15
1204302101490008 41.15
1204302101550865 41.17
1204302101610718 41.15
1204302101670573 41.15
1204302101730428 41.17
1204302101790282 41.19
1204302101850139 41.17
1204302101910991 41.19
1204302101980975 41.19
1204302102030703 41.17
1204302102090558 41.17
1204302102150412 41.17
1204302102210267 41.17
1204302102270123 41.15
1204302102330976 41.13
1204302102390830 41.13
1204302102450687 41.15
1204302102510542 41.15
1204302102570397 41.15
1204302102630252 41.17
1204302102700108 41.17
1204302102750962 41.17
1204302102810817 41.17
1204302102880672 41.17
1204302102940528 41.17
1204302102990379 41.19
1204302103050234 41.19
1204302103110089 41.19
1204302103180948 41.21
1204302103240801 41.21
1204302103300657 41.21
1204302103360511 41.23
1204302103420366 41.23
1204302103480222 41.21
1204302103540075 41.21
1204302103600929 41.19
1204302103660784 41.19
1204302103720642 41.21
1204302103780493 41.19
1204302103840348 41.19
1204302103900204 41.19
1204302103960059 41.19
1204302104020915 41.19
1204302104080768 41.19
1204302104140623 41.19
1204302104160578 41.21
1204302104210453 41.19
1204302104270362 41.21
1204302104330180 41.21
1204302104390021 41.23
1204302104450876 41.24
1204302104510731 41.23
1204302104570641 41.24
1204302104630442 41.24
1204302104690295 41.24
1204302104750297 41.24
1204302104810003 41.26
1204302104870936 41.24
1204302104930715 41.23
1204302104990570 41.23
1204302105050425 41.23
1204302105110280 41.21
1204302105170186 41.21
1204302105230991 41.21
1204302105290844 41.21
1204302105350788 41.21
1204302105410555 41.21
1204302105470459 41.21
1204302105530265 41.23
1204302105590120 41.23
1204302105650974 41.23
1204302105710830 41.24
1204302105770757 41.24
1204302105830554 41.24
1204302105890392 41.26
1204302105950266 41.28
1204302106010106 41.28
1204302106070010 41.3
1204302106130815 41.3
1204302106190671 41.28
1204302106250526 41.28
1204302106310377 41.26
1204302106370307 41.26
1204302106430088 41.24
1204302106490944 41.24
1204302106550893 41.23
1204302106610655 41.23
1204302106670570 41.23
1204302106730363 41.21
1204302106790218 41.21
1204302106850073 41.21
1204302106910930 41.21
1204302106970964 41.21
1204302107030639 41.23
1204302107090493 41.24
1204302107150364 41.28
1204302107170667 41.3
1204302107220181 41.32
1204302107280033 41.36
1204302107340887 41.39
1204302107400742 41.39
1204302107460597 41.41
1204302107520452 41.41
1204302107580306 41.41
1204302107640161 41.41
1204302107700016 41.37
1204302107760872 41.37
1204302107820729 41.36
1204302107880581 41.34
1204302107940436 41.34
1204302108000291 41.34
1204302108060146 41.34
1204302108120002 41.34
1204302108180856 41.34
1204302108240711 41.34
1204302108300566 41.34
1204302108360422 41.36