1204304008720065 41.13
1204304008780935 41.13
1204304008840809 41.1
1204304008900629 41.1
1204304008960486 41.1
1204304009020341 41.1
1204304009080197 41.06
1204304009140051 41.04
1204304009200908 41.06
1204304009260761 41.06
1204304009320616 41.06
1204304009380477 41.1
1204304009440327 41.15
1204304009500180 41.19
1204304009560037 41.23
1204304009620893 41.23
1204304009680848 41.23
1204304009740602 41.21
1204304009800457 41.21
1204304009820685 41.21
1204304009870285 41.19
1204304009930304 41.19
1204304009990997 41.17
1204304100050106 41.1
1204304100110963 41.04
1204304100170823 41
1204304100230677 40.95
1204304100290644 40.91
1204304100350382 40.89
1204304100410237 40.89
1204304100470117 40.89
1204304100530949 40.89
1204304100590803 40.91
1204304100650662 40.95
1204304100710515 40.96
1204304100770369 40.96
1204304100830224 40.96
1204304100890078 40.96
1204304100950934 40.96
1204304101010792 40.95
1204304101070640 40.93
1204304101130496 40.93
1204304101190353 40.91
1204304101250207 40.91
1204304101310060 40.87
1204304101370917 40.83
1204304101430776 40.82
1204304101490748 40.78
1204304101550481 40.76
1204304101610337 40.76
1204304101670196 40.74
1204304101730046 40.76
1204304101790903 40.76
1204304101850756 40.76
1204304101910612 40.8
1204304101970468 40.78
1204304102030323 40.78
1204304102090178 40.78
1204304102150033 40.78
1204304102210887 40.8
1204304102270742 40.76
1204304102330597 40.78
1204304102390450 40.76
1204304102450306 40.76
1204304102510164 40.74
1204304102570017 40.7
1204304102630872 40.7
1204304102690822 40.7
1204304102750583 40.7
1204304102810437 40.7
1204304102830650 40.7
1204304102880281 40.7
1204304102940121 40.72
1204304103000976 40.72
1204304103060835 40.74
1204304103120689 40.74
1204304103180546 40.74
1204304103240399 40.74
1204304103300251 40.76
1204304103360109 40.74
1204304103420966 40.74
1204304103480834 40.74
1204304103540674 40.74
1204304103600543 40.74
1204304103660384 40.74
1204304103720236 40.7
1204304103780102 40.67
1204304103840985 40.65
1204304103900804 40.63
1204304103960651 40.59
1204304104020506 40.59
1204304104080373 40.59
1204304104140217 40.59
1204304104200070 40.59
1204304104260934 40.63
1204304104320784 40.65
1204304104380654 40.65
1204304104440498 40.63
1204304104500352 40.63
1204304104560209 40.63
1204304104620062 40.63
1204304104680926 40.65
1204304104740773 40.63
1204304104800624 40.65
1204304104860482 40.63
1204304104920330 40.61
1204304104980199 40.61
1204304105040040 40.61
1204304105100895 40.61
1204304105160749 40.59
1204304105220605 40.59
1204304105280473 40.61
1204304105340343 40.61
1204304105400168 40.59
1204304105460024 40.61
1204304105520880 40.59
1204304105580749 40.61
1204304105640589 40.61
1204304105700444 40.59
1204304105760299 40.59
1204304105820154 40.59
1204304105850470 40.59
1204304105890985 40.59
1204304105950840 40.61
1204304106010695 40.59
1204304106070550 40.59
1204304106130404 40.59
1204304106190258 40.59
1204304106250115 40.57
1204304106310970 40.57
1204304106370824 40.57
1204304106430678 40.57
1204304106490535 40.59
1204304106550389 40.61
1204304106610247 40.65
1204304106670100 40.67
1204304106730956 40.67
1204304106790813 40.65
1204304106850667 40.67
1204304106910520 40.67
1204304106970536 40.67
1204304107030230 40.67
1204304107090085 40.67
1204304107150940 40.67
1204304107210796 40.67
1204304107270652 40.65
1204304107330512 40.63
1204304107390367 40.63
1204304107450247 40.63
1204304107510075 40.63
1204304107570932 40.63
1204304107630781 40.65
1204304107690635 40.67
1204304107750511 40.72
1204304107810351 40.74
1204304107870206 40.74
1204304107930060 40.74
1204304107990916 40.74
1204304108050771 40.74
1204304108110625 40.74
1204304108170477 40.76
1204304108230336 40.74
1204304108290190 40.74
1204304108350045 40.74
1204304108410896 40.72
1204304108470755 40.74
1204304108530606 40.72
1204304108590460 40.72
1204304108650320 40.74
1204304108710171 40.72
1204304108770029 40.74
1204304108830882 40.76
1204304108850857 40.78
1204304108900714 40.78
1204304108960569 40.78
1204304109020424 40.78
1204304109080280 40.8
1204304109140131 40.8
1204304109200986 40.8
1204304109260842 40.8
1204304109320709 40.8
1204304109380565 40.8
1204304109440409 40.78
1204304109500261 40.76
1204304109560115 40.72
1204304109620970 40.72
1204304109680839 40.72
1204304109740681 40.72
1204304109800536 40.72
1204304109860393 40.7
1204304109920247 40.7
1204304109980116 40.7
1204304200040211 40.72
1204304200100068 40.74
1204304200160922 40.76
1204304200220777 40.76
1204304200280655 40.76
1204304200340521 40.76
1204304200400339 40.76
1204304200460195 40.76
1204304200520050 40.76
1204304200580923 40.74
1204304200640763 40.78
1204304200700619 40.74
1204304200760473 40.74
1204304200820329 40.74
1204304200880192 40.72
1204304200940039 40.74
1204304201000894 40.74
1204304201060749 40.74
1204304201120600 40.76
1204304201180466 40.78
1204304201240472 40.8
1204304201300163 40.8
1204304201360022 40.82
1204304201420873 40.8
1204304201480734 40.82
1204304201540588 40.82
1204304201600444 40.82
1204304201660298 40.82
1204304201720147 40.8
1204304201780017 40.8
1204304201840894 40.78
1204304201860832 40.76
1204304201910690 40.76
1204304201970548 40.78
1204304202030401 40.78
1204304202090254 40.76
1204304202150123 40.78
1204304202210966 40.78
1204304202270821 40.78
1204304202330674 40.83
1204304202390530 40.85
1204304202450384 40.85
1204304202510238 40.85
1204304202570094 40.85
1204304202630950 40.83
1204304202690803 40.83
1204304202750688 40.85
1204304202810514 40.85
1204304202870369 40.83
1204304202930223 40.83
1204304202990083 40.82
1204304203050938 40.82
1204304203110789 40.8
1204304203170644 40.8
1204304203230499 40.8
1204304203290356 40.82
1204304203350212 40.82
1204304203410063 40.83
1204304203470918 40.83
1204304203530773 40.83
1204304203590629 40.85
1204304203650482 40.83
1204304203710338 40.85
1204304203770192 40.83
1204304203830047 40.83
1204304203890903 40.83
1204304203950757 40.83
1204304204010624 40.83
1204304204070472 40.82
1204304204130323 40.8
1204304204190176 40.8
1204304204250032 40.8
1204304204310888 40.8
1204304204370905 40.8
1204304204430601 40.82
1204304204490451 40.83
1204304204550305 40.87
1204304204610162 40.89
1204304204670016 40.89
1204304204730872 40.89
1204304204790726 40.89
1204304204850580 40.87
1204304204880980 40.91
1204304204920411 40.89
1204304204980280 40.89
1204304205040256 40.89
1204304205100978 40.89
1204304205160832 40.89
1204304205220685 40.87
1204304205280555 40.85
1204304205340434 40.85
1204304205400252 40.85
1204304205460106 40.85
1204304205520960 40.87
1204304205580830 40.85
1204304205640669 40.87
1204304205700526 40.89
1204304205760382 40.89
1204304205820236 40.89
1204304205880104 40.89
1204304205940948 40.89
1204304206000801 40.89
1204304206060656 40.89
1204304206120511 40.89
1204304206180379 40.89
1204304206240220 40.89
1204304206300075 40.89
1204304206360929 40.87
1204304206420786 40.85
1204304206480653 40.83
1204304206540495 40.83
1204304206600350 40.83
1204304206660206 40.85
1204304206720059 40.85
1204304206780928 40.87
1204304206840804 40.89
1204304206900626 40.91
1204304206960479 40.89
1204304207020335 40.91
1204304207080203 40.91
1204304207140043 40.91
1204304207200901 40.91
1204304207260754 40.91
1204304207320634 40.91
1204304207380479 40.91
1204304207440319 40.91
1204304207500174 40.89
1204304207560030 40.91
1204304207620885 40.89
1204304207680752 40.89
1204304207740595 40.89
1204304207800449 40.89
1204304207860301 40.93
1204304207890798 40.93
1204304207930136 40.96
1204304207990991 40.98
1204304208050848 41
1204304208110703 41
1204304208170556 41.02
1204304208230411 41.02
1204304208290267 41.02
1204304208350121 41.02
1204304208410977 41.02
1204304208470831 41.02
1204304208530688 41
1204304208590541 40.96
1204304208650396 40.96
1204304208710249 40.98
1204304208770103 40.98
1204304208830960 40.98
1204304208890818 41
1204304208950669 41.04
1204304209010523 41.1
1204304209070379 41.15
1204304209130235 41.15
1204304209190087 41.17
1204304209250943 41.15
1204304209310798 41.17
1204304209370655 41.15
1204304209430508 41.15
1204304209490363 41.17
1204304209550218 41.15
1204304209610073 41.15
1204304209670928 41.11
1204304209730782 41.1
1204304209790635 41.1
1204304209850491 41.1
1204304209910345 41.1
1204304209970214 41.1
1204304300030314 41.11
1204304300090167 41.11
1204304300150020 41.13
1204304300210876 41.19
1204304300270731 41.19
1204304300330586 41.19
1204304300390454 41.19
1204304300450296 41.19
1204304300510150 41.19
1204304300570006 41.19
1204304300630863 41.17
1204304300690718 41.17
1204304300750573 41.15
1204304300810428 41.11
1204304300870280 41.1
1204304300890260 41.08
1204304300940111 41.08
1204304301000968 41.08
1204304301060823 41.08
1204304301120676 41.1
1204304301180547 41.11
1204304301240386 41.13
1204304301300242 41.15
1204304301360097 41.17
1204304301420954 41.17
1204304301480821 41.15
1204304301540663 41.15
1204304301600517 41.15
1204304301660372 41.17
1204304301720228 41.17
1204304301780093 41.13
1204304301840970 41.13
1204304301900790 41.1
1204304301960647 41.08
1204304302020503 41.06
1204304302080371 41.06
1204304302140212 41.06
1204304302200067 41.06
1204304302260921 41.08
1204304302320776 41.11
1204304302380645 41.15
1204304302440486 41.15
1204304302500342 41.17
1204304302560196 41.15
1204304302620052 41.15
1204304302680921 41.15
1204304302740762 41.15
1204304302800617 41.17
1204304302860621 41.17
1204304302920326 41.15
1204304302980192 41.13
1204304303040036 41.11
1204304303100888 41.1
1204304303160745 41.1
1204304303220598 41.1
1204304303280466 41.1
1204304303340345 41.1
1204304303400164 41.1
1204304303460077 41.11
1204304303520874 41.13
1204304303580742 41.13
1204304303640586 41.11
1204304303700441 41.11
1204304303760294 41.11
1204304303820147 41.13
1204304303880015 41.13
1204304303900977 41.13
1204304303950836 41.11
1204304304010689 41.13
1204304304070545 41.11
1204304304130400 41.11
1204304304190253 41.1
1204304304250109 41.1
1204304304310965 41.08
1204304304370818 41.1
1204304304430673 41.1
1204304304490528 41.1
1204304304550386 41.11
1204304304610239 41.11
1204304304670095 41.11
1204304304730950 41.11
1204304304790804 41.13
1204304304850658 41.13
1204304304910511 41.13
1204304304970369 41.11
1204304305030223 41.13
1204304305090079 41.11
1204304305150935 41.11
1204304305210788 41.1
1204304305270645 41.08
1204304305330496 41.1
1204304305390354 41.06
1204304305450209 41.04
1204304305510064 41.04
1204304305570919 41.06
1204304305630773 41.06
1204304305690629 41.06
1204304305750483 41.06
1204304305810338 41.06
1204304305870194 41.08
1204304305930048 41.06
1204304305990904 41.08
1204304306050759 41.08
1204304306110614 41.08
1204304306170469 41.08
1204304306230323 41.08
1204304306290178 41.04
1204304306350033 41.04
1204304306410889 41.06
1204304306470743 41.06
1204304306530598 41.04
1204304306590453 41.04
1204304306650308 41.04
1204304306710163 41.06
1204304306770018 41.06
1204304306830872 41.08
1204304306890727 41.06
1204304306910706 41.06
1204304306960559 41.06
1204304307020413 41.06
1204304307080282 41.06
1204304307140123 41.06
1204304307200978 41.06
1204304307260833 41.06
1204304307320688 41.06
1204304307380556 41.04
1204304307440399 41.02
1204304307500255 41.02
1204304307560135 40.98
1204304307620967 41
1204304307680835 41
1204304307740676 41
1204304307800530 41.02
1204304307860406 41.06
1204304307920236 41.11
1204304307980106 41.11
1204304308040947 41.11
1204304308100803 41.11
1204304308160658 41.11
1204304308220513 41.11
1204304308280380 41.11
1204304308340258 41.11
1204304308400077 41.11
1204304308460933 41.11
1204304308520788 41.11
1204304308580654 41.1
1204304308640494 41.1
1204304308700349 41.1
1204304308760206 41.08
1204304308820060 41.1
1204304308880929 41.11
1204304308940770 41.11
1204304309000626 41.11
1204304309060478 41.1
1204304309120334 41.1
1204304309180202 41.1
1204304309240046 41.08
1204304309300902 41.08
1204304309360756 41.08
1204304309420611 41.08
1204304309480479 41.08
1204304309540320 41.06
1204304309600175 41.06
1204304309660030 41.08
1204304309720885 41.08
1204304309780754 41.06
1204304309840631 41.06
1204304309900451 41.06
1204304309920422 41.06
1204304309970281 41.08
1204304400030391 41.08
1204304400090244 41.1
1204304400150100 41.11
1204304400210956 41.11
1204304400270812 41.11
1204304400330664 41.1
1204304400390519 41.1
1204304400450431 41.11
1204304400510227 41.1
1204304400570083 41.1
1204304400630941 41.08
1204304400690796 41.06
1204304400750649 41.04
1204304400810505 41.04
1204304400870363 41.02
1204304400930216 41.02
1204304400990072 41.02
1204304401050981 41.04
1204304401110780 41.06
1204304401170635 41.06
1204304401230489 41.06
1204304401290345 41.06
1204304401350199 41.06
1204304401410054 41.06
1204304401470911 41.06
1204304401530766 41.06
1204304401590619 41.08
1204304401650487 41.08
1204304401710329 41.06
1204304401770183 41.04
1204304401830038 41.06
1204304401890894 41.04
1204304401950749 41.04
1204304402010604 41.04
1204304402070459 41.04
1204304402130314 41.04
1204304402190168 41.04
1204304402250022 41.1
1204304402310877 41.1
1204304402370732 41.1
1204304402430587 41.1
1204304402490442 41.1
1204304402550295 41.1
1204304402610151 41.1
1204304402670019 41.1
1204304402730862 41.1
1204304402790718 41.06
1204304402850574 41.06
1204304402910429 41.04
1204304402930410 41.04
1204304402980272 41.04
1204304403040114 41.04
1204304403100971 41.02
1204304403160824 41.04
1204304403220679 41.04
1204304403280547 41.06
1204304403340426 41.08
1204304403400244 41.08
1204304403460097 41.1
1204304403520955 41.08
1204304403580822 41.08
1204304403640664 41.08
1204304403700515 41.1
1204304403760373 41.08
1204304403820359 41.08
1204304403880096 41.08
1204304403940939 41.06
1204304404000794 41.06
1204304404060661 41.06
1204304404120503 41.04
1204304404180370 41.04
1204304404240213 41.04
1204304404300068 41.04
1204304404360924 41.06
1204304404420778 41.08
1204304404480646 41.06
1204304404540488 41.06
1204304404600342 41.06
1204304404660196 41.06
1204304404720051 41.06
1204304404780922 41.06
1204304404840800 41.06
1204304404900618 41.06
1204304404960473 41.06
1204304405020327 41.04
1204304405080197 41.02
1204304405140038 41.02
1204304405200893 41.02
1204304405260748 41.02
1204304405320606 41
1204304405380471 41.02
1204304405440312 41.04
1204304405500166 41.04
1204304405560020 41.04
1204304405620877 41.06
1204304405680744 41.04
1204304405740586 41.04
1204304405800440 41.04
1204304405860296 41.04
1204304405920151 41.04
1204304405940129 41.04
1204304405990982 41.04
1204304406050837 41.04
1204304406110694 41.02
1204304406170549 41.02
1204304406230404 41.02
1204304406290258 41.02
1204304406350113 41.02
1204304406410969 41.02
1204304406470821 41.04
1204304406530678 41.02
1204304406590532 41.04
1204304406650386 41.04
1204304406710241 41.04
1204304406770096 41.04
1204304406830951 41.04
1204304406890807 41.02
1204304406950661 41.04
1204304407010553 41.02
1204304407070371 41.02
1204304407130229 41
1204304407190080 40.98
1204304407250939 41
1204304407310795 41
1204304407370649 41
1204304407430504 41
1204304407490354 41.04
1204304407550209 41.06
1204304407610063 41.1
1204304407670955 41.11
1204304407730773 41.1
1204304407790628 41.1
1204304407850483 41.1
1204304407910339 41.11
1204304407970193 41.1
1204304408030048 41.1
1204304408090902 41.1
1204304408150759 41.1
1204304408210614 41.08
1204304408270468 41.06
1204304408330326 41.02
1204304408390181 41.02
1204304408450036 41.02
1204304408510893 41
1204304408570746 41.02
1204304408630604 41
1204304408690456 41.02
1204304408750310 41.02
1204304408810164 41.02
1204304408870020 41.02
1204304408930874 41.04
1204304408950849 41.06
1204304409000872 41.1
1204304409060557 41.13
1204304409120411 41.19
1204304409180281 41.24
1204304409240123 41.24
1204304409300979 41.21
1204304409360832 41.19
1204304409420686 41.19
1204304409480558 41.15
1204304409540398 41.11
1204304409600253 41.11
1204304409660106 41.13
1204304409720963 41.11
1204304409780830 41.13
1204304409840720 41.15
1204304409900529 41.15
1204304409960384 41.15
1204304500020495 41.15
1204304500080362 41.15
1204304500140205 41.17
1204304500200058 41.15
1204304500260915 41.15
1204304500320770 41.15
1204304500380638 41.11
1204304500440479 41.11
1204304500500333 41.11
1204304500560188 41.11
1204304500620043 41.11
1204304500680912 41.11
1204304500740752 41.13
1204304500800607 41.13
1204304500860462 41.13
1204304500920319 41.15
1204304500980185 41.13
1204304501040028 41.15
1204304501100884 41.15
1204304501160739 41.15
1204304501220591 41.13
1204304501290995 41.13
1204304501340343 41.15
1204304501400156 41.13
1204304501460013 41.11
1204304501520868 41.11
1204304501580735 41.13
1204304501640577 41.15
1204304501700433 41.15
1204304501760288 41.15
1204304501820140 41.19
1204304501880011 41.21
1204304501940853 41.21
1204304501960831 41.21
1204304502010684 41.23
1204304502070538 41.23
1204304502130394 41.21
1204304502190245 41.19
1204304502250100 41.19
1204304502310955 41.19
1204304502370811 41.19
1204304502430667 41.19
1204304502490522 41.17
1204304502550378 41.15
1204304502610231 41.13
1204304502670085 41.13
1204304502730941 41.13
1204304502790795 41.13
1204304502850653 41.15
1204304502910507 41.17
1204304502970359 41.19
1204304503030217 41.21
1204304503090072 41.21
1204304503150928 41.21
1204304503210782 41.21
1204304503270638 41.21
1204304503330491 41.21
1204304503390345 41.19
1204304503450201 41.21
1204304503510055 41.19
1204304503570912 41.17
1204304503630902 41.15
1204304503690622 41.11
1204304503750476 41.11
1204304503810329 41.1
1204304503870183 41.1
1204304503930040 41.1
1204304503990897 41.11
1204304504050749 41.13
1204304504110606 41.17
1204304504170460 41.19
1204304504230373 41.19
1204304504290168 41.19
1204304504350023 41.19
1204304504410879 41.19
1204304504470734 41.19
1204304504530590 41.19
1204304504590444 41.19
1204304504650298 41.19
1204304504710156 41.15
1204304504770007 41.13
1204304504830922 41.13
1204304504890720 41.11
1204304504950574 41.11
1204304504970554 41.11
1204304505020404 41.13
1204304505080273 41.15
1204304505140116 41.15
1204304505200970 41.17
1204304505260826 41.15
1204304505320682 41.17
1204304505380549 41.17
1204304505440391 41.17
1204304505500245 41.15
1204304505560099 41.17
1204304505620955 41.15
1204304505680824 41.15
1204304505740663 41.13
1204304505800519 41.11
1204304505860376 41.11
1204304505920230 41.11
1204304505980099 41.11
1204304506040940 41.11
1204304506100794 41.13
1204304506160649 41.13
1204304506220504 41.13
1204304506280373 41.15
1204304506340251 41.15
1204304506400069 41.15
1204304506460922 41.13
1204304506520780 41.15
1204304506580646 41.13
1204304506640489 41.15
1204304506700343 41.13
1204304506760196 41.13
1204304506820053 41.11
1204304506880920 41.1
1204304506940764 41.11
1204304507000618 41.1
1204304507060474 41.11
1204304507120327 41.1
1204304507180197 41.11
1204304507240039 41.11
1204304507300892 41.13
1204304507360748 41.15
1204304507420604 41.15
1204304507480472 41.15
1204304507540312 41.15
1204304507600168 41.15
1204304507660022 41.15
1204304507720878 41.15
1204304507780747 41.15
1204304507840631 41.15
1204304507900442 41.13
1204304507960297 41.13
1204304507990943 41.13
1204304508030129 41.11
1204304508090983 41.13
1204304508150840 41.11
1204304508210694 41.11
1204304508270549 41.11
1204304508330401 41.13
1204304508390259 41.15
1204304508450110 41.13
1204304508510968 41.15
1204304508570823 41.15
1204304508630679 41.15
1204304508690533 41.15
1204304508750389 41.15
1204304508810243 41.15
1204304508870097 41.15
1204304508930951 41.13
1204304508990806 41.1
1204304509050660 41.1
1204304509110516 41.1
1204304509170370 41.1
1204304509230225 41.1
1204304509290080 41.1
1204304509350939 41.11
1204304509410793 41.11
1204304509470647 41.11
1204304509530502 41.11
1204304509590354 41.13
1204304509650210 41.13
1204304509710065 41.13
1204304509770921 41.13
1204304509830774 41.13
1204304509890630 41.13
1204304509950484 41.13
1204304600010597 41.11
1204304600070452 41.11
1204304600130307 41.11
1204304600190161 41.11
1204304600250014 41.1
1204304600310871 41.1
1204304600370728 41.11
1204304600430581 41.11
1204304600490434 41.13
1204304600550291 41.15
1204304600610146 41.15
1204304600680000 41.13
1204304600730856 41.15
1204304600790711 41.15
1204304600850564 41.13
1204304600910420 41.13
1204304600970273 41.13
1204304601000637 41.13
1204304601040104 41.13
1204304601100962 41.11
1204304601160817 41.11
1204304601220775 41.1
1204304601280538 41.1
1204304601340416 41.1
1204304601400236 41.08
1204304601460092 41.11
1204304601520944 41.13
1204304601580815 41.17
1204304601640656 41.17
1204304601700510 41.19
1204304601760365 41.17
1204304601820279 41.17
1204304601880089 41.17
1204304601940931 41.17
1204304602000787 41.17
1204304602060642 41.17
1204304602120495 41.17
1204304602180364 41.15
1204304602240206 41.15
1204304602300059 41.13
1204304602360915 41.13
1204304602420827 41.11
1204304602480639 41.11
1204304602540479 41.13
1204304602600334 41.15
1204304602660189 41.15
1204304602720045 41.15
1204304602780915 41.17
1204304602840795 41.15
1204304602900609 41.15
1204304602960464 41.15
1204304603020349 41.17
1204304603080188 41.17
1204304603140029 41.17
1204304603200885 41.15
1204304603260739 41.13
1204304603320593 41.13
1204304603380460 41.13
1204304603440302 41.13
1204304603500159 41.11
1204304603560014 41.11
1204304603620882 41.11
1204304603680736 41.13
1204304603740577 41.13
1204304603800433 41.13
1204304603860288 41.11
1204304603920141 41.13
1204304603980011 41.11
1204304604000976 41.11
1204304604050830 41.11
1204304604110684 41.11
1204304604170539 41.11
1204304604230394 41.11
1204304604290249 41.11
1204304604350104 41.11
1204304604410960 41.11
1204304604470815 41.11
1204304604530669 41.11
1204304604590524 41.11
1204304604650377 41.1
1204304604710234 41.11
1204304604770089 41.11
1204304604830942 41.1
1204304604890798 41.1
1204304604950653 41.1
1204304605010506 41.1
1204304605070361 41.1
1204304605130218 41.08
1204304605190071 41.1
1204304605250927 41.1
1204304605310783 41.08
1204304605370638 41.08
1204304605430492 41.08
1204304605490348 41.06
1204304605550203 41.06
1204304605610056 41.06
1204304605670912 41.04
1204304605730770 41.02
1204304605790626 41.02
1204304605850477 41.04
1204304605910332 41.04
1204304605970187 41.06
1204304606030043 41.06
1204304606090897 41.06
1204304606150752 41.06
1204304606210607 41.06
1204304606270463 41.06
1204304606330316 41.06
1204304606390172 41.06
1204304606450027 41.06
1204304606510883 41.04
1204304606570739 41.02
1204304606630596 41
1204304606690450 41
1204304606750301 40.98
1204304606810156 40.98
1204304606870011 40.98
1204304606930871 41
1204304606990723 41.02
1204304607010702 41.04
1204304607060552 41.04
1204304607120408 41.04
1204304607180275 41.06
1204304607240117 41.04
1204304607300972 41.04
1204304607360827 41.04
1204304607420682 41.04
1204304607480551 41.04
1204304607540392 41.04
1204304607600248 41.02
1204304607660105 41
1204304607720957 40.98
1204304607780826 40.98
1204304607840704 40.98
1204304607900523 40.96
1204304607960377 40.96
1204304608020233 40.96
1204304608080098 40.98
1204304608140946 41
1204304608200797 41.02
1204304608260655 41
1204304608320508 41.02
1204304608380373 41.04
1204304608440215 41.04
1204304608500070 41.04
1204304608560926 41.04
1204304608620781 41.04
1204304608680650 41.04
1204304608740495 41
1204304608800344 40.98
1204304608860200 40.98
1204304608920058 40.96
1204304608980925 40.96
1204304609040767 40.96
1204304609100622 40.96
1204304609160477 40.96
1204304609220334 41
1204304609280202 41
1204304609340087 41
1204304609400899 41
1204304609460753 41
1204304609520608 41
1204304609580477 41
1204304609640319 41
1204304609700174 41
1204304609760023 40.98
1204304609820881 40.96
1204304609880753 40.95
1204304609940590 40.96
1204304700000703 40.95
1204304700020677 40.96
1204304700070531 40.96
1204304700130389 41
1204304700190240 41.04
1204304700250095 41.04
1204304700310951 41.04
1204304700370805 41.06
1204304700430661 41.06
1204304700490514 41.06
1204304700550369 41.06
1204304700610267 41.04
1204304700670080 41.02
1204304700730937 41.02
1204304700790794 41
1204304700850649 41
1204304700910500 40.96
1204304700970358 40.95
1204304701030211 40.96
1204304701090067 40.95
1204304701150921 40.96
1204304701210790 40.96
1204304701270629 40.98
1204304701330484 41.06
1204304701390339 41.08
1204304701450191 41.1
1204304701510047 41.08
1204304701570904 41.08
1204304701630757 41.1
1204304701690611 41.1
1204304701750466 41.1
1204304701810323 41.08
1204304701870177 41.08
1204304701930033 41.08
1204304701990889 41.06
1204304702050744 41.06
1204304702110597 41.04
1204304702170453 41.04
1204304702230308 41.04
1204304702290163 41.04
1204304702350017 41.04
1204304702410873 41.04
1204304702470728 41.06
1204304702530582 41.06
1204304702590438 41.06
1204304702650293 41.06
1204304702710148 41.08
1204304702770002 41.06
1204304702830857 41.06
1204304702890712 41.06
1204304702950567 41.06
1204304703010422 41.04
1204304703030400 41.06
1204304703080265 41.04
1204304703140108 41.04
1204304703200965 41.02
1204304703260820 41.02
1204304703320675 41.02
1204304703380544 41
1204304703440385 41.02
1204304703500240 41.02
1204304703560093 41.02
1204304703620948 41.06
1204304703680816 41.06
1204304703740657 41.06
1204304703800512 41.06
1204304703860367 41.06
1204304703920223 41.06
1204304703980091 41.04
1204304704040932 41.06
1204304704100787 41.06
1204304704160642 41.06
1204304704220496 41.04
1204304704280365 41.04
1204304704340247 41.02
1204304704400065 41
1204304704460921 41
1204304704520776 41
1204304704580644 41
1204304704640484 41
1204304704700338 41.02
1204304704760191 41.04
1204304704820045 41.04
1204304704880915 41.04
1204304704940756 41.04
1204304705000611 41.04
1204304705060466 41.04
1204304705120320 41.04
1204304705180189 41.06
1204304705240029 41.06
1204304705300885 41.04
1204304705360740 41.04
1204304705420595 41.04
1204304705480465 41.02
1204304705540310 41
1204304705600159 40.98
1204304705660018 41
1204304705720874 41
1204304705780742 41
1204304705840626 41.04
1204304705900435 41.04
1204304705960292 41.02
1204304706020144 41.04
1204304706040122 41.04
1204304706090977 41.02
1204304706150831 41.04
1204304706210685 41.04
1204304706270542 41.02
1204304706330395 41.04
1204304706390252 41.02
1204304706450108 41.02
1204304706510964 41
1204304706570819 41
1204304706630671 40.98
1204304706690526 40.96
1204304706750382 40.96
1204304706810235 40.98
1204304706870092 41
1204304706930947 41.02
1204304706990802 41.02
1204304707050656 41.02
1204304707110511 41.02
1204304707170364 41.04
1204304707230221 41.02
1204304707290076 41.02
1204304707350933 41.02
1204304707410786 41.02
1204304707470641 41.02
1204304707530498 41
1204304707590349 40.98
1204304707650203 40.98
1204304707710060 40.96
1204304707770917 40.95
1204304707830770 40.96
1204304707890627 40.95
1204304707950477 40.98
1204304708010337 41
1204304708070190 41.02
1204304708130046 41.02
1204304708190900 41.04
1204304708250753 41.04
1204304708310610 41.02
1204304708370463 41.04
1204304708430319 41.02
1204304708490174 41.02
1204304708550029 41.02
1204304708610886 41.02
1204304708670741 41
1204304708730593 40.98
1204304708790450 40.96
1204304708850304 40.96
1204304708910159 40.96
1204304708970157 40.96
1204304709030868 40.98
1204304709050850 40.98
1204304709100702 41
1204304709160555 41.02
1204304709220412 41
1204304709280280 41
1204304709340164 41
1204304709400977 41
1204304709460832 41
1204304709520688 41
1204304709580555 41
1204304709640397 41
1204304709700250 41
1204304709760103 40.96
1204304709820959 40.96
1204304709880828 40.96
1204304709940672 40.95
1204304800000779 40.91
1204304800060630 40.93
1204304800120485 40.93
1204304800180360 40.95
1204304800240199 40.96
1204304800300053 40.96
1204304800360910 40.96
1204304800420765 40.96
1204304800480630 40.98
1204304800540473 40.98
1204304800600330 40.96
1204304800660183 40.96
1204304800720038 40.96
1204304800780907 40.96
1204304800840798 40.95
1204304800900606 40.95
1204304800960459 40.95
1204304801020315 40.95
1204304801080183 40.95
1204304801140020 40.93
1204304801200880 40.95
1204304801260733 40.96
1204304801320586 40.98
1204304801380459 41
1204304801440299 41
1204304801500155 41
1204304801560010 41
1204304801620866 41
1204304801680729 40.98
1204304801740571 40.98
1204304801800430 41
1204304801860281 40.98
1204304801920138 41
1204304801980091 40.98
1204304802040846 40.98
1204304802060823 40.98
1204304802110676 40.98
1204304802170532 40.98
1204304802230387 40.96
1204304802290240 40.98
1204304802350095 40.98
1204304802410955 41
1204304802470806 40.98
1204304802530661 40.98
1204304802590519 41
1204304802650371 40.98
1204304802710226 40.98
1204304802770081 40.98
1204304802830935 40.98
1204304802890790 40.98
1204304802950645 40.98
1204304803010501 40.98
1204304803070358 40.96
1204304803130211 40.96
1204304803190069 40.95
1204304803250923 40.96
1204304803310780 40.95
1204304803370633 40.95
1204304803430488 40.95
1204304803490342 40.96
1204304803550194 40.98
1204304803610053 41
1204304803670906 40.98
1204304803730764 41
1204304803790618 41
1204304803850472 41
1204304803910327 41
1204304803970178 40.98
1204304804030038 41
1204304804090894 41
1204304804150745 40.98
1204304804210601 40.96
1204304804270455 40.96
1204304804330310 40.96
1204304804390165 40.96
1204304804450020 40.96
1204304804510877 40.96
1204304804570728 40.98
1204304804630587 41
1204304804690440 41.02
1204304804750293 41.04
1204304804810149 41.02
1204304804870004 41.02
1204304804930860 41.02
1204304804990799 41.02
1204304805050570 41.02
1204304805070549 41.02
1204304805120401 41.02
1204304805180269 41.02
1204304805240112 41
1204304805300968 41
1204304805360822 41
1204304805420678 41
1204304805480546 41
1204304805540383 40.98
1204304805600238 40.98
1204304805660093 40.98
1204304805720950 40.98
1204304805780820 41
1204304805840703 41
1204304805900518 41
1204304805960371 41
1204304806020226 41
1204304806080093 41.02
1204304806140935 41.02
1204304806200790 41.02
1204304806260646 41
1204304806320497 40.98
1204304806380367 40.98
1204304806440208 40.98
1204304806500064 40.96
1204304806560920 40.96
1204304806620774 40.96
1204304806680643 40.96
1204304806740485 40.96
1204304806800338 40.98
1204304806860195 41
1204304806920048 41.02
1204304806980918 41.02
1204304807040758 41.04
1204304807100614 41.02
1204304807160467 41.04
1204304807220325 41.02
1204304807280192 41.02
1204304807340075 41.02
1204304807400888 41.02
1204304807460746 41
1204304807520601 41
1204304807580466 40.96
1204304807640309 40.96
1204304807700164 40.95
1204304807760014 40.93
1204304807820868 40.93
1204304807880737 40.93
1204304807940586 40.95
1204304808000437 40.96
1204304808060292 40.96
1204304808090940 40.96
1204304808130124 40.96
1204304808190978 40.98
1204304808250832 40.98
1204304808310690 41
1204304808370542 40.98
1204304808430397 40.98
1204304808490252 40.98
1204304808550105 40.98
1204304808610963 40.96
1204304808670820 40.95
1204304808730670 40.93
1204304808790525 40.93
1204304808850380 40.91
1204304808910233 40.93
1204304808970088 40.93
1204304809030945 40.93
1204304809090804 40.95
1204304809150657 40.96
1204304809210512 40.96
1204304809270368 40.96
1204304809330222 40.96
1204304809390076 40.96
1204304809450933 40.96
1204304809510787 40.98
1204304809570642 40.96
1204304809630497 40.96
1204304809690352 40.96
1204304809750208 40.95
1204304809810057 40.93
1204304809870915 40.91
1204304809930770 40.91
1204304809990638 40.91
1204304900060736 40.89
1204304900120591 40.89
1204304900180446 40.91
1204304900240300 40.91
1204304900300153 40.93
1204304900360015 40.95
1204304900420869 40.95
1204304900480725 40.95
1204304900540580 40.95
1204304900600432 40.96
1204304900660288 40.95
1204304900720142 40.96
1204304900780998 40.96
1204304900840852 40.96
1204304900900709 40.95
1204304900960564 40.95
1204304901020412 40.93
1204304901080268 40.93
1204304901110527 40.93
1204304901150099 40.91
1204304901210954 40.93
1204304901270809 40.93
1204304901330669 40.95
1204304901390538 40.95
1204304901450377 40.96
1204304901510233 40.96
1204304901570087 40.96
1204304901630942 40.96
1204304901690811 40.96
1204304901750652 40.96
1204304901810505 40.98
1204304901870359 40.98
1204304901930215 40.98
1204304901990133 40.98
1204304902050927 40.96
1204304902110782 40.96
1204304902170637 40.96
1204304902230493 40.95
1204304902290362 40.95
1204304902350251 40.96
1204304902410057 40.96
1204304902470910 40.98
1204304902530768 41
1204304902590688 41
1204304902650476 41.02
1204304902710331 41.02
1204304902770185 41.02
1204304902830041 41.02
1204304902890909 41.02
1204304902950750 41.02
1204304903010606 41.02
1204304903070461 41.02
1204304903130316 41.02
1204304903190181 40.98
1204304903250023 40.98
1204304903310879 40.98
1204304903370734 40.98
1204304903430590 40.96
1204304903490457 40.98
1204304903550301 41
1204304903610154 41.02
1204304903670007 41.06
1204304903730863 41.06
1204304903790741 41.08
1204304903850622 41.08
1204304903910429 41.08
1204304903970282 41.08
1204304904030138 41.08
1204304904090005 41.08
1204304904110974 41.08
1204304904160824 41.08
1204304904220679 41.08
1204304904280534 41.04
1204304904340391 41.02
1204304904400245 41.02
1204304904460100 41.02
1204304904520955 41.02
1204304904580808 41.04
1204304904640664 41.08
1204304904700519 41.11
1204304904760372 41.17
1204304904820227 41.21
1204304904880081 41.19
1204304904940937 41.21
1204304905000791 41.19
1204304905060644 41.19
1204304905120500 41.19
1204304905180356 41.19
1204304905240210 41.19
1204304905300065 41.19
1204304905360922 41.17
1204304905420775 41.13
1204304905480631 41.13
1204304905540485 41.13
1204304905600341 41.11
1204304905660194 41.1
1204304905720051 41.11
1204304905780908 41.11
1204304905840760 41.13
1204304905900615 41.13
1204304905960472 41.15
1204304906020326 41.15
1204304906080181 41.15
1204304906140037 41.15
1204304906200891 41.17
1204304906260746 41.17
1204304906320598 41.19
1204304906380457 41.21
1204304906440310 41.21
1204304906500166 41.21
1204304906560018 41.19
1204304906620875 41.19
1204304906680731 41.17
1204304906740585 41.15
1204304906800438 41.13
1204304906860293 41.13
1204304906920151 41.11
1204304906980003 41.13
1204304907040859 41.13
1204304907100714 41.13
1204304907120697 41.13
1204304907170543 41.13
1204304907230399 41.13
1204304907290269 41.15
1204304907350157 41.19
1204304907410966 41.21
1204304907470822 41.21
1204304907530676 41.21
1204304907590545 41.21
1204304907650386 41.21
1204304907710237 41.19
1204304907770092 41.19
1204304907830951 41.15
1204304907890817 41.13
1204304907950658 41.1
1204304908010513 41.1
1204304908070368 41.1
1204304908130225 41.11
1204304908190093 41.11
1204304908250934 41.13
1204304908310787 41.13
1204304908370644 41.11
1204304908430498 41.13
1204304908490367 41.13
1204304908550207 41.13
1204304908610063 41.13
1204304908670918 41.13
1204304908730772 41.13
1204304908790640 41.13
1204304908850533 41.11
1204304908910339 41.11
1204304908970194 41.11
1204304909030048 41.11
1204304909090919 41.11
1204304909150759 41.11
1204304909210613 41.11
1204304909270468 41.11
1204304909330321 41.13
1204304909390189 41.13
1204304909450030 41.13
1204304909510887 41.13
1204304909570742 41.13
1204304909630597 41.13
1204304909690466 41.13
1204304909750306 41.13
1204304909810163 41.11
1204304909870018 41.11
1204304909930873 41.11
1204305000000888 41.13
1204305000050839 41.11
1204305000110693 41.11
1204305000130675 41.1
1204305000180572 41.1
1204305000240378 41.11
1204305000300234 41.11
1204305000360088 41.11
1204305000420945 41.11
1204305000480800 41.11
1204305000540654 41.11
1204305000600509 41.11
1204305000660363 41.11
1204305000720218 41.11
1204305000780086 41.11
1204305000840929 41.11
1204305000900784 41.11
1204305000960638 41.11
1204305001020491 41.1
1204305001080349 41.08
1204305001140202 41.08
1204305001200057 41.08
1204305001260914 41.08
1204305001320768 41.08
1204305001380624 41.11
1204305001440475 41.13
1204305001500332 41.17
1204305001560188 41.17
1204305001620039 41.19
1204305001680897 41.21
1204305001740752 41.21
1204305001800608 41.21
1204305001860463 41.21
1204305001920316 41.21
1204305001980171 41.21
1204305002040027 41.21
1204305002100883 41.21
1204305002160735 41.19
1204305002220592 41.17
1204305002280446 41.17
1204305002340301 41.15
1204305002400157 41.15
1204305002460012 41.15
1204305002520866 41.15
1204305002580722 41.17
1204305002640577 41.17
1204305002700430 41.19
1204305002760286 41.21
1204305002820140 41.21
1204305002880996 41.21
1204305002940851 41.21
1204305003000707 41.21
1204305003060560 41.23