1204205208110704 41.58
1204205208170555 41.71
1204205208190448 41.73
1204205208240474 41.75
1204205208300257 41.75
1204205208360099 41.75
1204205208420953 41.73
1204205208480806 41.65
1204205208540661 41.56
1204205208600519 41.43
1204205208660372 41.3
1204205208720226 41.23
1204205208780081 41.17
1204205208840034 41.13
1204205208900804 41.13
1204205208960645 41.13
1204205209020500 41.13
1204205209080355 41.15
1204205209140301 41.15
1204205209200065 41.15
1204205209260921 41.17
1204205209320777 41.24
1204205209380630 41.34
1204205209440596 41.49
1204205209500353 41.62
1204205209560195 41.67
1204205209620049 41.67
1204205209680904 41.67
1204205209740859 41.67
1204205209800613 41.65
1204205209860467 41.65
1204205209920323 41.63
1204205209980182 41.58
1204205300040371 41.52
1204205300100144 41.45
1204205300160998 41.39
1204205300220853 41.34
1204205300280712 41.32
1204205300340675 41.3
1204205300400419 41.3
1204205300460274 41.3
1204205300520129 41.3
1204205300580988 41.28
1204205300640922 41.28
1204205300700693 41.26
1204205300760552 41.28
1204205300820407 41.28
1204205300880262 41.32
1204205300940112 41.34
1204205301000970 41.36
1204205301060825 41.36
1204205301120677 41.37
1204205301180532 41.39
1204205301200426 41.39
1204205301250362 41.41
1204205301310218 41.41
1204205301370072 41.39
1204205301430928 41.39
1204205301490784 41.37
1204205301550641 41.36
1204205301610494 41.36
1204205301670352 41.32
1204205301730205 41.3
1204205301790061 41.28
1204205301850914 41.24
1204205301910770 41.23
1204205301970624 41.21
1204205302030479 41.17
1204205302090334 41.11
1204205302150189 41.08
1204205302210044 41.06
1204205302270899 41.04
1204205302330754 41.04
1204205302390609 41.04
1204205302450465 41.06
1204205302510318 41.08
1204205302570171 41.1
1204205302630026 41.1
1204205302690882 41.13
1204205302750739 41.15
1204205302810594 41.15
1204205302870449 41.15
1204205302930302 41.15
1204205302990156 41.13
1204205303050011 41.13
1204205303110869 41.11
1204205303170722 41.08
1204205303230578 41.04
1204205303290433 41.04
1204205303350288 41.04
1204205303410145 41.02
1204205303470999 41.02
1204205303530856 41
1204205303590712 41
1204205303650567 41
1204205303710421 41.02
1204205303770274 41.02
1204205303830127 41.04
1204205303890983 41.11
1204205303950850 41.15
1204205304010692 41.19
1204205304070545 41.19
1204205304130400 41.19
1204205304190255 41.19
1204205304210151 41.19
1204205304260085 41.19
1204205304320944 41.17
1204205304380796 41.13
1204205304440747 41.1
1204205304500507 41.04
1204205304560364 40.96
1204205304620217 40.91
1204205304680073 40.89
1204205304740037 40.89
1204205304800782 40.89
1204205304860637 40.89
1204205304920493 40.89
1204205304980348 40.89
1204205305040316 40.91
1204205305100053 40.93
1204205305160911 40.93
1204205305220770 40.96
1204205305280623 41.02
1204205305340584 41.06
1204205305400329 41.1
1204205305460187 41.11
1204205305520038 41.13
1204205305580894 41.13
1204205305640750 41.13
1204205305700605 41.13
1204205305760463 41.06
1204205305820318 41.02
1204205305880175 41
1204205305940026 40.91
1204205306000885 40.82
1204205306060737 40.76
1204205306120590 40.72
1204205306180443 40.69
1204205306240404 40.7
1204205306300153 40.69
1204205306360008 40.69
1204205306420868 40.7
1204205306480721 40.72
1204205306540575 40.72
1204205306600430 40.72
1204205306660288 40.74
1204205306720143 40.74
1204205306790000 40.74
1204205306840963 40.76
1204205306900705 40.8
1204205306960559 40.8
1204205307020414 40.8
1204205307080269 40.85
1204205307140215 40.89
1204205307200981 40.91
1204205307220877 40.91
1204205307270811 40.91
1204205307330666 40.91
1204205307390520 40.89
1204205307450373 40.87
1204205307510230 40.83
1204205307570084 40.76
1204205307630940 40.72
1204205307690799 40.74
1204205307750650 40.72
1204205307810508 40.7
1204205307870357 40.67
1204205307930211 40.59
1204205307990067 40.56
1204205308050924 40.52
1204205308110782 40.5
1204205308170636 40.5
1204205308230492 40.54
1204205308290346 40.54
1204205308350194 40.61
1204205308410057 40.74
1204205308470910 40.89
1204205308530765 41.02
1204205308590620 41.11
1204205308650473 41.17
1204205308710329 41.17
1204205308770184 41.17
1204205308830038 41.17
1204205308890893 41.17
1204205308950915 41.15
1204205309010602 41.13
1204205309070458 41.11
1204205309130311 41.13
1204205309190167 41.08
1204205309250024 41.08
1204205309310894 41.06
1204205309370734 41.04
1204205309430590 41.02
1204205309490444 40.98
1204205309550300 40.96
1204205309610155 40.96
1204205309670009 40.96
1204205309730866 40.96
1204205309790723 41
1204205309850575 41.02
1204205309910428 41.04
1204205309970283 41.06
1204205400030392 41.1
1204205400090248 41.11
1204205400150102 41.1
1204205400210959 41.11
1204205400230852 41.1
1204205400280788 41.1
1204205400340642 41.1
1204205400400500 41.08
1204205400460354 41.06
1204205400520211 41.02
1204205400580067 41
1204205400640015 41
1204205400700774 40.98
1204205400760634 40.95
1204205400820484 40.91
1204205400880337 40.87
1204205400940193 40.83
1204205401000052 40.82
1204205401060907 40.82
1204205401120763 40.82
1204205401180614 40.83
1204205401240580 40.87
1204205401300323 40.91
1204205401360179 40.98
1204205401420033 41.08
1204205401480074 41.24
1204205401540858 41.36
1204205401600596 41.39
1204205401660451 41.41
1204205401720306 41.41
1204205401780161 41.41
1204205401840133 41.41
1204205401900871 41.41
1204205401960726 41.39
1204205402020584 41.36
1204205402080569 41.36
1204205402140291 41.34
1204205402200147 41.3
1204205402260003 41.24
1204205402320857 41.15
1204205402380713 41.08
1204205402440685 41.02
1204205402500427 41
1204205402560278 41.02
1204205402620132 41.04
1204205402680023 41.06
1204205402740840 41.1
1204205402800698 41.11
1204205402860552 41.15
1204205402920404 41.19
1204205402980259 41.19
1204205403040229 41.19
1204205403100970 41.19
1204205403160827 41.17
1204205403220791 41.15
1204205403240579 41.15
1204205403290510 41.13
1204205403350366 41.08
1204205403410222 41.04
1204205403470079 41.02
1204205403530934 40.98
1204205403590789 40.98
1204205403650645 40.96
1204205403710500 40.95
1204205403770352 40.91
1204205403830207 40.89
1204205403890060 40.87
1204205403950928 40.87
1204205404010772 40.91
1204205404070627 40.91
1204205404130482 41.04
1204205404190336 41.17
1204205404250191 41.3
1204205404310044 41.39
1204205404370901 41.47
1204205404430756 41.5
1204205404490611 41.49
1204205404550466 41.49
1204205404610321 41.49
1204205404670175 41.47
1204205404730029 41.41
1204205404790888 41.32
1204205404850741 41.21
1204205404910596 41.15
1204205404970449 41.1
1204205405030306 41.06
1204205405090164 41
1204205405150017 40.96
1204205405210869 40.93
1204205405270726 40.89
1204205405330580 40.91
1204205405390435 40.91
1204205405450288 40.93
1204205405510149 40.95
1204205405570000 41.06
1204205405630857 41.21
1204205405690712 41.28
1204205405750563 41.34
1204205405810420 41.36
1204205405870273 41.34
1204205405930127 41.34
1204205405990985 41.36
1204205406050837 41.34
1204205406110697 41.28
1204205406170549 41.23
1204205406230402 41.13
1204205406250707 41.11
1204205406300237 41.02
1204205406360090 40.89
1204205406420950 40.82
1204205406480804 40.74
1204205406540657 40.7
1204205406600508 40.67
1204205406660363 40.67
1204205406720216 40.69
1204205406780076 40.7
1204205406840044 40.72
1204205406900785 40.89
1204205406960641 41.11
1204205407020491 41.34
1204205407080348 41.47
1204205407140309 41.5
1204205407200059 41.5
1204205407260915 41.5
1204205407320770 41.5
1204205407380624 41.49
1204205407440479 41.47
1204205407500334 41.36
1204205407560190 41.24
1204205407620042 41.13
1204205407680898 41.06
1204205407740863 41
1204205407800608 40.98
1204205407860468 41
1204205407920323 41
1204205407980178 41
1204205408040146 41.02
1204205408100885 41.02
1204205408160741 41.02
1204205408220596 41.02
1204205408280451 41.02
1204205408340302 41.08
1204205408400158 41.11
1204205408460011 41.13
1204205408520869 41.11
1204205408580720 41.13
1204205408640577 41.11
1204205408700433 41.11
1204205408760288 41.11
1204205408820143 41.11
1204205408880995 41.1
1204205408940852 41.06
1204205409000708 41.06
1204205409060563 41.04
1204205409120418 41.04
1204205409180271 41.04
1204205409240126 41.04
1204205409260026 41.02
1204205409310957 41.04
1204205409370812 41.04
1204205409430668 41.04
1204205409490525 41.02
1204205409550378 41.04
1204205409610233 41.02
1204205409670202 41.04
1204205409730942 41.04
1204205409790798 41.04
1204205409850653 41.04
1204205409910508 41.04
1204205409970361 41.04
1204205500030472 41.04
1204205500090327 41.04
1204205500150182 41.04
1204205500210037 41.04
1204205500270935 41.04
1204205500330749 41.02
1204205500390604 41.02
1204205500450459 41.02
1204205500510314 41.02
1204205500570166 41.04
1204205500630021 41.04
1204205500690877 41.04
1204205500750731 41.06
1204205500810586 41.06
1204205500870455 41.04
1204205500930296 41.06
1204205500990152 41.04
1204205501050005 41.06
1204205501110861 41.06
1204205501170716 41.06
1204205501230571 41.06
1204205501290427 41.06
1204205501350280 41.06
1204205501410135 41.06
1204205501470004 41.06
1204205501530846 41.06
1204205501590702 41.04
1204205501650557 41.04
1204205501710410 41.04
1204205501770267 41.02
1204205501830122 41.02
1204205501890978 40.96
1204205501950845 40.96
1204205502010687 40.96
1204205502070558 40.95
1204205502130399 40.95
1204205502190254 40.95
1204205502250102 40.93
1204205502270366 40.93
1204205502320936 40.91
1204205502380791 40.89
1204205502440756 40.89
1204205502500500 40.91
1204205502560354 40.93
1204205502620210 40.98
1204205502680066 41.06
1204205502740922 41.11
1204205502800775 41.17
1204205502860630 41.21
1204205502920485 41.21
1204205502980341 41.21
1204205503040194 41.21
1204205503100050 41.21
1204205503160906 41.21
1204205503220761 41.17
1204205503280614 41.15
1204205503340469 41.11
1204205503400322 41.1
1204205503460179 41.06
1204205503520034 41.06
1204205503580891 41.04
1204205503640748 41
1204205503700601 40.96
1204205503760456 40.96
1204205503820313 40.95
1204205503880167 40.96
1204205503940020 40.96
1204205504000874 40.98
1204205504060729 41.04
1204205504120583 41.13
1204205504180440 41.21
1204205504240291 41.26
1204205504300150 41.28
1204205504360005 41.28
1204205504420862 41.28
1204205504480713 41.3
1204205504540570 41.28
1204205504600422 41.26
1204205504660279 41.24
1204205504720134 41.21
1204205504780986 41.19
1204205504840843 41.17
1204205504900698 41.15
1204205504960551 41.13
1204205505020409 41.11
1204205505080262 41.1
1204205505140234 41.08
1204205505200973 41.06
1204205505260828 41.06
1204205505280727 41.04
1204205505330659 41.04
1204205505390513 41.08
1204205505450368 41.11
1204205505510223 41.15
1204205505570076 41.19
1204205505630935 41.24
1204205505690790 41.28
1204205505750645 41.28
1204205505810500 41.28
1204205505870351 41.26
1204205505930210 41.28
1204205505990065 41.28
1204205506050915 41.26
1204205506110773 41.23
1204205506170626 41.19
1204205506230483 41.17
1204205506290336 41.17
1204205506350192 41.15
1204205506410045 41.13
1204205506470903 41.11
1204205506530758 41.08
1204205506590612 41.06
1204205506650467 41.06
1204205506710322 41.08
1204205506770176 41.1
1204205506830029 41.13
1204205506890887 41.15
1204205506950750 41.19
1204205507010598 41.23
1204205507070449 41.26
1204205507130304 41.26
1204205507190159 41.26
1204205507250014 41.26
1204205507310872 41.24
1204205507370726 41.24
1204205507430579 41.19
1204205507490436 41.15
1204205507550291 41.11
1204205507610146 41.08
1204205507670000 41.06
1204205507730856 41.06
1204205507790711 41.06
1204205507850566 41.06
1204205507910420 41.04
1204205507970277 41.02
1204205508030132 41.02
1204205508090986 41.04
1204205508150842 41.06
1204205508210695 41.08
1204205508270550 41.15
1204205508290448 41.19
1204205508340380 41.26
1204205508400237 41.32
1204205508460102 41.39
1204205508520944 41.41
1204205508580800 41.41
1204205508640655 41.41
1204205508700508 41.41
1204205508760363 41.39
1204205508820219 41.37
1204205508880074 41.34
1204205508940930 41.26
1204205509000785 41.21
1204205509060697 41.21
1204205509120494 41.19
1204205509180351 41.17
1204205509240206 41.15
1204205509300059 41.11
1204205509360913 41.1
1204205509420770 41.08
1204205509480626 41.06
1204205509540479 41.08
1204205509600334 41.11
1204205509660203 41.15
1204205509720045 41.23
1204205509780903 41.32
1204205509840754 41.34
1204205509900609 41.36
1204205509960462 41.37
1204205600020573 41.37
1204205600080428 41.39
1204205600140283 41.39
1204205600200137 41.37
1204205600260995 41.36
1204205600320848 41.34
1204205600380703 41.3
1204205600440559 41.3
1204205600500414 41.3
1204205600560269 41.3
1204205600620126 41.28
1204205600680977 41.26
1204205600740832 41.26
1204205600800689 41.23
1204205600860544 41.23
1204205600920399 41.23
1204205600980253 41.23
1204205601040106 41.26
1204205601100962 41.26
1204205601160821 41.32
1204205601220676 41.32
1204205601280526 41.34
1204205601300427 41.34
1204205601350359 41.36
1204205601410215 41.36
1204205601470069 41.36
1204205601530925 41.36
1204205601590778 41.36
1204205601650632 41.34
1204205601710489 41.3
1204205601770343 41.26
1204205601830199 41.24
1204205601890052 41.24
1204205601950922 41.23
1204205602010764 41.21
1204205602070619 41.21
1204205602130474 41.21
1204205602190325 41.19
1204205602250181 41.19
1204205602310036 41.19
1204205602370892 41.19
1204205602430749 41.21
1204205602490602 41.24
1204205602550460 41.28
1204205602610313 41.3
1204205602670166 41.3
1204205602730024 41.32
1204205602790880 41.32
1204205602850733 41.3
1204205602910588 41.3
1204205602970446 41.28
1204205603030295 41.26
1204205603090152 41.24
1204205603150007 41.21
1204205603210863 41.17
1204205603270717 41.17
1204205603330572 41.15
1204205603390427 41.15
1204205603450282 41.15
1204205603510137 41.15
1204205603570993 41.11
1204205603630844 41.1
1204205603690700 41.1
1204205603750555 41.1
1204205603810413 41.11
1204205603870264 41.13
1204205603930121 41.15
1204205603990977 41.17
1204205604050832 41.17
1204205604110684 41.19
1204205604170541 41.21
1204205604230396 41.21
1204205604290250 41.19
1204205604310494 41.19
1204205604360079 41.19
1204205604420937 41.15
1204205604480790 41.13
1204205604540646 41.1
1204205604600499 41.1
1204205604660356 41.06
1204205604720211 41.04
1204205604780067 41.04
1204205604840923 41.02
1204205604900780 41
1204205604960633 40.96
1204205605020490 40.95
1204205605080344 40.95
1204205605140199 40.95
1204205605200054 40.95
1204205605260907 40.98
1204205605320762 40.98
1204205605380619 41.02
1204205605440470 41.04
1204205605500326 41.06
1204205605560181 41.06
1204205605620036 41.06
1204205605680891 41.06
1204205605740746 41.08
1204205605800601 41.06
1204205605860456 41.06
1204205605920313 41.02
1204205605980164 40.98
1204205606040021 40.96
1204205606100880 40.95
1204205606160735 40.95
1204205606220588 40.95
1204205606280440 40.91
1204205606340295 40.91
1204205606400150 40.89
1204205606460001 40.87
1204205606520859 40.85
1204205606580713 40.87
1204205606640570 40.89
1204205606700425 40.91
1204205606760278 40.98
1204205606820134 41.06
1204205606880990 41.11
1204205606940845 41.17
1204205607000700 41.23
1204205607060554 41.23
1204205607120409 41.21
1204205607180264 41.21
1204205607240119 41.17
1204205607300973 41.13
1204205607320874 41.11
1204205607370805 41.04
1204205607430662 41.02
1204205607490519 41
1204205607550370 40.98
1204205607610225 40.96
1204205607670081 40.96
1204205607730939 40.95
1204205607790790 40.91
1204205607850700 40.83
1204205607910499 40.83
1204205607970353 40.83
1204205608030208 40.85
1204205608090064 40.89
1204205608150922 40.96
1204205608210779 41
1204205608270628 41.06
1204205608330483 41.11
1204205608390339 41.11
1204205608450237 41.11
1204205608510047 41.11
1204205608570903 41.11
1204205608630758 41.11
1204205608690614 41.08
1204205608750469 41.04
1204205608810326 40.95
1204205608870176 40.93
1204205608930033 40.89
1204205608990889 40.85
1204205609050799 40.82
1204205609110600 40.78
1204205609170453 40.76
1204205609230308 40.72
1204205609290165 40.7
1204205609350018 40.7
1204205609410872 40.72
1204205609470727 40.72
1204205609530582 40.76
1204205609590438 40.85
1204205609650352 40.91
1204205609710150 40.95
1204205609770003 40.96
1204205609830857 40.98
1204205609890713 40.98
1204205609950582 40.96
1204205700010677 40.98
1204205700070536 40.95
1204205700130385 40.93
1204205700190242 40.89
1204205700250154 40.85
1204205700310952 40.83
1204205700330853 40.83
1204205700380787 40.82
1204205700440643 40.82
1204205700500492 40.8
1204205700560349 40.78
1204205700620202 40.72
1204205700680059 40.7
1204205700740911 40.69
1204205700800768 40.7
1204205700860622 40.72
1204205700920477 40.76
1204205700980336 40.82
1204205701040185 40.93
1204205701100044 40.96
1204205701160901 41
1204205701220754 41.02
1204205701280609 41.02
1204205701340464 41.02
1204205701400319 41.02
1204205701460175 41
1204205701520029 41
1204205701580881 40.98
1204205701640873 40.93
1204205701700591 40.91
1204205701760447 40.89
1204205701820300 40.87
1204205701880155 40.85
1204205701940011 40.83
1204205702000870 40.82
1204205702060722 40.8
1204205702120577 40.78
1204205702180430 40.8
1204205702240451 40.82
1204205702300144 40.82
1204205702360997 40.85
1204205702420850 40.93
1204205702480707 41.02
1204205702540560 41.08
1204205702600416 41.11
1204205702660271 41.15
1204205702720122 41.13
1204205702780978 41.13
1204205702840849 41.11
1204205702900690 41.11
1204205702960544 41.1
1204205703020401 41.04
1204205703080256 40.96
1204205703140113 40.95
1204205703200966 40.91
1204205703260819 40.89
1204205703320672 40.87
1204205703340578 40.85
1204205703390506 40.85
1204205703450361 40.85
1204205703510215 40.83
1204205703570070 40.85
1204205703630926 40.83
1204205703690779 40.87
1204205703750636 40.91
1204205703810491 40.98
1204205703870342 41.1
1204205703930199 41.15
1204205703990053 41.19
1204205704050909 41.19
1204205704110764 41.19
1204205704170617 41.19
1204205704230474 41.17
1204205704290329 41.15
1204205704350183 41.13
1204205704410038 41.1
1204205704470896 41.02
1204205704530750 40.98
1204205704590606 40.96
1204205704650460 40.91
1204205704710313 40.89
1204205704770166 40.87
1204205704830024 40.83
1204205704890880 40.8
1204205704950749 40.78
1204205705010589 40.76
1204205705070444 40.76
1204205705130299 40.76
1204205705190154 40.8
1204205705250011 40.82
1204205705310861 40.87
1204205705370718 40.89
1204205705430573 40.91
1204205705490429 40.91
1204205705550283 40.91
1204205705610137 40.91
1204205705670991 40.93
1204205705730849 40.91
1204205705790704 40.91
1204205705850557 40.89
1204205705910412 40.85
1204205705970267 40.85
1204205706030121 40.87
1204205706090979 40.85
1204205706150832 40.83
1204205706210691 40.82
1204205706270544 40.78
1204205706330397 40.72
1204205706350703 40.69
1204205706400227 40.67
1204205706460082 40.65
1204205706520938 40.65
1204205706580794 40.65
1204205706640647 40.67
1204205706700502 40.69
1204205706760355 40.67
1204205706820214 40.7
1204205706880068 40.72
1204205706940922 40.72
1204205707000777 40.72
1204205707060633 40.72
1204205707120492 40.74
1204205707180343 40.72
1204205707240196 40.72
1204205707300053 40.7
1204205707360910 40.7
1204205707420765 40.7
1204205707480614 40.67
1204205707540470 40.67
1204205707600325 40.67
1204205707660178 40.61
1204205707720035 40.56
1204205707780893 40.54
1204205707840748 40.54
1204205707900604 40.54
1204205707960453 40.57
1204205708020308 40.59
1204205708080166 40.65
1204205708140022 40.7
1204205708200880 40.74
1204205708260732 40.76
1204205708320587 40.76
1204205708380440 40.76
1204205708440298 40.78
1204205708500151 40.76
1204205708560006 40.76
1204205708620862 40.76
1204205708680719 40.74
1204205708740571 40.72
1204205708800428 40.7
1204205708860277 40.67
1204205708920134 40.67
1204205708980990 40.65
1204205709040842 40.61
1204205709100697 40.57
1204205709160558 40.5
1204205709220411 40.5
1204205709280267 40.5
1204205709340118 40.52
1204205709360020 40.52
1204205709410949 40.52
1204205709470803 40.59
1204205709530660 40.67
1204205709590515 40.72
1204205709650370 40.8
1204205709710229 40.82
1204205709770084 40.82
1204205709830021 40.83
1204205709890795 40.82
1204205709950652 40.8
1204205800010756 40.8
1204205800070613 40.78
1204205800130471 40.74
1204205800190322 40.72
1204205800250177 40.7
1204205800310028 40.69
1204205800370886 40.65
1204205800430751 40.61
1204205800490593 40.59
1204205800550446 40.57
1204205800610302 40.57
1204205800670157 40.61
1204205800730012 40.61
1204205800790870 40.65
1204205800850730 40.74
1204205800910579 40.87
1204205800970440 41
1204205801030303 41.04
1204205801090144 41.06
1204205801150000 41.06
1204205801210856 41.08
1204205801270711 41.06
1204205801330564 41.06
1204205801390420 41.06
1204205801450279 41
1204205801510130 40.91
1204205801570985 40.85
1204205801630858 40.82
1204205801690697 40.78
1204205801750554 40.74
1204205801810405 40.72
1204205801870258 40.72
1204205801930116 40.7
1204205801990968 40.69
1204205802050827 40.7
1204205802110680 40.72
1204205802170538 40.74
1204205802230402 40.78
1204205802290244 40.89
1204205802350099 41.04
1204205802370002 41.06
1204205802420928 41.1
1204205802480785 41.15
1204205802540640 41.15
1204205802600495 41.17
1204205802660349 41.15
1204205802720204 41.15
1204205802780059 41.11
1204205802840912 41.1
1204205802900769 41.04
1204205802960628 40.95
1204205803020479 40.91
1204205803080335 40.85
1204205803140190 40.85
1204205803200043 40.85
1204205803260903 40.82
1204205803320758 40.82
1204205803380609 40.8
1204205803440465 40.8
1204205803500318 40.8
1204205803560173 40.8
1204205803620032 40.82
1204205803680885 40.85
1204205803740736 40.93
1204205803800595 40.96
1204205803860449 41.04
1204205803920302 41.1
1204205803980159 41.11
1204205804040012 41.11
1204205804100866 41.1
1204205804160721 41.1
1204205804220579 41.06
1204205804280434 41.04
1204205804340291 41
1204205804400144 40.96
1204205804460001 40.95
1204205804520857 40.95
1204205804580709 40.91
1204205804640562 40.89
1204205804700416 40.87
1204205804760271 40.87
1204205804820128 40.83
1204205804880984 40.83
1204205804940837 40.85
1204205805000690 40.87
1204205805060546 40.87
1204205805120403 40.91
1204205805180256 40.98
1204205805240115 41
1204205805300970 41.02
1204205805360825 41.02
1204205805380730 41.02
1204205805430655 41.02
1204205805490512 41
1204205805550363 41.02
1204205805610220 41
1204205805670074 40.96
1204205805730932 40.95
1204205805790783 40.91
1204205805850636 40.89
1204205805910493 40.89
1204205805970346 40.89
1204205806030200 40.87
1204205806090057 40.85
1204205806150913 40.83
1204205806210768 40.83
1204205806270625 40.82
1204205806330480 40.82
1204205806390335 40.82
1204205806450187 40.85
1204205806510038 40.87
1204205806570896 40.89
1204205806630751 40.91
1204205806690607 40.91
1204205806750462 40.91
1204205806810318 40.91
1204205806870170 40.91
1204205806930025 40.91
1204205806990882 40.89
1204205807050735 40.87
1204205807110588 40.87
1204205807170449 40.82
1204205807230303 40.78
1204205807290156 40.76
1204205807350019 40.76
1204205807410865 40.76
1204205807470725 40.74
1204205807530576 40.72
1204205807590431 40.72
1204205807650287 40.7
1204205807710142 40.7
1204205807770998 40.7
1204205807830850 40.72
1204205807890704 40.72
1204205807950567 40.76
1204205808010419 40.82
1204205808070274 40.82
1204205808130125 40.83
1204205808190981 40.85
1204205808250834 40.85
1204205808310689 40.85
1204205808370545 40.83
1204205808390448 40.85
1204205808440376 40.83
1204205808500229 40.8
1204205808560084 40.76
1204205808620956 40.7
1204205808680796 40.65
1204205808740655 40.63
1204205808800500 40.61
1204205808860363 40.63
1204205808920211 40.61
1204205808980066 40.61
1204205809040928 40.63
1204205809100775 40.61
1204205809160634 40.65
1204205809220503 40.65
1204205809280343 40.67
1204205809340198 40.69
1204205809400055 40.72
1204205809460913 40.74
1204205809520764 40.72
1204205809580623 40.74
1204205809640479 40.74
1204205809700330 40.7
1204205809760185 40.7
1204205809820050 40.69
1204205809880893 40.67
1204205809940749 40.65
1204205900000608 40.63
1204205900060710 40.61
1204205900120565 40.61
1204205900180420 40.61
1204205900240275 40.61
1204205900300130 40.61
1204205900360985 40.61
1204205900420840 40.59
1204205900480695 40.61
1204205900540550 40.59
1204205900600405 40.59
1204205900660258 40.61
1204205900720121 40.63
1204205900780977 40.63
1204205900840833 40.63
1204205900900683 40.65
1204205900960537 40.65
1204205901020391 40.67
1204205901080246 40.67
1204205901140101 40.67
1204205901200955 40.67
1204205901260811 40.67
1204205901320668 40.65
1204205901380524 40.65
1204205901400427 40.65
1204205901450349 40.61
1204205901510204 40.61
1204205901570058 40.61
1204205901630914 40.59
1204205901690769 40.59
1204205901750627 40.56
1204205901810480 40.56
1204205901870335 40.52
1204205901930191 40.52
1204205901990049 40.5
1204205902050901 40.52
1204205902110760 40.54
1204205902170610 40.57
1204205902230463 40.61
1204205902290322 40.65
1204205902350175 40.69
1204205902410033 40.76
1204205902470889 40.76
1204205902530744 40.78
1204205902590599 40.78
1204205902650454 40.78
1204205902710307 40.76
1204205902770163 40.76
1204205902830016 40.72
1204205902890874 40.7
1204205902950745 40.7
1204205903010580 40.69
1204205903070434 40.69
1204205903130289 40.67
1204205903190146 40.65
1204205903250998 40.59
1204205903310853 40.57
1204205903370709 40.57
1204205903430562 40.57
1204205903490417 40.59
1204205903550282 40.65
1204205903610130 40.67
1204205903670986 40.76
1204205903730845 40.82
1204205903790696 40.85
1204205903850552 40.89
1204205903910403 40.87
1204205903970261 40.89
1204205904030113 40.87
1204205904090971 40.89
1204205904150824 40.87
1204205904210681 40.85
1204205904270535 40.85
1204205904330390 40.83
1204205904390245 40.83
1204205904410150 40.83
1204205904460079 40.82
1204205904520931 40.83
1204205904580790 40.82
1204205904640645 40.82
1204205904700497 40.8
1204205904760354 40.78
1204205904820207 40.78
1204205904880060 40.8
1204205904940916 40.8
1204205905000771 40.8
1204205905060627 40.83
1204205905120480 40.83
1204205905180335 40.83
1204205905240190 40.85
1204205905300045 40.85
1204205905360900 40.83
1204205905420755 40.83
1204205905480611 40.8
1204205905540469 40.74
1204205905600322 40.7
1204205905660174 40.65
1204205905720033 40.63
1204205905780881 40.61
1204205905840736 40.61
1204205905900599 40.63
1204205905960445 40.61
1204205906020308 40.63
1204205906080155 40.61
1204205906140018 40.63
1204205906200868 40.67
1204205906260722 40.69
1204205906320582 40.74
1204205906380438 40.82
1204205906440287 40.93
1204205906500146 41.02
1204205906560998 41.11
1204205906620853 41.11
1204205906680709 41.11
1204205906740564 41.11
1204205906800417 41.1
1204205906860274 41.08
1204205906920127 41.04
1204205906980984 40.98
1204205907040839 40.91
1204205907100692 40.87
1204205907160547 40.85
1204205907220402 40.83
1204205907280262 40.82
1204205907340113 40.83
1204205907400973 40.82
1204205907420874 40.83
1204205907470803 40.82
1204205907530659 40.82
1204205907590512 40.82
1204205907650363 40.83
1204205907710218 40.83
1204205907770073 40.85
1204205907830928 40.87
1204205907890783 40.93
1204205907950658 41
1204205908010507 41.04
1204205908070349 41.04
1204205908130204 41.04
1204205908190057 41.04
1204205908250915 41.02
1204205908310770 41.02
1204205908370627 41
1204205908430478 40.98
1204205908490336 40.96
1204205908550193 40.91
1204205908610040 40.87
1204205908670898 40.83
1204205908730753 40.83
1204205908790611 40.82
1204205908850466 40.82
1204205908910317 40.76
1204205908970176 40.74
1204205909030028 40.72
1204205909090882 40.72
1204205909150737 40.72
1204205909210596 40.74
1204205909270449 40.78
1204205909330306 40.82
1204205909390156 40.83
1204205909450011 40.89
1204205909510867 40.91
1204205909570723 40.91
1204205909630577 40.89
1204205909690431 40.89
1204205909750286 40.89
1204205909810155 40.85
1204205909870998 40.83
1204205909930851 40.8
1204205909990708 40.78
1204300000050817 40.76
1204300000110672 40.76
1204300000170527 40.76
1204300000230380 40.76
1204300000290239 40.74
1204300000350091 40.76
1204300000410947 40.72
1204300000430852 40.72
1204300000480782 40.74
1204300000540635 40.74
1204300000600487 40.76
1204300000660346 40.74
1204300000720197 40.76
1204300000780054 40.78
1204300000840906 40.8
1204300000900765 40.82
1204300000960616 40.8
1204300001020475 40.82
1204300001080327 40.8
1204300001140180 40.8
1204300001200037 40.78
1204300001260891 40.76
1204300001320746 40.76
1204300001380601 40.76
1204300001440457 40.76
1204300001500314 40.74
1204300001560169 40.74
1204300001620024 40.74
1204300001680880 40.74
1204300001740731 40.72
1204300001800583 40.69
1204300001860438 40.67
1204300001920295 40.65
1204300001980149 40.67
1204300002040004 40.65
1204300002100858 40.67
1204300002160717 40.7
1204300002220570 40.72
1204300002280429 40.74
1204300002340283 40.78
1204300002400136 40.78
1204300002460992 40.78
1204300002520847 40.78
1204300002580701 40.78
1204300002640554 40.76
1204300002700409 40.76
1204300002760264 40.76
1204300002820123 40.74
1204300002880979 40.74
1204300002940834 40.74
1204300003000840 40.74
1204300003060539 40.72
1204300003120392 40.69
1204300003180245 40.61
1204300003240100 40.57
1204300003300955 40.57
1204300003360810 40.57
1204300003420665 40.59
1204300003440570 40.59
1204300003490497 40.59
1204300003550371 40.63
1204300003610207 40.69
1204300003670065 40.72
1204300003730920 40.76
1204300003790776 40.78
1204300003850629 40.76
1204300003910484 40.76
1204300003970339 40.76
1204300004030193 40.76
1204300004090052 40.74
1204300004150904 40.72
1204300004210761 40.7
1204300004270612 40.69
1204300004330466 40.69
1204300004390321 40.69
1204300004450176 40.69
1204300004510031 40.67
1204300004570889 40.65
1204300004630740 40.61
1204300004690594 40.61
1204300004750463 40.59
1204300004810304 40.59
1204300004870159 40.61
1204300004930016 40.65
1204300004990871 40.69
1204300005050728 40.72
1204300005110583 40.72
1204300005170438 40.72
1204300005230293 40.72
1204300005290146 40.72
1204300005350006 40.74
1204300005410858 40.72
1204300005470713 40.72
1204300005530566 40.72
1204300005590424 40.7
1204300005650275 40.69
1204300005710130 40.69
1204300005770986 40.67
1204300005830841 40.67
1204300005890695 40.67
1204300005950569 40.65
1204300006010411 40.63
1204300006070258 40.61
1204300006130112 40.59
1204300006190968 40.61
1204300006250827 40.61
1204300006310678 40.61
1204300006370541 40.63
1204300006430389 40.69
1204300006450718 40.7
1204300006500224 40.7
1204300006560076 40.72
1204300006620932 40.72
1204300006680788 40.72
1204300006740644 40.7
1204300006800500 40.7
1204300006860349 40.69
1204300006920204 40.67
1204300006980061 40.65
1204300007040921 40.63
1204300007100768 40.61
1204300007160630 40.63
1204300007220485 40.63
1204300007280340 40.63
1204300007340195 40.63
1204300007400050 40.63
1204300007460899 40.61
1204300007520752 40.61
1204300007580607 40.61
1204300007640462 40.61
1204300007700326 40.63
1204300007760175 40.67
1204300007820028 40.69
1204300007880886 40.72
1204300007940741 40.76
1204300008000598 40.78
1204300008060450 40.8
1204300008120307 40.78
1204300008180162 40.78
1204300008240017 40.78
1204300008300875 40.74
1204300008360725 40.72
1204300008420582 40.7
1204300008480437 40.7
1204300008540292 40.7
1204300008600145 40.7
1204300008660998 40.69
1204300008720857 40.7
1204300008780712 40.7
1204300008840563 40.69
1204300008900419 40.69
1204300008960272 40.67
1204300009020127 40.67
1204300009080983 40.67
1204300009140838 40.67
1204300009200693 40.69
1204300009260547 40.69
1204300009320402 40.69
1204300009380257 40.69
1204300009440116 40.7
1204300009460023 40.7
1204300009510947 40.7
1204300009570802 40.7
1204300009630657 40.7
1204300009690511 40.72
1204300009750378 40.72
1204300009810221 40.7
1204300009870076 40.7
1204300009930930 40.72
1204300009990785 40.72
1204300100050901 40.72
1204300100110752 40.7
1204300100170607 40.7
1204300100230459 40.69
1204300100290314 40.67
1204300100350173 40.65
1204300100410025 40.65
1204300100470881 40.65
1204300100530734 40.65
1204300100590716 40.67
1204300100650457 40.67
1204300100710298 40.67
1204300100770154 40.67
1204300100830007 40.67
1204300100890863 40.67
1204300100950734 40.67
1204300101010573 40.67
1204300101070430 40.65
1204300101130283 40.65
1204300101190154 40.65
1204300101250999 40.63
1204300101310846 40.61
1204300101370709 40.63
1204300101430556 40.61
1204300101490409 40.61
1204300101550278 40.61
1204300101610120 40.61
1204300101670976 40.59
1204300101730831 40.59
1204300101790700 40.57
1204300101850553 40.59
1204300101910395 40.59
1204300101970250 40.61
1204300102030107 40.65
1204300102090961 40.67
1204300102150822 40.67
1204300102210676 40.7
1204300102270529 40.72
1204300102330384 40.72
1204300102390251 40.72
1204300102450100 40.72
1204300102470000 40.72
1204300102520925 40.72
1204300102580780 40.7
1204300102640636 40.7
1204300102700487 40.69
1204300102760342 40.69
1204300102820196 40.69
1204300102880051 40.69
1204300102940907 40.69
1204300103000762 40.69
1204300103060616 40.67
1204300103120473 40.65
1204300103180332 40.63
1204300103240183 40.65
1204300103300038 40.65
1204300103360894 40.65
1204300103420747 40.65
1204300103480601 40.67
1204300103540456 40.69
1204300103600311 40.69
1204300103660170 40.7
1204300103720025 40.7
1204300103780879 40.7
1204300103840734 40.7
1204300103900589 40.7
1204300103960445 40.7
1204300104020300 40.7
1204300104080149 40.69
1204300104140008 40.7
1204300104200865 40.7
1204300104260716 40.69
1204300104320575 40.7
1204300104380429 40.7
1204300104440284 40.7
1204300104500137 40.65
1204300104560989 40.61
1204300104620842 40.59
1204300104680697 40.61
1204300104740553 40.59
1204300104800408 40.61
1204300104860271 40.63
1204300104920120 40.65
1204300104980975 40.69
1204300105040836 40.74
1204300105100687 40.76
1204300105160540 40.76
1204300105220395 40.76
1204300105280251 40.76
1204300105340106 40.76
1204300105400962 40.76
1204300105460819 40.74
1204300105480728 40.74
1204300105530651 40.74
1204300105590506 40.74
1204300105650369 40.74
1204300105710210 40.72
1204300105770066 40.72
1204300105830924 40.7
1204300105890775 40.67
1204300105950648 40.65
1204300106010485 40.65
1204300106070340 40.65
1204300106130195 40.65
1204300106190051 40.65
1204300106250921 40.65
1204300106310758 40.69
1204300106370614 40.69
1204300106430468 40.69
1204300106490326 40.72
1204300106550185 40.74
1204300106610034 40.72
1204300106670890 40.72
1204300106730745 40.72
1204300106790601 40.72
1204300106850468 40.72
1204300106910309 40.72
1204300106970165 40.72
1204300107030020 40.72
1204300107090876 40.72
1204300107150743 40.72
1204300107210584 40.72
1204300107270442 40.7
1204300107330293 40.69
1204300107390148 40.69
1204300107450011 40.7
1204300107510857 40.67
1204300107570713 40.69
1204300107630572 40.7
1204300107690427 40.7
1204300107750294 40.7
1204300107810134 40.72
1204300107870990 40.76
1204300107930847 40.78
1204300107990700 40.78
1204300108050569 40.78
1204300108110409 40.8
1204300108170266 40.78
1204300108230121 40.78
1204300108290977 40.78
1204300108350832 40.76
1204300108410684 40.76
1204300108470539 40.76
1204300108490452 40.74
1204300108540372 40.74
1204300108600223 40.72
1204300108660079 40.72
1204300108720933 40.69
1204300108780872 40.63
1204300108840639 40.61
1204300108900494 40.61
1204300108960350 40.61
1204300109020213 40.63
1204300109080066 40.63
1204300109140916 40.67
1204300109200776 40.7
1204300109260633 40.74
1204300109320486 40.78
1204300109380357 40.78
1204300109440195 40.78
1204300109500050 40.78
1204300109560904 40.8
1204300109620761 40.78
1204300109680613 40.8
1204300109740470 40.78
1204300109800325 40.78
1204300109860178 40.76
1204300109920033 40.76
1204300109980905 40.74
1204300200040998 40.76
1204300200100857 40.74
1204300200160710 40.7
1204300200220562 40.69
1204300200280415 40.67
1204300200340270 40.69
1204300200400125 40.69
1204300200460982 40.69
1204300200520837 40.69
1204300200580708 40.7
1204300200640547 40.72
1204300200700402 40.72
1204300200760258 40.72
1204300200820113 40.72
1204300200880967 40.72
1204300200940822 40.72
1204300201000677 40.72
1204300201060533 40.72
1204300201120386 40.72
1204300201180255 40.72
1204300201240096 40.72
1204300201300953 40.72
1204300201360808 40.7
1204300201420663 40.7
1204300201480519 40.7
1204300201500424 40.69
1204300201550358 40.69
1204300201610200 40.67
1204300201670055 40.67
1204300201730911 40.67
1204300201790764 40.67
1204300201850622 40.69
1204300201910479 40.7
1204300201970334 40.7
1204300202030187 40.72
1204300202090045 40.74
1204300202150912 40.78
1204300202210754 40.78
1204300202270609 40.78
1204300202330462 40.76
1204300202390318 40.78
1204300202450186 40.78
1204300202510028 40.78
1204300202570882 40.76
1204300202630737 40.76
1204300202690590 40.76
1204300202750463 40.74
1204300202810301 40.76
1204300202870160 40.74
1204300202930015 40.74
1204300202990866 40.72
1204300203050733 40.69
1204300203110574 40.69
1204300203170429 40.67
1204300203230284 40.69
1204300203290138 40.69
1204300203350011 40.7
1204300203410855 40.74
1204300203470704 40.76
1204300203530562 40.78
1204300203590415 40.8
1204300203650282 40.8
1204300203710129 40.82
1204300203770981 40.8
1204300203830835 40.8
1204300203890690 40.8
1204300203950565 40.8
1204300204010400 40.8
1204300204070256 40.78
1204300204130111 40.78
1204300204190965 40.76
1204300204250838 40.74
1204300204310679 40.74
1204300204370530 40.7
1204300204430384 40.67
1204300204490243 40.63
1204300204510153 40.63
1204300204560074 40.63
1204300204620922 40.61
1204300204680780 40.65
1204300204740635 40.65
1204300204800488 40.67
1204300204860345 40.72
1204300204920200 40.76
1204300204980054 40.8
1204300205040914 40.82
1204300205100769 40.82
1204300205160624 40.82
1204300205220479 40.82
1204300205280334 40.82
1204300205340183 40.8
1204300205400041 40.78
1204300205460897 40.78
1204300205520750 40.76
1204300205580603 40.76
1204300205640459 40.76
1204300205700318 40.74
1204300205760173 40.74
1204300205820026 40.74
1204300205880880 40.7
1204300205940732 40.69
1204300206000587 40.69
1204300206060447 40.7
1204300206120299 40.72
1204300206180155 40.7
1204300206240012 40.74
1204300206300864 40.76
1204300206360723 40.74
1204300206420574 40.78
1204300206480430 40.78
1204300206540285 40.78
1204300206600140 40.78
1204300206660996 40.78
1204300206720851 40.78
1204300206780702 40.76
1204300206840561 40.74
1204300206900413 40.72
1204300206960268 40.72
1204300207020123 40.7
1204300207080980 40.7
1204300207140835 40.7
1204300207200690 40.7
1204300207260541 40.67
1204300207320396 40.65
1204300207380249 40.67
1204300207440104 40.67
1204300207500960 40.67
1204300207520870 40.67
1204300207570865 40.69
1204300207630650 40.7
1204300207690503 40.76
1204300207750372 40.76
1204300207810213 40.78
1204300207870067 40.8
1204300207930923 40.8
1204300207990778 40.8
1204300208050647 40.8
1204300208110489 40.8
1204300208170355 40.8
1204300208230197 40.76
1204300208290056 40.74
1204300208350920 40.72
1204300208410763 40.7
1204300208470615 40.69
1204300208530474 40.7
1204300208590325 40.69
1204300208650192 40.67
1204300208710035 40.67
1204300208770905 40.65
1204300208830747 40.65
1204300208890602 40.65
1204300208950478 40.67
1204300209010308 40.69
1204300209070169 40.74
1204300209130021 40.8
1204300209190877 40.83
1204300209250745 40.85
1204300209310585 40.87
1204300209370452 40.87
1204300209430295 40.85
1204300209490148 40.87
1204300209550019 40.85
1204300209610862 40.85
1204300209670717 40.85
1204300209730574 40.82
1204300209790429 40.82
1204300209850295 40.8
1204300209910136 40.78
1204300209970005 40.78
1204300300030100 40.76
1204300300090956 40.72
1204300300150828 40.7
1204300300210669 40.7
1204300300270522 40.7
1204300300330377 40.7
1204300300390234 40.74
1204300300450099 40.8
1204300300510942 40.89
1204300300530878 40.93
1204300300580772 41.04
1204300300640627 41.11
1204300300700481 41.15
1204300300760335 41.15
1204300300820190 41.15
1204300300880046 41.15
1204300300940902 41.15
1204300301000753 41.13
1204300301060608 41.1
1204300301120463 41.1
1204300301180321 41.06
1204300301240176 41.06
1204300301300029 41.06
1204300301360885 41.06
1204300301420740 41.06
1204300301480596 41.06
1204300301540449 41.06
1204300301600304 41.04
1204300301660159 41.04
1204300301720015 41.06
1204300301780871 41.06
1204300301840724 41.04
1204300301900579 41.06
1204300301960443 41.1
1204300302020290 41.11
1204300302080141 41.13
1204300302140999 41.11
1204300302200853 41.13
1204300302260710 41.11
1204300302320561 41.13
1204300302380419 41.11
1204300302440272 41.1
1204300302500129 41.08
1204300302560985 41.06
1204300302620840 41.04
1204300302680697 41
1204300302740552 41
1204300302800407 41
1204300302860261 41.02
1204300302920116 41
1204300302980972 41
1204300303040823 40.98
1204300303100682 41
1204300303160533 40.98
1204300303220393 41
1204300303280244 41.02
1204300303340099 41.02
1204300303400953 41.04
1204300303460808 41.08
1204300303520663 41.08
1204300303540575 41.1
1204300303590493 41.08
1204300303650362 41.08
1204300303710204 41.08
1204300303770059 41.08
1204300303830913 41.06
1204300303890768 41.06
1204300303950645 41.04
1204300304010478 41.04
1204300304070334 41.04
1204300304130187 41.04
1204300304190042 41.04
1204300304250912 41.04
1204300304310753 41.04
1204300304370611 41.02
1204300304430466 41.02
1204300304490319 41.02
1204300304550188 41.02
1204300304610029 41.02
1204300304670884 41.02
1204300304730740 41.02
1204300304790595 41.02
1204300304850462 41.04
1204300304910301 41.04
1204300304970156 41.04
1204300305030013 41.02
1204300305090870 41.02
1204300305150737 41.02
1204300305210578 41.02
1204300305270434 41.02
1204300305330290 41
1204300305390146 41
1204300305450014 41
1204300305510857 41
1204300305570708 41.02
1204300305630563 41.02
1204300305690419 41.02
1204300305750288 41.02
1204300305810127 41.02
1204300305870983 41.02
1204300305930838 41.02
1204300305990694 41.02
1204300306050561 41.02
1204300306110402 41.02
1204300306170257 41.02
1204300306230112 41.02
1204300306290969 41.02
1204300306350836 41.02
1204300306410677 41.02
1204300306470532 41.02
1204300306530387 41.02
1204300306550717 41.02
1204300306600217 41.02
1204300306660072 41.02
1204300306720928 41.02
1204300306780784 41.02
1204300306840639 41.02
1204300306900494 41.02
1204300306960437 41
1204300307020205 41
1204300307080058 41.02
1204300307140916 41
1204300307200765 40.98
1204300307260621 40.98
1204300307320479 40.96
1204300307380331 40.96
1204300307440184 40.98
1204300307500039 40.98
1204300307560067 41
1204300307620755 41
1204300307680606 41.04
1204300307740461 41.04
1204300307800315 41.04
1204300307860172 41.02
1204300307920025 41.04
1204300307980881 41.04
1204300308040736 41.04
1204300308100589 41.04
1204300308160458 41.04
1204300308220300 41.04
1204300308280155 41.04
1204300308340010 41.02
1204300308400866 41.02
1204300308460722 41.02
1204300308520579 41
1204300308580432 41
1204300308640284 40.98
1204300308700143 40.95
1204300308760012 40.95
1204300308820853 40.95
1204300308880709 40.95
1204300308940562 40.95
1204300309000414 40.98
1204300309060271 40.96
1204300309120122 40.98
1204300309180983 41
1204300309240836 41.02
1204300309300693 41
1204300309360562 41
1204300309420402 41
1204300309480257 41
1204300309540112 41
1204300309560387 40.98
1204300309610941 40.96
1204300309670796 40.96
1204300309730651 40.96
1204300309790506 40.96
1204300309850374 40.96
1204300309910215 40.96
1204300309970072 40.95
1204300400030181 40.96
1204300400090038 40.95
1204300400150906 40.95
1204300400210747 40.95
1204300400270602 40.95
1204300400330455 40.96
1204300400390309 40.98
1204300400450177 40.98
1204300400510023 41
1204300400570875 41.02
1204300400630730 41.02
1204300400690585 41.02
1204300400750452 41.02
1204300400810294 41.02
1204300400870152 41
1204300400930006 41
1204300400990863 41
1204300401050730 41
1204300401110571 41
1204300401170423 40.98
1204300401230278 40.98
1204300401290137 41
1204300401350000 40.98
1204300401410846 41
1204300401470698 40.98
1204300401530555 40.96
1204300401590410 40.95
1204300401650273 40.93
1204300401710114 40.93
1204300401770971 40.93
1204300401830832 40.95
1204300401890684 40.96
1204300401950566 40.96
1204300402010394 40.96
1204300402070249 40.96
1204300402130104 40.96
1204300402190958 40.96
1204300402250827 40.96
1204300402310668 40.96
1204300402370523 40.96