1205000300930336 39.09
1205000300990191 39.01
1205000301050045 38.99
1205000301110915 38.99
1205000301170760 39.03
1205000301230616 39.03
1205000301290467 39.05
1205000301350320 39.09
1205000301410193 39.12
1205000301470039 39.14
1205000301530891 39.12
1205000301590748 39.1
1205000301650601 39.1
1205000301710734 39.1
1205000301770305 39.09
1205000301830165 39.03
1205000301890020 38.94
1205000301950872 38.88
1205000302010727 38.88
1205000302070583 38.88
1205000302130436 38.88
1205000302190291 38.88
1205000302250146 38.88
1205000302310180 38.94
1205000302370858 38.96
1205000302430716 38.94
1205000302490570 38.94
1205000302550426 38.94
1205000302610285 38.94
1205000302670134 38.94
1205000302730991 38.9
1205000302790842 38.88
1205000302850701 38.9
1205000302910564 38.88
1205000302970406 38.88
1205000303030261 38.92
1205000303090120 38.94
1205000303150970 38.97
1205000303210837 38.99
1205000303230887 39.01
1205000303280655 38.99
1205000303340510 38.99
1205000303400365 38.99
1205000303460221 38.99
1205000303520074 38.97
1205000303580932 38.92
1205000303640791 38.9
1205000303700642 38.92
1205000303760495 38.92
1205000303820350 38.92
1205000303880206 38.96
1205000303940061 39.05
1205000304000919 39.18
1205000304060772 39.18
1205000304120626 39.2
1205000304180481 39.2
1205000304240338 39.18
1205000304300193 39.18
1205000304360045 39.2
1205000304420901 39.2
1205000304480759 39.16
1205000304540616 39.14
1205000304600467 39.16
1205000304660322 39.18
1205000304720177 39.18
1205000304780030 39.22
1205000304840883 39.33
1205000304900740 39.4
1205000304960599 39.42
1205000305020454 39.42
1205000305080304 39.48
1205000305140157 39.51
1205000305200012 39.51
1205000305260872 39.5
1205000305320726 39.48
1205000305380581 39.5
1205000305440436 39.5
1205000305500287 39.53
1205000305560143 39.61
1205000305620999 39.63
1205000305680856 39.64
1205000305740711 39.68
1205000305800570 39.7
1205000305860425 39.7
1205000305920279 39.7
1205000305980128 39.72
1205000306040984 39.72
1205000306100841 39.68
1205000306160700 39.66
1205000306220553 39.7
1205000306240601 39.74
1205000306290379 39.72
1205000306350235 39.72
1205000306410102 39.77
1205000306470942 39.83
1205000306530798 39.85
1205000306590653 39.87
1205000306650506 39.87
1205000306710637 39.87
1205000306770216 39.87
1205000306830077 39.9
1205000306890932 39.9
1205000306950787 39.9
1205000307010642 39.9
1205000307070493 39.96
1205000307130352 39.98
1205000307190203 40
1205000307250061 40.02
1205000307310927 40.07
1205000307370768 40.09
1205000307430624 40.09
1205000307490479 40.09
1205000307550330 40.11
1205000307610197 40.09
1205000307670043 40.09
1205000307730897 40.09
1205000307790752 40.09
1205000307850607 40.07
1205000307910476 40.09
1205000307970318 40.13
1205000308030171 40.15
1205000308090026 40.13
1205000308150880 40.15
1205000308210753 40.22
1205000308270593 40.24
1205000308330446 40.24
1205000308390301 40.24
1205000308450157 40.24
1205000308510012 40.24
1205000308570868 40.24
1205000308630723 40.24
1205000308690576 40.24
1205000308750432 40.24
1205000308810300 40.24
1205000308870148 40.3
1205000308930003 40.3
1205000308990857 40.3
1205000309050707 40.31
1205000309110575 40.31
1205000309170417 40.28
1205000309230270 40.28
1205000309250312 40.3
1205000309300102 40.28
1205000309360958 40.28
1205000309420813 40.24
1205000309480668 40.22
1205000309540524 40.22
1205000309600377 40.24
1205000309660232 40.24
1205000309720091 40.3
1205000309780939 40.35
1205000309840794 40.37
1205000309900649 40.37
1205000309960505 40.37
1205000400020615 40.39
1205000400080470 40.37
1205000400140325 40.39
1205000400200180 40.37
1205000400260036 40.35
1205000400320892 40.28
1205000400380749 40.26
1205000400440602 40.28
1205000400500458 40.31
1205000400560311 40.31
1205000400620167 40.31
1205000400680021 40.33
1205000400740876 40.31
1205000400800731 40.31
1205000400860586 40.31
1205000400920441 40.31
1205000400980302 40.3
1205000401040152 40.28
1205000401100005 40.28
1205000401160861 40.24
1205000401220716 40.24
1205000401280572 40.24
1205000401340425 40.24
1205000401400282 40.26
1205000401460409 40.26
1205000401520998 40.3
1205000401580847 40.31
1205000401640706 40.3
1205000401700561 40.3
1205000401760411 40.33
1205000401820264 40.35
1205000401880121 40.33
1205000401940975 40.31
1205000402000830 40.33
1205000402060885 40.33
1205000402120539 40.35
1205000402180394 40.37
1205000402240249 40.41
1205000402260762 40.44
1205000402310259 40.43
1205000402370939 40.44
1205000402430794 40.46
1205000402490645 40.48
1205000402550505 40.46
1205000402610372 40.44
1205000402670213 40.46
1205000402730064 40.41
1205000402790918 40.39
1205000402850776 40.41
1205000402910807 40.43
1205000402970488 40.44
1205000403030343 40.46
1205000403090198 40.54
1205000403150054 40.54
1205000403210922 40.54
1205000403270763 40.54
1205000403330619 40.54
1205000403390470 40.52
1205000403450325 40.52
1205000403510178 40.48
1205000403570034 40.43
1205000403630888 40.39
1205000403690746 40.41
1205000403750598 40.43
1205000403810637 40.44
1205000403870309 40.43
1205000403930168 40.46
1205000403990019 40.52
1205000404050879 40.54
1205000404110902 40.52
1205000404170584 40.52
1205000404230439 40.52
1205000404290298 40.5
1205000404350151 40.5
1205000404410020 40.46
1205000404470863 40.46
1205000404530718 40.46
1205000404590569 40.48
1205000404650428 40.5
1205000404710555 40.5
1205000404770137 40.5
1205000404830989 40.52
1205000404890848 40.54
1205000404950697 40.52
1205000405010552 40.52
1205000405070412 40.54
1205000405130267 40.5
1205000405190122 40.46
1205000405250977 40.46
1205000405270021 40.48
1205000405320808 40.5
1205000405380664 40.5
1205000405440518 40.5
1205000405500368 40.56
1205000405560221 40.59
1205000405620076 40.61
1205000405680933 40.61
1205000405740786 40.61
1205000405800640 40.59
1205000405860496 40.57
1205000405920351 40.57
1205000405980206 40.57
1205000406040061 40.48
1205000406100920 40.44
1205000406160775 40.44
1205000406220632 40.46
1205000406280481 40.48
1205000406340337 40.48
1205000406400192 40.48
1205000406460047 40.48
1205000406520902 40.48
1205000406580757 40.48
1205000406640616 40.5
1205000406700472 40.5
1205000406760325 40.5
1205000406820180 40.5
1205000406880031 40.48
1205000406940887 40.48
1205000407000747 40.5
1205000407060596 40.52
1205000407120451 40.52
1205000407180306 40.52
1205000407240162 40.56
1205000407300013 40.57
1205000407360869 40.57
1205000407420726 40.56
1205000407480581 40.56
1205000407540437 40.56
1205000407600296 40.54
1205000407660145 40.52
1205000407720004 40.5
1205000407780860 40.5
1205000407840715 40.5
1205000407900566 40.52
1205000407960424 40.54
1205000408020279 40.54
1205000408080128 40.57
1205000408140985 40.57
1205000408200840 40.57
1205000408260693 40.57
1205000408280729 40.59
1205000408330525 40.57
1205000408390380 40.59
1205000408450483 40.54
1205000408510090 40.52
1205000408570950 40.54
1205000408630801 40.52
1205000408690657 40.52
1205000408750512 40.52
1205000408810378 40.54
1205000408870219 40.52
1205000408930079 40.54
1205000408990931 40.52
1205000409050962 40.52
1205000409110651 40.52
1205000409170494 40.52
1205000409230354 40.54
1205000409290209 40.5
1205000409350064 40.5
1205000409410091 40.54
1205000409470774 40.54
1205000409530625 40.56
1205000409590480 40.56
1205000409650498 40.65
1205000409710494 40.7
1205000409770051 40.74
1205000409830903 40.72
1205000409890758 40.72
1205000409950613 40.7
1205000500010720 40.67
1205000500070576 40.67
1205000500130436 40.63
1205000500190282 40.61
1205000500250145 40.63
1205000500310182 40.65
1205000500370850 40.67
1205000500430705 40.65
1205000500490559 40.67
1205000500550414 40.67
1205000500610281 40.65
1205000500670130 40.63
1205000500730981 40.65
1205000500790834 40.67
1205000500850695 40.63
1205000500910742 40.63
1205000500970401 40.65
1205000501030258 40.63
1205000501090110 40.65
1205000501150964 40.67
1205000501210983 40.67
1205000501270676 40.65
1205000501290709 40.67
1205000501340507 40.65
1205000501400361 40.65
1205000501460213 40.61
1205000501520066 40.59
1205000501580922 40.59
1205000501640777 40.57
1205000501700638 40.5
1205000501760491 40.44
1205000501820347 40.46
1205000501880198 40.48
1205000501940053 40.48
1205000502000913 40.54
1205000502060761 40.57
1205000502120616 40.59
1205000502180471 40.57
1205000502240326 40.57
1205000502300182 40.57
1205000502360037 40.57
1205000502420891 40.57
1205000502480748 40.56
1205000502540607 40.54
1205000502600461 40.54
1205000502660312 40.56
1205000502720167 40.56
1205000502780026 40.54
1205000502840879 40.56
1205000502900732 40.57
1205000502960587 40.56
1205000503020442 40.52
1205000503080297 40.52
1205000503140152 40.52
1205000503200006 40.48
1205000503260862 40.48
1205000503320719 40.44
1205000503380575 40.44
1205000503440429 40.44
1205000503500287 40.46
1205000503560140 40.5
1205000503620992 40.48
1205000503680851 40.5
1205000503740705 40.54
1205000503800562 40.54
1205000503860411 40.52
1205000503920270 40.5
1205000503980121 40.52
1205000504040976 40.48
1205000504100835 40.5
1205000504160686 40.48
1205000504220541 40.48
1205000504280397 40.48
1205000504300431 40.52
1205000504350231 40.5
1205000504410248 40.5
1205000504470942 40.5
1205000504530795 40.5
1205000504590650 40.5
1205000504650501 40.48
1205000504710655 40.46
1205000504770214 40.44
1205000504830067 40.44
1205000504890920 40.39
1205000504950775 40.37
1205000505010630 40.39
1205000505070483 40.39
1205000505130340 40.41
1205000505190195 40.41
1205000505250053 40.44
1205000505310088 40.46
1205000505370764 40.44
1205000505430615 40.43
1205000505490473 40.44
1205000505550328 40.44
1205000505610384 40.43
1205000505670034 40.43
1205000505730891 40.41
1205000505790744 40.39
1205000505850597 40.39
1205000505910630 40.41
1205000505970309 40.41
1205000506030165 40.41
1205000506090020 40.43
1205000506150876 40.43
1205000506210895 40.39
1205000506270582 40.39
1205000506330438 40.39
1205000506390295 40.41
1205000506450148 40.37
1205000506510001 40.37
1205000506570857 40.37
1205000506630713 40.39
1205000506690568 40.39
1205000506750425 40.43
1205000506810460 40.43
1205000506870133 40.43
1205000506930990 40.43
1205000506990845 40.41
1205000507050698 40.35
1205000507110733 40.33
1205000507170408 40.33
1205000507230266 40.26
1205000507290115 40.15
1205000507310687 40.15
1205000507360950 40.07
1205000507420806 40.09
1205000507480658 40.09
1205000507540513 40.09
1205000507600367 40.11
1205000507660224 40.13
1205000507720079 40.13
1205000507780935 40.18
1205000507840789 40.24
1205000507900644 40.31
1205000507960497 40.37
1205000508020352 40.37
1205000508080205 40.35
1205000508140063 40.31
1205000508200919 40.31
1205000508260780 40.3
1205000508320627 40.28
1205000508380484 40.26
1205000508440338 40.24
1205000508500195 40.26
1205000508560048 40.2
1205000508620907 40.16
1205000508680762 40.16
1205000508740615 40.18
1205000508800472 40.16
1205000508860327 40.16
1205000508920180 40.16
1205000508980036 40.16
1205000509040890 40.18
1205000509100745 40.26
1205000509160598 40.28
1205000509220451 40.28
1205000509280307 40.31
1205000509340160 40.35
1205000509400017 40.33
1205000509460874 40.33
1205000509520727 40.31
1205000509580587 40.3
1205000509640437 40.2
1205000509700290 40.11
1205000509760147 40.09
1205000509820000 40.13
1205000509880857 40.13
1205000509940714 40.18
1205000600000571 40.16
1205000600060680 40.18
1205000600120535 40.18
1205000600180388 40.18
1205000600240239 40.15
1205000600300095 40.15
1205000600320160 40.18
1205000600370925 40.15
1205000600430780 40.15
1205000600490636 40.11
1205000600550493 40.09
1205000600610508 40.09
1205000600670201 40.09
1205000600730054 40.11
1205000600790912 40.09
1205000600850768 40.13
1205000600910812 40.13
1205000600970474 40.11
1205000601030330 40.11
1205000601090185 40.11
1205000601150042 40.09
1205000601210073 40.09
1205000601270751 40.07
1205000601330605 40.03
1205000601390460 40.03
1205000601450315 40.03
1205000601510169 40.05
1205000601570023 40.05
1205000601630882 40.07
1205000601690735 40.11
1205000601750588 40.11
1205000601810625 40.11
1205000601870301 40.13
1205000601930154 40.11
1205000601990011 40.13
1205000602050864 40.11
1205000602110926 40.11
1205000602170574 40.11
1205000602230703 40.11
1205000602290282 40.15
1205000602350144 40.16
1205000602410171 40.16
1205000602470855 40.16
1205000602530710 40.16
1205000602590559 40.15
1205000602650414 40.13
1205000602710612 40.13
1205000602770125 40.13
1205000602830191 40.09
1205000602890832 40.03
1205000602950687 40.03
1205000603010543 40.05
1205000603070398 40.05
1205000603130255 40.09
1205000603190108 40.09
1205000603250965 40.09
1205000603310009 40.09
1205000603330854 40.11
1205000603380650 40.07
1205000603440505 40.07
1205000603500360 40.07
1205000603560215 40.07
1205000603620068 40.09
1205000603680922 40.05
1205000603740778 40.05
1205000603800635 40.07
1205000603860490 40.09
1205000603920345 40.09
1205000603980196 40.11
1205000604040052 40.15
1205000604100912 40.18
1205000604160767 40.18
1205000604220621 40.18
1205000604280474 40.2
1205000604340331 40.22
1205000604400184 40.2
1205000604460041 40.18
1205000604520896 40.18
1205000604580751 40.18
1205000604640606 40.18
1205000604700461 40.18
1205000604760314 40.18
1205000604820170 40.18
1205000604880023 40.2
1205000604940881 40.18
1205000605000738 40.16
1205000605060592 40.16
1205000605120445 40.18
1205000605180302 40.16
1205000605240151 40.15
1205000605300007 40.15
1205000605360867 40.16
1205000605420722 40.16
1205000605480573 40.2
1205000605540430 40.22
1205000605600286 40.22
1205000605660137 40.2
1205000605720995 40.22
1205000605780850 40.22
1205000605840703 40.2
1205000605900558 40.2
1205000605960411 40.2
1205000606020271 40.16
1205000606080120 40.15
1205000606140976 40.15
1205000606200835 40.18
1205000606260691 40.16
1205000606320544 40.18
1205000606340578 40.2
1205000606390373 40.22
1205000606450229 40.22
1205000606510084 40.22
1205000606570940 40.22
1205000606630795 40.22
1205000606690650 40.22
1205000606750505 40.22
1205000606810538 40.2
1205000606870216 40.16
1205000606930065 40.15
1205000606990921 40.15
1205000607050780 40.16
1205000607110818 40.16
1205000607170489 40.18
1205000607230344 40.22
1205000607290197 40.24
1205000607350051 40.24
1205000607410103 40.24
1205000607470762 40.24
1205000607530619 40.22
1205000607590474 40.22
1205000607650326 40.24
1205000607710496 40.22
1205000607770038 40.22
1205000607830893 40.26
1205000607890746 40.28
1205000607950601 40.28
1205000608010462 40.3
1205000608070312 40.31
1205000608130165 40.31
1205000608190020 40.28
1205000608250876 40.28
1205000608310952 40.3
1205000608370588 40.26
1205000608430442 40.22
1205000608490295 40.2
1205000608550152 40.22
1205000608610197 40.22
1205000608670862 40.24
1205000608730719 40.26
1205000608790572 40.26
1205000608850427 40.26
1205000608910477 40.26
1205000608970135 40.28
1205000609030990 40.28
1205000609090845 40.28
1205000609150706 40.3
1205000609210745 40.28
1205000609270411 40.28
1205000609330264 40.28
1205000609350299 40.33
1205000609400101 40.3
1205000609460957 40.3
1205000609520805 40.31
1205000609580660 40.31
1205000609640521 40.3
1205000609700376 40.3
1205000609760225 40.28
1205000609820403 40.28
1205000609880936 40.28
1205000609940792 40.26
1205000700000645 40.28
1205000700060758 40.26
1205000700120610 40.24
1205000700180467 40.26
1205000700240326 40.3
1205000700300175 40.31
1205000700360030 40.33
1205000700420096 40.37
1205000700480737 40.39
1205000700540593 40.39
1205000700600448 40.39
1205000700660301 40.39
1205000700720157 40.39
1205000700780012 40.35
1205000700840870 40.33
1205000700900723 40.31
1205000700960578 40.31
1205000701020662 40.33
1205000701080287 40.35
1205000701140142 40.35
1205000701200999 40.33
1205000701260852 40.37
1205000701320707 40.37
1205000701380564 40.33
1205000701440419 40.33
1205000701500272 40.35
1205000701560126 40.35
1205000701620176 40.33
1205000701680839 40.33
1205000701740693 40.33
1205000701800548 40.33
1205000701860403 40.33
1205000701920256 40.37
1205000701980111 40.37
1205000702040966 40.37
1205000702100821 40.39
1205000702160676 40.37
1205000702220864 40.39
1205000702280385 40.39
1205000702340240 40.37
1205000702360278 40.41
1205000702410263 40.37
1205000702470928 40.35
1205000702530781 40.35
1205000702590636 40.37
1205000702650491 40.37
1205000702710687 40.37
1205000702770200 40.39
1205000702830055 40.39
1205000702890911 40.39
1205000702950768 40.41
1205000703010621 40.39
1205000703070475 40.39
1205000703130332 40.41
1205000703190185 40.39
1205000703250041 40.37
1205000703310130 40.37
1205000703370752 40.41
1205000703430611 40.5
1205000703490463 40.56
1205000703550316 40.56
1205000703610377 40.56
1205000703670025 40.57
1205000703730887 40.54
1205000703790736 40.52
1205000703850595 40.5
1205000703910663 40.46
1205000703970302 40.41
1205000704030155 40.35
1205000704090010 40.33
1205000704150864 40.35
1205000704210925 40.35
1205000704270577 40.43
1205000704330434 40.44
1205000704390287 40.48
1205000704450144 40.5
1205000704510000 40.5
1205000704570856 40.5
1205000704630709 40.5
1205000704690566 40.5
1205000704750420 40.5
1205000704810472 40.44
1205000704870126 40.43
1205000704930982 40.44
1205000704990837 40.44
1205000705050693 40.44
1205000705110753 40.46
1205000705170403 40.44
1205000705230258 40.46
1205000705290111 40.44
1205000705350965 40.43
1205000705370002 40.44
1205000705420797 40.43
1205000705480650 40.43
1205000705540505 40.43
1205000705600361 40.43
1205000705660216 40.41
1205000705720071 40.44
1205000705780931 40.46
1205000705840781 40.48
1205000705900635 40.48
1205000705960495 40.5
1205000706020344 40.52
1205000706080203 40.5
1205000706140054 40.48
1205000706200914 40.5
1205000706260770 40.5
1205000706320619 40.48
1205000706380474 40.48
1205000706440334 40.46
1205000706500189 40.46
1205000706560040 40.44
1205000706620895 40.48
1205000706680750 40.48
1205000706740605 40.48
1205000706800460 40.48
1205000706860317 40.5
1205000706920169 40.48
1205000706980027 40.5
1205000707040880 40.52
1205000707100735 40.52
1205000707160592 40.5
1205000707220443 40.48
1205000707280302 40.5
1205000707340158 40.5
1205000707400009 40.48
1205000707460869 40.5
1205000707520719 40.48
1205000707580574 40.48
1205000707640429 40.48
1205000707700288 40.5
1205000707760137 40.48
1205000707820998 40.5
1205000707880853 40.5
1205000707940708 40.46
1205000708000561 40.44
1205000708060412 40.43
1205000708120267 40.43
1205000708180122 40.43
1205000708240980 40.44
1205000708300837 40.46
1205000708360693 40.46
1205000708380723 40.48
1205000708430522 40.46
1205000708490375 40.44
1205000708550231 40.44
1205000708610098 40.44
1205000708670938 40.43
1205000708730795 40.44
1205000708790648 40.43
1205000708850504 40.43
1205000708910593 40.43
1205000708970214 40.44
1205000709030069 40.44
1205000709090925 40.44
1205000709150783 40.46
1205000709210652 40.46
1205000709270491 40.46
1205000709330345 40.44
1205000709390202 40.46
1205000709450055 40.44
1205000709510907 40.43
1205000709570763 40.41
1205000709630616 40.39
1205000709690471 40.39
1205000709750324 40.39
1205000709810580 40.41
1205000709870037 40.43
1205000709930893 40.43
1205000709990750 40.44
1205000800050860 40.44
1205000800110921 40.41
1205000800170567 40.41
1205000800230423 40.43
1205000800290276 40.43
1205000800350129 40.39
1205000800410393 40.39
1205000800470843 40.41
1205000800530694 40.39
1205000800590549 40.39
1205000800650406 40.41
1205000800710612 40.41
1205000800770115 40.41
1205000800830971 40.43
1205000800890827 40.41
1205000800950680 40.39
1205000801010535 40.39
1205000801070392 40.41
1205000801130245 40.41
1205000801190098 40.39
1205000801250954 40.39
1205000801310039 40.39
1205000801370667 40.43
1205000801390703 40.44
1205000801440496 40.43
1205000801500351 40.43
1205000801560209 40.44
1205000801620062 40.44
1205000801680916 40.43
1205000801740771 40.41
1205000801800626 40.41
1205000801860481 40.43
1205000801920337 40.41
1205000801980190 40.41
1205000802040043 40.39
1205000802100899 40.39
1205000802160757 40.41
1205000802220612 40.41
1205000802280465 40.41
1205000802340320 40.41
1205000802400176 40.43
1205000802460029 40.39
1205000802520883 40.39
1205000802580738 40.39
1205000802640593 40.39
1205000802700448 40.39
1205000802760303 40.37
1205000802820157 40.37
1205000802880014 40.35
1205000802940868 40.37
1205000803000723 40.39
1205000803060580 40.41
1205000803120432 40.39
1205000803180289 40.41
1205000803240146 40.44
1205000803300001 40.44
1205000803360858 40.44
1205000803420710 40.43
1205000803480566 40.44
1205000803540420 40.43
1205000803600275 40.41
1205000803660128 40.41
1205000803720985 40.41
1205000803780840 40.43
1205000803840697 40.46
1205000803900548 40.52
1205000803960404 40.56
1205000804020259 40.56
1205000804080114 40.56
1205000804140968 40.56
1205000804200098 40.54
1205000804260679 40.56
1205000804320538 40.54
1205000804380389 40.48
1205000804400020 40.46
1205000804450221 40.44
1205000804510078 40.46
1205000804570930 40.48
1205000804630789 40.46
1205000804690644 40.46
1205000804750497 40.5
1205000804810562 40.52
1205000804870208 40.5
1205000804930063 40.5
1205000804990918 40.5
1205000805050773 40.5
1205000805110843 40.5
1205000805170483 40.5
1205000805230338 40.5
1205000805290191 40.5
1205000805350043 40.52
1205000805410117 40.56
1205000805470759 40.54
1205000805530612 40.54
1205000805590461 40.57
1205000805650316 40.59
1205000805710500 40.59
1205000805770026 40.57
1205000805830881 40.57
1205000805890738 40.56
1205000805950597 40.54
1205000806010452 40.5
1205000806070301 40.52
1205000806130157 40.52
1205000806190012 40.52
1205000806250868 40.56
1205000806310942 40.57
1205000806370575 40.57
1205000806430430 40.59
1205000806490286 40.59
1205000806550141 40.59
1205000806610242 40.59
1205000806670850 40.57
1205000806730706 40.59
1205000806790562 40.56
1205000806850421 40.54
1205000806910504 40.56
1205000806970126 40.56
1205000807030983 40.56
1205000807090838 40.56
1205000807150689 40.57
1205000807210757 40.57
1205000807270399 40.57
1205000807330255 40.57
1205000807390110 40.57
1205000807410691 40.61
1205000807460940 40.57
1205000807520796 40.57
1205000807580653 40.56
1205000807640506 40.56
1205000807700365 40.54
1205000807760216 40.56
1205000807820072 40.56
1205000807880928 40.56
1205000807940779 40.57
1205000808000634 40.61
1205000808060498 40.63
1205000808120345 40.61
1205000808180200 40.59
1205000808240053 40.59
1205000808300909 40.59
1205000808360764 40.57
1205000808420624 40.54
1205000808480479 40.54
1205000808540331 40.52
1205000808600189 40.54
1205000808660041 40.56
1205000808720895 40.56
1205000808780750 40.56
1205000808840603 40.57
1205000808900458 40.59
1205000808960313 40.57
1205000809020169 40.56
1205000809080022 40.57
1205000809140878 40.57
1205000809200735 40.56
1205000809260591 40.56
1205000809320442 40.57
1205000809380297 40.57
1205000809440153 40.57
1205000809500015 40.63
1205000809560868 40.65
1205000809620719 40.67
1205000809680574 40.67
1205000809740430 40.67
1205000809800285 40.67
1205000809860138 40.67
1205000809920995 40.67
1205000809980850 40.67
1205000900040964 40.65
1205000900100817 40.65
1205000900160670 40.67
1205000900220525 40.67
1205000900280381 40.67
1205000900340234 40.67
1205000900400093 40.7
1205000900420154 40.72
1205000900470925 40.7
1205000900530781 40.7
1205000900590634 40.7
1205000900650485 40.69
1205000900710717 40.7
1205000900770195 40.69
1205000900830052 40.65
1205000900890912 40.63
1205000900950758 40.61
1205000901010621 40.63
1205000901070472 40.65
1205000901130328 40.65
1205000901190458 40.65
1205000901250038 40.7
1205000901310131 40.69
1205000901370745 40.69
1205000901430601 40.69
1205000901490456 40.69
1205000901550309 40.67
1205000901610389 40.67
1205000901670021 40.65
1205000901730875 40.67
1205000901790986 40.67
1205000901850585 40.67
1205000901910661 40.67
1205000901970294 40.67
1205000902030149 40.67
1205000902090004 40.67
1205000902150859 40.67
1205000902210933 40.65
1205000902270571 40.65
1205000902330426 40.65
1205000902390289 40.61
1205000902450137 40.54
1205000902510989 40.52
1205000902570848 40.54
1205000902630702 40.54
1205000902690557 40.54
1205000902750406 40.57
1205000902810486 40.59
1205000902870117 40.59
1205000902930971 40.59
1205000902990826 40.61
1205000903050681 40.61
1205000903110791 40.61
1205000903170392 40.61
1205000903230245 40.61
1205000903290100 40.59
1205000903350957 40.59
1205000903410032 40.59
1205000903430854 40.63
1205000903480641 40.61
1205000903540497 40.61
1205000903600359 40.63
1205000903660209 40.65
1205000903720064 40.65
1205000903780920 40.65
1205000903840775 40.65
1205000903900630 40.65
1205000903960486 40.65
1205000904020339 40.65
1205000904080198 40.63
1205000904140046 40.61
1205000904200902 40.61
1205000904260755 40.59
1205000904320610 40.61
1205000904380465 40.61
1205000904440321 40.61
1205000904500176 40.61
1205000904560031 40.61
1205000904620885 40.59
1205000904680740 40.59
1205000904740603 40.63
1205000904800451 40.61
1205000904860304 40.59
1205000904920159 40.61
1205000904980014 40.61
1205000905040870 40.59
1205000905100733 40.63
1205000905160585 40.65
1205000905220438 40.65
1205000905280291 40.67
1205000905340146 40.69
1205000905400002 40.69
1205000905460856 40.69
1205000905520711 40.67
1205000905580566 40.67
1205000905640424 40.65
1205000905700275 40.61
1205000905760129 40.59
1205000905820985 40.61
1205000905880840 40.61
1205000905940695 40.61
1205000906000556 40.63
1205000906060407 40.65
1205000906120262 40.65
1205000906180116 40.67