1205404908890863 40.56
1205404908950509 40.59
1205404909010363 40.59
1205404909070218 40.59
1205404909130073 40.59
1205404909190961 40.57
1205404909250790 40.54
1205404909310640 40.52
1205404909370495 40.48
1205404909430350 40.48
1205404909490391 40.48
1205404909550061 40.48
1205404909610920 40.46
1205404909670052 40.48
1205404909730625 40.48
1205404909790677 40.52
1205404909850335 40.52
1205404909910194 40.54
1205404909970048 40.54
1205405000030152 40.57
1205405000090197 40.59
1205405000150863 40.59
1205405000210937 40.57
1205405000270799 40.54
1205405000330429 40.52
1205405000390284 40.52
1205405000450143 40.5
1205405000510998 40.5
1205405000570853 40.5
1205405000630708 40.5
1205405000690563 40.5
1205405000750418 40.46
1205405000810271 40.44
1205405000870136 40.41
1205405000930980 40.43
1205405000990833 40.43
1205405001050689 40.41
1205405001110544 40.41
1205405001170399 40.41
1205405001230252 40.37
1205405001290318 40.35
1205405001350964 40.33
1205405001410819 40.33
1205405001470674 40.33
1205405001530528 40.33
1205405001550550 40.33
1205405001600360 40.33
1205405001660213 40.33
1205405001720068 40.33
1205405001780929 40.3
1205405001840779 40.31
1205405001900634 40.31
1205405001960489 40.31
1205405002020350 40.3
1205405002080198 40.28
1205405002140053 40.28
1205405002200911 40.26
1205405002260764 40.24
1205405002320619 40.22
1205405002380472 40.24
1205405002440329 40.22
1205405002500197 40.24
1205405002560040 40.22
1205405002620893 40.24
1205405002680750 40.26
1205405002740605 40.26
1205405002800460 40.26
1205405002860315 40.26
1205405002920166 40.28
1205405002980023 40.26
1205405003040878 40.24
1205405003100733 40.2
1205405003160592 40.16
1205405003220441 40.13
1205405003280296 40.13
1205405003340152 40.13
1205405003400007 40.13
1205405003460863 40.13
1205405003520714 40.15
1205405003580571 40.13
1205405003640427 40.13
1205405003700282 40.13
1205405003760135 40.15
1205405003820991 40.15
1205405003880844 40.15
1205405003940699 40.15
1205405004000570 40.13
1205405004060412 40.13
1205405004120266 40.13
1205405004180122 40.13
1205405004240978 40.13
1205405004300831 40.13
1205405004360686 40.13
1205405004420539 40.15
1205405004480396 40.2
1205405004540252 40.2
1205405004560272 40.24
1205405004610081 40.2
1205405004670940 40.22
1205405004730791 40.24
1205405004790843 40.26
1205405004850503 40.22
1205405004910356 40.2
1205405004970215 40.16
1205405005030064 40.15
1205405005090138 40.13
1205405005150778 40.13
1205405005210858 40.13
1205405005270486 40.13
1205405005330339 40.15
1205405005390417 40.16
1205405005450050 40.24
1205405005510906 40.28
1205405005570761 40.31
1205405005630614 40.35
1205405005690470 40.39
1205405005750322 40.39
1205405005810179 40.33
1205405005870040 40.3
1205405005930893 40.26
1205405005990746 40.28
1205405006050601 40.28
1205405006110456 40.26
1205405006170310 40.28
1205405006230165 40.28
1205405006290229 40.31
1205405006350874 40.33
1205405006410728 40.37
1205405006470583 40.39
1205405006530440 40.43
1205405006590297 40.44
1205405006650148 40.43
1205405006710004 40.41
1205405006770858 40.37
1205405006830713 40.35
1205405006890783 40.35
1205405006950421 40.35
1205405007010278 40.33
1205405007070133 40.33
1205405007130987 40.35
1205405007190031 40.41
1205405007250702 40.44
1205405007310553 40.52
1205405007370406 40.59
1205405007430265 40.65
1205405007490318 40.67
1205405007550977 40.65
1205405007570999 40.65
1205405007620802 40.61
1205405007680657 40.59
1205405007740513 40.59
1205405007800366 40.59
1205405007860457 40.57
1205405007920076 40.57
1205405007980932 40.59
1205405008040788 40.61
1205405008100643 40.69
1205405008160500 40.76
1205405008220358 40.78
1205405008280212 40.78
1205405008340065 40.8
1205405008400924 40.82
1205405008460788 40.78
1205405008520630 40.72
1205405008580483 40.69
1205405008640338 40.67
1205405008700196 40.65
1205405008760053 40.63
1205405008820909 40.63
1205405008880760 40.65
1205405008940615 40.65
1205405009000468 40.67
1205405009060335 40.69
1205405009120181 40.7
1205405009180034 40.72
1205405009240891 40.76
1205405009300744 40.85
1205405009360599 40.83
1205405009420458 40.82
1205405009480309 40.8
1205405009540164 40.8
1205405009600020 40.8
1205405009660876 40.78
1205405009720729 40.76
1205405009780586 40.78
1205405009840441 40.78
1205405009900296 40.78
1205405009960150 40.76
1205405100020258 40.8
1205405100080117 40.82
1205405100140973 40.82
1205405100200829 40.82
1205405100260680 40.8
1205405100320533 40.76
1205405100380392 40.74
1205405100440248 40.74
1205405100500115 40.74
1205405100560957 40.74
1205405100580976 40.76
1205405100630789 40.74
1205405100690638 40.72
1205405100750498 40.74
1205405100810353 40.74
1205405100870207 40.74
1205405100930063 40.74
1205405100990915 40.76
1205405101050770 40.76
1205405101110627 40.74
1205405101170482 40.74
1205405101230338 40.74
1205405101290441 40.72
1205405101350042 40.72
1205405101410898 40.72
1205405101470753 40.72
1205405101530609 40.72
1205405101590468 40.74
1205405101650321 40.82
1205405101710172 40.83
1205405101770028 40.85
1205405101830884 40.85
1205405101890938 40.87
1205405101950594 40.89
1205405102010448 40.89
1205405102070301 40.87
1205405102130156 40.87
1205405102190245 40.87
1205405102250865 40.87
1205405102310723 40.85
1205405102370578 40.85
1205405102430432 40.85
1205405102490493 40.85
1205405102550141 40.85
1205405102610997 40.85
1205405102670852 40.91
1205405102730707 40.91
1205405102790786 40.91
1205405102850422 40.95
1205405102910273 40.96
1205405102970130 40.95
1205405103030980 40.93
1205405103090046 40.93
1205405103150689 40.93
1205405103210780 40.91
1205405103270399 40.87
1205405103330255 40.87
1205405103390312 40.87
1205405103450964 40.87
1205405103510819 40.87
1205405103570676 40.91
1205405103600334 40.93
1205405103640507 40.91
1205405103700361 40.91
1205405103760216 40.91
1205405103820071 40.91
1205405103880927 40.89
1205405103940782 40.85
1205405104000649 40.87
1205405104060489 40.87
1205405104120346 40.85
1205405104180201 40.85
1205405104240056 40.85
1205405104300909 40.87
1205405104360766 40.89
1205405104420621 40.89
1205405104480476 40.89
1205405104540331 40.89
1205405104600185 40.91
1205405104660042 40.89
1205405104720896 40.89
1205405104780750 40.85
1205405104840606 40.85
1205405104900461 40.83
1205405104960316 40.83
1205405105020169 40.83
1205405105080025 40.83
1205405105140881 40.83
1205405105200734 40.87
1205405105260589 40.87
1205405105320444 40.89
1205405105380298 40.87
1205405105440154 40.89
1205405105500022 40.93
1205405105560870 40.95
1205405105620720 40.91
1205405105680575 40.89
1205405105740430 40.89
1205405105800281 40.87
1205405105860139 40.83
1205405105920999 40.82
1205405105980853 40.82
1205405106040705 40.83
1205405106100564 40.82
1205405106160417 40.82
1205405106220268 40.83
1205405106280123 40.85
1205405106340980 40.85
1205405106400835 40.85
1205405106460690 40.85
1205405106520543 40.83
1205405106580402 40.82
1205405106610800 40.82
1205405106650247 40.82
1205405106710087 40.82
1205405106770943 40.82
1205405106830798 40.82
1205405106890896 40.83
1205405106950505 40.85
1205405107010360 40.85
1205405107070211 40.87
1205405107130067 40.87
1205405107190123 40.89
1205405107250780 40.89
1205405107310635 40.89
1205405107370486 40.87
1205405107430344 40.85
1205405107490435 40.85
1205405107550054 40.83
1205405107610908 40.85
1205405107670763 40.85
1205405107730618 40.85
1205405107790694 40.85
1205405107850327 40.87
1205405107910182 40.89
1205405107970037 40.89
1205405108030893 40.89
1205405108090960 40.91
1205405108150604 40.91
1205405108210686 40.91
1205405108270310 40.87
1205405108330165 40.87
1205405108390271 40.87
1205405108450879 40.85
1205405108510732 40.85
1205405108570587 40.85
1205405108630442 40.85
1205405108690297 40.85
1205405108750150 40.87
1205405108810006 40.87
1205405108870860 40.87
1205405108930717 40.83
1205405108990785 40.85
1205405109050427 40.85
1205405109110286 40.82
1205405109170139 40.78
1205405109230996 40.74
1205405109290102 40.76
1205405109350702 40.76
1205405109410561 40.74
1205405109470415 40.74
1205405109530266 40.76
1205405109590332 40.78
1205405109610159 40.78
1205405109660952 40.76
1205405109720809 40.78
1205405109780662 40.8
1205405109840521 40.82
1205405109900373 40.8
1205405109960230 40.82
1205405200020338 40.8
1205405200080194 40.78
1205405200140050 40.78
1205405200200906 40.78
1205405200260759 40.78
1205405200320614 40.78
1205405200380467 40.76
1205405200440323 40.76
1205405200500182 40.76
1205405200560035 40.78
1205405200620887 40.8
1205405200680746 40.82
1205405200740598 40.85
1205405200800453 40.89
1205405200860306 40.87
1205405200920159 40.87
1205405200980016 40.83
1205405201040873 40.83
1205405201100732 40.82
1205405201160587 40.82
1205405201220440 40.82
1205405201280295 40.82
1205405201340147 40.83
1205405201400002 40.83
1205405201460856 40.85
1205405201520712 40.83
1205405201580567 40.83
1205405201640421 40.85
1205405201700276 40.83
1205405201760132 40.8
1205405201820988 40.78
1205405201880841 40.76
1205405201940696 40.76
1205405202000589 40.74
1205405202060409 40.74
1205405202120264 40.74
1205405202180119 40.74
1205405202240975 40.74
1205405202300830 40.74
1205405202360682 40.76
1205405202420537 40.76
1205405202480392 40.78
1205405202540246 40.8
1205405202600100 40.8
1205405202620126 40.82
1205405202670933 40.78
1205405202730786 40.76
1205405202790860 40.76
1205405202850498 40.78
1205405202910351 40.76
1205405202970204 40.76
1205405203030060 40.76
1205405203090153 40.76
1205405203150771 40.76
1205405203210865 40.76
1205405203270480 40.76
1205405203330337 40.78
1205405203390415 40.78
1205405203450047 40.78
1205405203510902 40.76
1205405203570755 40.76
1205405203630610 40.72
1205405203690465 40.72
1205405203750320 40.72
1205405203810175 40.72
1205405203870032 40.7
1205405203930884 40.72
1205405204000006 40.74
1205405204050599 40.74
1205405204110454 40.74
1205405204170309 40.74
1205405204230160 40.76
1205405204290238 40.76
1205405204350870 40.76
1205405204410725 40.76
1205405204470584 40.74
1205405204530435 40.72
1205405204590537 40.72
1205405204650144 40.72
1205405204720000 40.72
1205405204770857 40.7
1205405204830712 40.7
1205405204890800 40.7
1205405204950420 40.7
1205405205010274 40.72
1205405205070129 40.72
1205405205130986 40.7
1205405205190060 40.72
1205405205250694 40.72
1205405205310551 40.7
1205405205370402 40.69
1205405205430257 40.69
1205405205500376 40.69
1205405205550966 40.67
1205405205610822 40.69
1205405205630848 40.7
1205405205680653 40.69
1205405205740506 40.69
1205405205800361 40.69
1205405205860216 40.69
1205405205920072 40.69
1205405205980926 40.69
1205405206040785 40.7
1205405206100637 40.69
1205405206160492 40.67
1205405206220349 40.65
1205405206280202 40.65
1205405206340061 40.63
1205405206400913 40.65
1205405206460765 40.61
1205405206520626 40.63
1205405206580479 40.65
1205405206640331 40.67
1205405206700185 40.67
1205405206760042 40.65
1205405206820896 40.67
1205405206880751 40.69
1205405206940605 40.69
1205405207000474 40.67
1205405207060318 40.65
1205405207120171 40.65
1205405207180026 40.65
1205405207240883 40.65
1205405207300742 40.63
1205405207360597 40.63
1205405207420452 40.63
1205405207480301 40.65
1205405207540156 40.65
1205405207600012 40.65
1205405207660868 40.65
1205405207720721 40.67
1205405207780580 40.7
1205405207840433 40.7
1205405207900286 40.65
1205405207960137 40.59
1205405208020994 40.57
1205405208080851 40.56
1205405208140709 40.54
1205405208200559 40.52
1205405208260418 40.5
1205405208320272 40.5
1205405208380129 40.5
1205405208440983 40.5
1205405208500848 40.52
1205405208560690 40.52
1205405208620543 40.56
1205405208640577 40.57
1205405208690373 40.57
1205405208750228 40.57
1205405208810083 40.56
1205405208870939 40.56
1205405208930792 40.59
1205405208990862 40.59
1205405209050510 40.63
1205405209110358 40.67
1205405209170215 40.67
1205405209230068 40.67
1205405209300181 40.67
1205405209350781 40.65
1205405209410633 40.61
1205405209470486 40.59
1205405209530341 40.57
1205405209590415 40.56
1205405209650057 40.5
1205405209710910 40.43
1205405209770761 40.39
1205405209830618 40.41
1205405209890698 40.39
1205405209950329 40.41
1205405300010439 40.43
1205405300070294 40.44
1205405300130147 40.52
1205405300200257 40.57
1205405300250857 40.61
1205405300310714 40.67
1205405300370573 40.7
1205405300430424 40.72
1205405300490512 40.7
1205405300550133 40.69
1205405300610991 40.65
1205405300670842 40.61
1205405300730696 40.59
1205405300790769 40.56
1205405300850407 40.52
1205405300910265 40.44
1205405300970118 40.41
1205405301040270 40.48
1205405301090827 40.56
1205405301150689 40.63
1205405301210771 40.72
1205405301270394 40.8
1205405301330249 40.83
1205405301390330 40.83
1205405301450960 40.83
1205405301510819 40.82
1205405301570670 40.8
1205405301630748 40.76
1205405301650548 40.78
1205405301700359 40.74
1205405301760215 40.74
1205405301820067 40.74
1205405301880920 40.72
1205405301940779 40.74
1205405302000654 40.74
1205405302060487 40.74
1205405302120339 40.72
1205405302180194 40.72
1205405302240051 40.7
1205405302300901 40.69
1205405302360756 40.67
1205405302420612 40.67
1205405302480469 40.65
1205405302540326 40.63
1205405302600182 40.63
1205405302660037 40.63
1205405302720893 40.63
1205405302780748 40.63
1205405302840603 40.63
1205405302900452 40.67
1205405302960305 40.67
1205405303020161 40.67
1205405303080016 40.67
1205405303140872 40.67
1205405303200727 40.65
1205405303260587 40.63
1205405303320442 40.63
1205405303380297 40.63
1205405303440152 40.63
1205405303500189 40.63
1205405303560857 40.65
1205405303620711 40.69
1205405303680566 40.69
1205405303740421 40.69
1205405303800278 40.7
1205405303860132 40.72
1205405303920988 40.72
1205405303980845 40.7
1205405304040696 40.67
1205405304100551 40.65
1205405304160406 40.65
1205405304220265 40.63
1205405304280121 40.63
1205405304340977 40.63
1205405304400822 40.61
1205405304460685 40.63
1205405304520536 40.65
1205405304580391 40.65
1205405304640247 40.65
1205405304660269 40.65
1205405304710074 40.69
1205405304770931 40.69
1205405304830786 40.67
1205405304900889 40.63
1205405304950492 40.61
1205405305010348 40.61
1205405305070203 40.61
1205405305130058 40.59
1205405305190146 40.61
1205405305250767 40.59
1205405305310623 40.61
1205405305370477 40.61
1205405305430340 40.63
1205405305500447 40.65
1205405305550051 40.63
1205405305610901 40.65
1205405305670756 40.65
1205405305730611 40.65
1205405305800725 40.65
1205405305850322 40.65
1205405305910173 40.67
1205405305970030 40.65
1205405306030886 40.65
1205405306100976 40.65
1205405306150594 40.67
1205405306220690 40.69
1205405306270303 40.67
1205405306330159 40.67
1205405306400256 40.67
1205405306450870 40.67
1205405306510723 40.67
1205405306570580 40.65
1205405306630432 40.61
1205405306690286 40.59
1205405306750142 40.57
1205405306810996 40.57
1205405306870851 40.59
1205405306930706 40.57
1205405306990788 40.57
1205405307050422 40.63
1205405307110272 40.67
1205405307170127 40.67
1205405307230983 40.69
1205405307290838 40.69
1205405307350692 40.69
1205405307410547 40.69
1205405307470402 40.67
1205405307530255 40.61
1205405307590337 40.59
1205405307650967 40.59
1205405307670995 40.63
1205405307720796 40.59
1205405307780651 40.59
1205405307840507 40.59
1205405307900360 40.59
1205405307960216 40.61
1205405308020070 40.61
1205405308080934 40.63
1205405308140789 40.63
1205405308200642 40.63
1205405308260494 40.65
1205405308320349 40.65
1205405308380208 40.63
1205405308440055 40.61
1205405308500937 40.63
1205405308560764 40.61
1205405308620620 40.61
1205405308680475 40.61
1205405308740330 40.61
1205405308800185 40.61
1205405308860039 40.61
1205405308920895 40.61
1205405308980750 40.59
1205405309040605 40.61
1205405309100460 40.61
1205405309160315 40.61
1205405309230485 40.61
1205405309280024 40.61
1205405309340880 40.59
1205405309400735 40.59
1205405309460590 40.59
1205405309520443 40.59
1205405309580298 40.59
1205405309640158 40.65
1205405309700011 40.67
1205405309760867 40.67
1205405309830957 40.7
1205405309880580 40.7
1205405309940433 40.72
1205405400000563 40.72
1205405400060399 40.72
1205405400120254 40.7
1205405400180105 40.67
1205405400240962 40.67
1205405400300815 40.67
1205405400360672 40.65
1205405400420541 40.65
1205405400480382 40.65
1205405400540235 40.67
1205405400600090 40.69
1205405400660946 40.69
1205405400680968 40.69
1205405400730780 40.7
1205405400800893 40.72
1205405400850488 40.72
1205405400910342 40.69
1205405400970195 40.69
1205405401030050 40.67
1205405401100157 40.67
1205405401150761 40.69
1205405401220853 40.69
1205405401270470 40.67
1205405401330325 40.69
1205405401390184 40.7
1205405401450036 40.69
1205405401510890 40.69
1205405401570749 40.7
1205405401630604 40.7
1205405401690459 40.7
1205405401750310 40.69
1205405401810161 40.61
1205405401870019 40.56
1205405401930875 40.56
1205405402000992 40.56
1205405402050589 40.54
1205405402110439 40.56
1205405402170294 40.56
1205405402230147 40.57
1205405402290002 40.57
1205405402350858 40.57
1205405402410711 40.59
1205405402470567 40.61
1205405402530422 40.61
1205405402590277 40.61
1205405402650132 40.61
1205405402710986 40.59
1205405402770842 40.57
1205405402830697 40.57
1205405402900798 40.57
1205405402950408 40.59
1205405403010261 40.57
1205405403070116 40.57
1205405403130972 40.59
1205405403200072 40.57
1205405403250682 40.57
1205405403310535 40.59
1205405403370398 40.63
1205405403430246 40.61
1205405403500355 40.59
1205405403550957 40.59
1205405403610810 40.57
1205405403670665 40.57
1205405403690688 40.61
1205405403740497 40.57
1205405403800352 40.57
1205405403860205 40.57
1205405403920061 40.57
1205405403980917 40.59
1205405404040780 40.63
1205405404100633 40.63
1205405404160485 40.65
1205405404220340 40.65
1205405404280195 40.65
1205405404340054 40.63
1205405404400900 40.59
1205405404460756 40.61
1205405404520611 40.61
1205405404580466 40.61
1205405404640321 40.59
1205405404700176 40.59
1205405404760029 40.59
1205405404820886 40.59
1205405404880741 40.59
1205405404940596 40.61
1205405405000477 40.61
1205405405060305 40.61
1205405405120160 40.61
1205405405180015 40.61
1205405405240869 40.61
1205405405300725 40.59
1205405405360580 40.59
1205405405420435 40.59
1205405405480291 40.59
1205405405540146 40.59
1205405405610000 40.59
1205405405660855 40.59
1205405405720710 40.59
1205405405780565 40.59
1205405405840428 40.63
1205405405900275 40.67
1205405405960132 40.72
1205405406020989 40.72
1205405406080846 40.7
1205405406140697 40.67
1205405406200556 40.63
1205405406260403 40.57
1205405406320259 40.57
1205405406380116 40.56
1205405406440974 40.54
1205405406510124 40.52
1205405406560681 40.52
1205405406620540 40.54
1205405406680391 40.56
1205405406710120 40.56
1205405406750219 40.57
1205405406810082 40.63
1205405406870932 40.69
1205405406930791 40.7
1205405407000882 40.69
1205405407050496 40.67
1205405407110351 40.67
1205405407170206 40.67
1205405407230063 40.65
1205405407290917 40.65
1205405407350772 40.65
1205405407420917 40.63
1205405407470483 40.65
1205405407530342 40.63
1205405407600433 40.65
1205405407650050 40.63
1205405407710903 40.65
1205405407770758 40.65
1205405407830609 40.61
1205405407900722 40.59
1205405407950317 40.59
1205405408020404 40.59
1205405408070028 40.59
1205405408130882 40.59
1205405408200997 40.61
1205405408250593 40.61
1205405408310448 40.61
1205405408370310 40.63
1205405408430162 40.65
1205405408490015 40.67
1205405408550873 40.65
1205405408610746 40.65
1205405408670585 40.63
1205405408730433 40.61
1205405408790290 40.56
1205405408850143 40.56
1205405408910999 40.56
1205405408970854 40.56
1205405409030714 40.54
1205405409090565 40.56
1205405409150418 40.56
1205405409220520 40.56
1205405409270128 40.56
1205405409330983 40.57
1205405409400079 40.57
1205405409450691 40.57
1205405409510547 40.57
1205405409570402 40.57
1205405409630257 40.56
1205405409690116 40.54
1205405409710162 40.56
1205405409760948 40.54
1205405409820804 40.54
1205405409880655 40.56
1205405409940512 40.54
1205405500000649 40.56
1205405500060474 40.56
1205405500120330 40.56
1205405500180183 40.57
1205405500240038 40.56
1205405500300894 40.56
1205405500360749 40.56
1205405500420603 40.56
1205405500480462 40.54
1205405500540317 40.54
1205405500600168 40.56
1205405500660027 40.54
1205405500720883 40.54
1205405500780736 40.54
1205405500840592 40.54
1205405500900443 40.56
1205405500960298 40.56
1205405501020151 40.56
1205405501080006 40.56
1205405501140867 40.54
1205405501200718 40.56
1205405501260573 40.56
1205405501320430 40.54
1205405501380285 40.54
1205405501440141 40.54
1205405501500174 40.52
1205405501560848 40.52
1205405501620702 40.52
1205405501680557 40.52
1205405501740412 40.52
1205405501800267 40.52
1205405501860126 40.54
1205405501920977 40.56
1205405501980832 40.56
1205405502040687 40.56
1205405502100542 40.56
1205405502160396 40.56
1205405502220251 40.56
1205405502280110 40.54
1205405502340966 40.54
1205405502400821 40.54
1205405502460676 40.54
1205405502520525 40.52
1205405502580385 40.54
1205405502640237 40.52
1205405502700105 40.52
1205405502720125 40.56
1205405502770926 40.54
1205405502830777 40.52
1205405502900888 40.54
1205405502950492 40.54
1205405503010341 40.52
1205405503070196 40.52
1205405503130056 40.5
1205405503200164 40.48
1205405503250761 40.48
1205405503310616 40.48
1205405503370471 40.48
1205405503430327 40.48
1205405503490182 40.48
1205405503550035 40.52
1205405503610891 40.52
1205405503670751 40.54
1205405503730601 40.52
1205405503800720 40.54
1205405503850314 40.54
1205405503910165 40.52
1205405503970024 40.5
1205405504030881 40.5
1205405504100988 40.5
1205405504150589 40.5
1205405504220693 40.5
1205405504270296 40.52
1205405504330149 40.52
1205405504390004 40.56
1205405504450858 40.57
1205405504510713 40.59
1205405504570572 40.65
1205405504630432 40.63
1205405504690279 40.67
1205405504750136 40.65
1205405504810992 40.65
1205405504870851 40.63
1205405504930698 40.61
1205405504990553 40.61
1205405505050407 40.59
1205405505110262 40.59
1205405505170117 40.59
1205405505230974 40.61
1205405505290828 40.61
1205405505350689 40.63
1205405505410541 40.65
1205405505470394 40.67
1205405505530249 40.67
1205405505600364 40.67
1205405505650960 40.65
1205405505710820 40.63
1205405505730838 40.65
1205405505780643 40.59
1205405505840496 40.59
1205405505900353 40.59
1205405505960206 40.59
1205405506020062 40.59
1205405506080918 40.59
1205405506140773 40.59
1205405506200636 40.63
1205405506260489 40.63
1205405506320344 40.63
1205405506380193 40.67
1205405506440049 40.67
1205405506510086 40.67
1205405506560758 40.67
1205405506620613 40.67
1205405506680471 40.65
1205405506740326 40.65
1205405506810369 40.65
1205405506860035 40.65
1205405506920891 40.65
1205405506980746 40.65
1205405507040597 40.67
1205405507100452 40.69
1205405507160307 40.69
1205405507220163 40.69
1205405507280022 40.7
1205405507340878 40.7
1205405507410929 40.7
1205405507460582 40.67
1205405507520440 40.65
1205405507580295 40.65
1205405507640150 40.65
1205405507700023 40.63
1205405507760864 40.63
1205405507820715 40.65
1205405507880568 40.67
1205405507940423 40.67
1205405508010648 40.69
1205405508060134 40.72
1205405508120990 40.72
1205405508180845 40.72
1205405508240701 40.7
1205405508300556 40.7
1205405508360409 40.65
1205405508420264 40.65
1205405508480117 40.67
1205405508540973 40.65
1205405508600828 40.65
1205405508660684 40.65
1205405508720537 40.67
1205405508740559 40.69
1205405508790367 40.69
1205405508850221 40.69
1205405508910080 40.7
1205405508970934 40.72
1205405509030794 40.74
1205405509090647 40.74
1205405509150502 40.74
1205405509220605 40.7
1205405509270207 40.69
1205405509330066 40.7
1205405509400177 40.7
1205405509450771 40.69
1205405509510630 40.7
1205405509570485 40.7
1205405509630338 40.72
1205405509690193 40.72
1205405509750052 40.74
1205405509810907 40.74
1205405509870758 40.76
1205405509930613 40.8
1205405600000730 40.76
1205405600050580 40.76
1205405600110432 40.76
1205405600170291 40.74
1205405600230143 40.76
1205405600290002 40.74
1205405600350858 40.74
1205405600410711 40.74
1205405600470566 40.74
1205405600530417 40.72
1205405600590276 40.74
1205405600650132 40.74
1205405600710986 40.74
1205405600770837 40.76
1205405600830693 40.76
1205405600890551 40.74
1205405600950403 40.72
1205405601010256 40.72
1205405601070111 40.72
1205405601130969 40.7
1205405601200083 40.72
1205405601250678 40.72
1205405601310531 40.72
1205405601370386 40.72
1205405601430245 40.74
1205405601490100 40.74
1205405601550957 40.74
1205405601610810 40.74
1205405601670665 40.74
1205405601730516 40.72
1205405601750543 40.74
1205405601800380 40.74
1205405601860203 40.7
1205405601920055 40.67
1205405601980911 40.67
1205405602040764 40.67
1205405602100620 40.67
1205405602160477 40.65
1205405602220332 40.65
1205405602280185 40.67
1205405602340040 40.67
1205405602400894 40.67
1205405602460749 40.69
1205405602520608 40.7
1205405602580461 40.72
1205405602640314 40.69
1205405602700182 40.69
1205405602760023 40.67
1205405602820880 40.67
1205405602880735 40.67
1205405602940592 40.65
1205405603010769 40.67
1205405603060298 40.67
1205405603120157 40.7
1205405603180014 40.74
1205405603240867 40.76
1205405603300722 40.78
1205405603360578 40.78
1205405603420432 40.78
1205405603480287 40.78
1205405603540144 40.74
1205405603600999 40.74
1205405603660854 40.74
1205405603720705 40.72
1205405603780560 40.72
1205405603840416 40.72
1205405603900273 40.74
1205405603960124 40.76
1205405604020980 40.76
1205405604080837 40.78
1205405604140690 40.8
1205405604200545 40.83
1205405604260404 40.82
1205405604320258 40.82
1205405604380113 40.82
1205405604440969 40.82
1205405604510005 40.78
1205405604560678 40.78
1205405604620529 40.76
1205405604680384 40.76
1205405604740239 40.76
1205405604760262 40.76
1205405604810073 40.74
1205405604870925 40.76
1205405604930781 40.76
1205405604990647 40.74
1205405605050490 40.78
1205405605110346 40.78
1205405605170201 40.78
1205405605230056 40.78
1205405605290910 40.76
1205405605350764 40.76
1205405605410623 40.74
1205405605470474 40.76
1205405605530333 40.74
1205405605590188 40.74
1205405605650041 40.74
1205405605710898 40.74
1205405605770753 40.74
1205405605830604 40.76
1205405605890464 40.74
1205405605950313 40.76
1205405606010172 40.74
1205405606070027 40.74
1205405606130883 40.74
1205405606190734 40.72
1205405606250590 40.7
1205405606310445 40.7
1205405606370300 40.7
1205405606430155 40.7
1205405606490010 40.7
1205405606550866 40.7
1205405606610718 40.72
1205405606670577 40.74
1205405606730432 40.74
1205405606790283 40.76
1205405606850141 40.74
1205405606910997 40.74
1205405606970852 40.74
1205405607030703 40.72
1205405607090556 40.69
1205405607150410 40.69
1205405607220523 40.7
1205405607270120 40.69
1205405607330976 40.69
1205405607390831 40.69
1205405607450689 40.7
1205405607510544 40.7
1205405607570399 40.7
1205405607630252 40.72
1205405607690105 40.72
1205405607750962 40.72
1205405607770984 40.76
1205405607820793 40.72
1205405607880650 40.7
1205405607940506 40.7
1205405608010603 40.69
1205405608060210 40.69
1205405608120065 40.69
1205405608180921 40.67
1205405608240776 40.67
1205405608300630 40.69
1205405608360488 40.7
1205405608420344 40.7
1205405608480195 40.69
1205405608540052 40.7
1205405608600909 40.7
1205405608660764 40.7
1205405608720619 40.7
1205405608780470 40.69
1205405608840324 40.67
1205405608900180 40.65
1205405608960036 40.65
1205405609020892 40.65
1205405609080751 40.63
1205405609140604 40.63
1205405609200455 40.65
1205405609260311 40.65
1205405609320168 40.7
1205405609380023 40.7
1205405609440877 40.7
1205405609510955 40.72
1205405609560590 40.74
1205405609620445 40.74
1205405609680296 40.72
1205405609740153 40.7
1205405609800005 40.72
1205405609860859 40.69
1205405609920714 40.69
1205405609980570 40.69
1205405700040679 40.69
1205405700100537 40.7
1205405700160388 40.69
1205405700220246 40.72
1205405700280101 40.72
1205405700340959 40.74
1205405700400814 40.74
1205405700460667 40.78
1205405700520521 40.76
1205405700580379 40.74
1205405700640233 40.74
1205405700700088 40.74
1205405700760940 40.72
1205405700790448 40.74
1205405700830770 40.72
1205405700890629 40.74
1205405700950484 40.74