1205501207610599 39.72
1205501207670460 39.7
1205501207730315 39.7
1205501207790170 39.66
1205501207850018 39.63
1205501207910874 39.59
1205501207970727 39.61
1205501208030584 39.63
1205501208090442 39.64
1205501208150299 39.7
1205501208210152 39.74
1205501208270003 39.77
1205501208330857 39.85
1205501208390712 39.85
1205501208450568 39.83
1205501208510421 39.83
1205501208570276 39.83
1205501208630132 39.83
1205501208690987 39.81
1205501208750841 39.81
1205501208810696 39.81
1205501208870551 39.83
1205501208930406 39.85
1205501208990261 39.87
1205501209050117 39.92
1205501209110977 39.94
1205501209170832 39.94
1205501209230687 39.94
1205501209290542 39.94
1205501209350392 39.89
1205501209410245 39.87
1205501209470102 39.89
1205501209530956 39.87
1205501209590811 39.83
1205501209650665 39.81
1205501209710520 39.81
1205501209770375 39.83
1205501209830232 39.89
1205501209890087 39.92
1205501209950947 39.94
1205501300010056 39.94
1205501300070912 39.94
1205501300130764 39.96
1205501300190619 39.96
1205501300250472 39.92
1205501300310331 39.94
1205501300330381 39.94
1205501300380159 39.92
1205501300440016 39.9
1205501300500872 39.9
1205501300560724 39.89
1205501300620597 39.9
1205501300680438 39.9
1205501300740289 39.96
1205501300800160 39.98
1205501300860999 40
1205501300920871 39.98
1205501300980709 40
1205501301040562 40
1205501301100417 40
1205501301160277 39.98
1205501301220141 39.96
1205501301280984 39.96
1205501301340839 39.92
1205501301400692 39.92
1205501301460551 39.9
1205501301520402 39.92
1205501301580258 39.96
1205501301640111 39.96
1205501301700968 40
1205501301760820 40.03
1205501301820679 40.03
1205501301880531 40.03
1205501301940384 40.05
1205501302000239 40.03
1205501302060094 40.03
1205501302120970 40.02
1205501302180812 39.98
1205501302240665 39.98
1205501302300520 39.94
1205501302360371 39.92
1205501302420244 39.94
1205501302480081 40
1205501302540942 39.98
1205501302600795 39.98
1205501302660646 40
1205501302720706 40
1205501302780356 40
1205501302840212 40
1205501302900069 39.98
1205501302960925 39.94
1205501303020776 39.92
1205501303080635 39.9
1205501303140489 39.9
1205501303200340 39.89
1205501303260195 39.89
1205501303320068 39.9
1205501303340090 39.9
1205501303390881 40
1205501303450734 40.05
1205501303510591 40.09
1205501303570444 40.11
1205501303630302 40.13
1205501303690157 40.13
1205501303750008 40.11
1205501303810866 40.13
1205501303870721 40.09
1205501303930576 40.07
1205501303990431 40.09
1205501304050283 40.05
1205501304110138 40.05
1205501304170994 40.05
1205501304230852 40.09
1205501304290706 40.09
1205501304350559 40.09
1205501304410414 40.09
1205501304470270 40.09
1205501304530123 40.11
1205501304590981 40.09
1205501304650832 40.11
1205501304710690 40.07
1205501304770543 40.05
1205501304830398 40.05
1205501304890259 40.02
1205501304950112 39.98
1205501305010965 39.96
1205501305070820 40
1205501305130679 39.98
1205501305190534 39.98
1205501305250388 40.02
1205501305310237 40.03
1205501305370092 40.05
1205501305430947 40.03
1205501305490804 40.09
1205501305550659 40.07
1205501305610512 40.05
1205501305670367 40.03
1205501305730222 40.05
1205501305790078 40.05
1205501305850933 40.03
1205501305910786 40.05
1205501305970643 40.09
1205501306030497 40.11
1205501306090354 40.13
1205501306150211 40.16
1205501306210062 40.24
1205501306270921 40.26
1205501306330780 40.3
1205501306350802 40.3
1205501306400611 40.3
1205501306460464 40.3
1205501306520316 40.26
1205501306580175 40.3
1205501306640022 40.31
1205501306700884 40.3
1205501306760740 40.3
1205501306820603 40.43
1205501306880448 40.54
1205501306940295 40.59
1205501307000150 40.59
1205501307060006 40.61
1205501307120875 40.59
1205501307180717 40.59
1205501307240572 40.56
1205501307300432 40.5
1205501307360283 40.41
1205501307420151 40.31
1205501307480996 40.22
1205501307540849 40.13
1205501307600700 40.11
1205501307660558 40.13
1205501307720663 40.11
1205501307780268 40.13
1205501307840125 40.16
1205501307900979 40.22
1205501307960834 40.22
1205501308020690 40.22
1205501308080545 40.22
1205501308140400 40.22
1205501308200253 40.22
1205501308260108 40.22
1205501308320976 40.2
1205501308380822 40.16
1205501308440671 40.15
1205501308500524 40.15
1205501308560379 40.15
1205501308620254 40.16
1205501308680096 40.16
1205501308740952 40.16
1205501308800805 40.22
1205501308860658 40.22
1205501308920527 40.22
1205501308980368 40.22
1205501309040224 40.22
1205501309100077 40.2
1205501309160933 40.18
1205501309220802 40.18
1205501309280646 40.16
1205501309340501 40.16
1205501309360519 40.18
1205501309410330 40.16
1205501309470186 40.16
1205501309530037 40.2
1205501309590893 40.2
1205501309650746 40.2
1205501309710603 40.22
1205501309770457 40.24
1205501309830312 40.24
1205501309890165 40.24
1205501309950022 40.22
1205501400010131 40.2
1205501400070987 40.2
1205501400130842 40.2
1205501400190697 40.2
1205501400250551 40.2
1205501400310408 40.18
1205501400370261 40.2
1205501400430118 40.22
1205501400490972 40.24
1205501400550829 40.26
1205501400610682 40.26
1205501400670536 40.28
1205501400730391 40.28
1205501400790252 40.3
1205501400850106 40.3
1205501400910962 40.3
1205501400970816 40.3
1205501401030666 40.28
1205501401090523 40.26
1205501401150376 40.24
1205501401210229 40.24
1205501401270084 40.24
1205501401330941 40.24
1205501401390796 40.24
1205501401450649 40.24
1205501401510504 40.28
1205501401570361 40.26
1205501401630214 40.28
1205501401690069 40.31
1205501401750925 40.31
1205501401810781 40.31
1205501401870640 40.3
1205501401930495 40.3
1205501401990350 40.3
1205501402050205 40.3
1205501402110055 40.28
1205501402170915 40.3
1205501402230764 40.33
1205501402290619 40.31
1205501402350473 40.33
1205501402370494 40.35
1205501402420318 40.33
1205501402480160 40.33
1205501402540013 40.33
1205501402600869 40.33
1205501402660724 40.33
1205501402720806 40.3
1205501402780435 40.28
1205501402840290 40.24
1205501402900145 40.22
1205501402960000 40.22
1205501403020854 40.2
1205501403080711 40.22
1205501403140566 40.22
1205501403200421 40.26
1205501403260273 40.24
1205501403320136 40.26
1205501403380984 40.28
1205501403440845 40.3
1205501403500700 40.3
1205501403560555 40.3
1205501403620422 40.3
1205501403680264 40.3
1205501403740119 40.3
1205501403800975 40.3
1205501403860828 40.3
1205501403920692 40.28
1205501403980539 40.3
1205501404040394 40.3
1205501404100249 40.3
1205501404160097 40.31
1205501404220973 40.3
1205501404280808 40.31
1205501404340663 40.33
1205501404400517 40.33
1205501404460372 40.33
1205501404520227 40.31
1205501404580088 40.3
1205501404640944 40.3
1205501404700793 40.28
1205501404760650 40.26
1205501404820515 40.28
1205501404880356 40.28
1205501404940212 40.28
1205501405000073 40.3
1205501405060923 40.31
1205501405120788 40.35
1205501405180630 40.37
1205501405240485 40.35
1205501405300340 40.37
1205501405360195 40.35
1205501405380688 40.37
1205501405430027 40.33
1205501405490883 40.31
1205501405550738 40.31
1205501405610593 40.31
1205501405670447 40.31
1205501405730308 40.3
1205501405790163 40.3
1205501405850012 40.31
1205501405910866 40.31
1205501405970722 40.31
1205501406030577 40.31
1205501406090431 40.31
1205501406150287 40.31
1205501406210142 40.33
1205501406270996 40.33
1205501406330851 40.33
1205501406390706 40.33
1205501406450568 40.3
1205501406510423 40.3
1205501406570276 40.3
1205501406630131 40.3
1205501406690981 40.28
1205501406750843 40.3
1205501406810692 40.31
1205501406870545 40.33
1205501406930400 40.33
1205501406990254 40.35
1205501407050109 40.35
1205501407110965 40.37
1205501407170818 40.39
1205501407230673 40.39
1205501407290528 40.37
1205501407350383 40.37
1205501407410238 40.35
1205501407470096 40.31
1205501407530950 40.31
1205501407590805 40.31
1205501407650666 40.3
1205501407710515 40.31
1205501407770376 40.3
1205501407830224 40.31
1205501407890079 40.33
1205501407950933 40.35
1205501408010789 40.35
1205501408070643 40.37
1205501408130497 40.39
1205501408190352 40.37
1205501408250209 40.33
1205501408310062 40.35
1205501408370920 40.31
1205501408390952 40.35
1205501408440750 40.31
1205501408500612 40.3
1205501408560465 40.3
1205501408620328 40.28
1205501408680175 40.3
1205501408740030 40.3
1205501408800887 40.3
1205501408860734 40.31
1205501408920603 40.31
1205501408980444 40.31
1205501409040299 40.33
1205501409100154 40.33
1205501409160008 40.31
1205501409220884 40.3
1205501409280725 40.3
1205501409340580 40.3
1205501409400435 40.3
1205501409460290 40.3
1205501409520140 40.28
1205501409580994 40.28
1205501409640855 40.3
1205501409700710 40.3
1205501409760559 40.31
1205501409820426 40.33
1205501409880268 40.33
1205501409940123 40.33
1205501500000232 40.35
1205501500060089 40.33
1205501500120959 40.33
1205501500180798 40.31
1205501500240654 40.31
1205501500300515 40.3
1205501500360370 40.3
1205501500420231 40.28
1205501500480080 40.3
1205501500540935 40.3
1205501500600789 40.3
1205501500660644 40.3
1205501500720732 40.31
1205501500780347 40.31
1205501500840202 40.31
1205501500900057 40.33
1205501500960913 40.33
1205501501020769 40.31
1205501501080622 40.31
1205501501140477 40.31
1205501501200338 40.3
1205501501260194 40.3
1205501501320317 40.3
1205501501380897 40.28
1205501501400919 40.31
1205501501450735 40.3
1205501501510584 40.31
1205501501570438 40.33
1205501501630292 40.33
1205501501690147 40.33
1205501501750003 40.33
1205501501810855 40.35
1205501501870710 40.35
1205501501930565 40.35
1205501501990420 40.35
1205501502050278 40.31
1205501502110133 40.31
1205501502170995 40.3
1205501502230842 40.28
1205501502290699 40.26
1205501502350554 40.26
1205501502410409 40.26
1205501502470261 40.28
1205501502530116 40.28
1205501502590972 40.28
1205501502650833 40.3
1205501502710688 40.3
1205501502770543 40.3
1205501502830391 40.31
1205501502890246 40.31
1205501502950101 40.31
1205501503010957 40.31
1205501503070819 40.3
1205501503130666 40.28
1205501503190521 40.28
1205501503250378 40.26
1205501503310233 40.26
1205501503370085 40.28
1205501503430941 40.28
1205501503490796 40.28
1205501503550657 40.3
1205501503610513 40.3
1205501503670360 40.31
1205501503730213 40.35
1205501503790068 40.37
1205501503850924 40.39
1205501503910781 40.43
1205501503970636 40.41
1205501504030490 40.41
1205501504090343 40.39
1205501504150198 40.37
1205501504210053 40.35
1205501504270909 40.33
1205501504330765 40.31
1205501504390620 40.31
1205501504410640 40.35
1205501504460451 40.33
1205501504520304 40.33
1205501504580160 40.33
1205501504640013 40.35
1205501504700869 40.35
1205501504760724 40.37
1205501504820591 40.39
1205501504880432 40.37
1205501504940288 40.37
1205501505000143 40.35
1205501505060999 40.35
1205501505120870 40.33
1205501505180711 40.33
1205501505240564 40.33
1205501505300420 40.33
1205501505360275 40.33
1205501505420140 40.35
1205501505480982 40.37
1205501505540838 40.35
1205501505600693 40.35
1205501505660548 40.37
1205501505720655 40.37
1205501505780257 40.37
1205501505840114 40.33
1205501505900970 40.33
1205501505960825 40.31
1205501506020678 40.31
1205501506080539 40.3
1205501506140389 40.31
1205501506200250 40.3
1205501506260099 40.31
1205501506320967 40.33
1205501506380806 40.39
1205501506440663 40.41
1205501506500518 40.43
1205501506560376 40.44
1205501506620518 40.46
1205501506680086 40.46
1205501506740938 40.48
1205501506800797 40.46
1205501506860649 40.43
1205501506920742 40.39
1205501506980357 40.35
1205501507040218 40.3
1205501507100069 40.26
1205501507160926 40.22
1205501507220830 40.2
1205501507280634 40.22
1205501507340489 40.22
1205501507400343 40.24
1205501507430893 40.26
1205501507470174 40.26
1205501507530027 40.28
1205501507590883 40.33
1205501507650737 40.37
1205501507710592 40.37
1205501507770447 40.37
1205501507830300 40.37
1205501507890155 40.35
1205501507950012 40.31
1205501508010868 40.31
1205501508070724 40.31
1205501508130585 40.3
1205501508190438 40.3
1205501508250293 40.3
1205501508310142 40.31
1205501508370998 40.31
1205501508430853 40.33
1205501508490706 40.33
1205501508550562 40.33
1205501508610415 40.35
1205501508670270 40.37
1205501508730125 40.37
1205501508790981 40.39
1205501508850835 40.37
1205501508910690 40.37
1205501508970545 40.35
1205501509030400 40.35
1205501509090255 40.35
1205501509150110 40.33
1205501509210967 40.35
1205501509270819 40.35
1205501509330675 40.37
1205501509390532 40.43
1205501509450391 40.46
1205501509510242 40.48
1205501509570099 40.5
1205501509630952 40.48
1205501509690811 40.5
1205501509750662 40.52
1205501509810521 40.5
1205501509870370 40.48
1205501509930225 40.48
1205501509990084 40.46
1205501600050195 40.46
1205501600110048 40.44
1205501600170905 40.46
1205501600230761 40.46
1205501600290616 40.46
1205501600350466 40.48
1205501600410320 40.52
1205501600430369 40.52
1205501600480151 40.52
1205501600540007 40.52
1205501600600867 40.54
1205501600660716 40.52
1205501600720841 40.52
1205501600780426 40.52
1205501600840281 40.52
1205501600900140 40.5
1205501600960995 40.5
1205501601020850 40.5
1205501601080701 40.48
1205501601140556 40.48
1205501601200411 40.48
1205501601260265 40.48
1205501601320137 40.5
1205501601380980 40.5
1205501601440831 40.52
1205501601500686 40.52
1205501601560543 40.54
1205501601620409 40.56
1205501601680248 40.57
1205501601740104 40.59
1205501601800958 40.59
1205501601860813 40.59
1205501601920946 40.59
1205501601980523 40.59
1205501602040378 40.59
1205501602100231 40.57
1205501602160087 40.57
1205501602220968 40.57
1205501602280799 40.59
1205501602340653 40.59
1205501602400508 40.59
1205501602460362 40.59
1205501602520217 40.57
1205501602580072 40.59
1205501602640928 40.61
1205501602700783 40.61
1205501602760936 40.61
1205501602820507 40.63
1205501602880347 40.59
1205501602940202 40.59
1205501603000055 40.59
1205501603060911 40.57
1205501603120780 40.57
1205501603180624 40.56
1205501603240479 40.56
1205501603300331 40.57
1205501603360399 40.59
1205501603420055 40.59
1205501603440075 40.61
1205501603490872 40.61
1205501603550727 40.61
1205501603610590 40.63
1205501603670445 40.63
1205501603730296 40.65
1205501603790152 40.65
1205501603850006 40.65
1205501603910864 40.63
1205501603970720 40.63
1205501604030575 40.63
1205501604090422 40.61
1205501604150277 40.61
1205501604210130 40.61
1205501604270987 40.61
1205501604330842 40.59
1205501604390697 40.61
1205501604450560 40.63
1205501604510413 40.63
1205501604570269 40.63
1205501604630120 40.65
1205501604690974 40.67
1205501604750827 40.67
1205501604810683 40.67
1205501604870538 40.67
1205501604930395 40.65
1205501604990251 40.65
1205501605050103 40.65
1205501605110963 40.63
1205501605170811 40.61
1205501605230666 40.61
1205501605290521 40.61
1205501605350375 40.61
1205501605410229 40.61
1205501605470084 40.61
1205501605530945 40.65
1205501605590800 40.65
1205501605650653 40.65
1205501605710506 40.67
1205501605770362 40.67
1205501605830217 40.67
1205501605890072 40.69
1205501605950926 40.69
1205501606010781 40.67
1205501606070636 40.67
1205501606130494 40.65
1205501606190347 40.65
1205501606250202 40.65
1205501606310057 40.65
1205501606370914 40.65
1205501606430769 40.65
1205501606450789 40.65
1205501606500602 40.63
1205501606560454 40.65
1205501606620592 40.65
1205501606680162 40.67
1205501606740017 40.69
1205501606800871 40.69
1205501606860727 40.69
1205501606920853 40.7
1205501606980441 40.7
1205501607040294 40.7
1205501607100149 40.7
1205501607160000 40.69
1205501607220094 40.69
1205501607280712 40.67
1205501607340568 40.67
1205501607400421 40.67
1205501607460276 40.67
1205501607520131 40.67
1205501607580987 40.69
1205501607640844 40.7
1205501607700699 40.7
1205501607760552 40.72
1205501607820458 40.72
1205501607880263 40.72
1205501607940116 40.72
1205501608000972 40.72
1205501608060829 40.7
1205501608120696 40.7
1205501608180539 40.7
1205501608240395 40.7
1205501608300248 40.7
1205501608360103 40.7
1205501608420973 40.7
1205501608480814 40.7
1205501608540669 40.7
1205501608600522 40.72
1205501608660375 40.72
1205501608720477 40.72
1205501608780086 40.72
1205501608840942 40.72
1205501608900798 40.72
1205501608960651 40.72
1205501609020506 40.72
1205501609080363 40.7
1205501609140218 40.7
1205501609200073 40.7
1205501609260927 40.7
1205501609320792 40.69
1205501609380634 40.69
1205501609440490 40.69
1205501609460515 40.7
1205501609510319 40.69
1205501609570174 40.69
1205501609630033 40.7
1205501609690887 40.72
1205501609750740 40.72
1205501609810595 40.72
1205501609870454 40.74
1205501609930306 40.76
1205501609990161 40.76
1205501700050272 40.76
1205501700110125 40.76
1205501700170981 40.76
1205501700230841 40.74
1205501700290696 40.74
1205501700350545 40.72
1205501700410403 40.7
1205501700470256 40.72
1205501700530113 40.7
1205501700590967 40.72
1205501700650820 40.72
1205501700710675 40.72
1205501700770530 40.76
1205501700830386 40.76
1205501700890239 40.76
1205501700950394 40.76
1205501701010952 40.78
1205501701070808 40.78
1205501701130661 40.76
1205501701190516 40.76
1205501701250369 40.76
1205501701310228 40.74
1205501701370080 40.72
1205501701430938 40.7
1205501701490793 40.7
1205501701550885 40.69
1205501701610501 40.7
1205501701670357 40.7
1205501701730446 40.7
1205501701790065 40.7
1205501701850923 40.74
1205501701910778 40.74
1205501701970630 40.76
1205501702030485 40.78
1205501702090338 40.8
1205501702150223 40.82
1205501702210049 40.83
1205501702270905 40.83
1205501702330760 40.83
1205501702390617 40.82
1205501702450473 40.82
1205501702470495 40.82
1205501702520300 40.8
1205501702580153 40.8
1205501702640010 40.78
1205501702700864 40.8
1205501702760720 40.8
1205501702820788 40.8
1205501702880430 40.8
1205501702940287 40.82
1205501703000142 40.82
1205501703060994 40.83
1205501703120863 40.83
1205501703180705 40.85
1205501703240558 40.85
1205501703300413 40.85
1205501703360269 40.83
1205501703420132 40.83
1205501703480979 40.8
1205501703540836 40.78
1205501703600689 40.76
1205501703660544 40.76
1205501703720682 40.78
1205501703780252 40.8
1205501703840107 40.83
1205501703900963 40.83
1205501703960818 40.89
1205501704020672 40.93
1205501704080533 40.95
1205501704140384 40.96
1205501704200237 40.98
1205501704260092 40.98
1205501704320993 40.98
1205501704380805 40.96
1205501704440659 40.96
1205501704500512 40.91
1205501704560367 40.83
1205501704620244 40.8
1205501704680079 40.78
1205501704740932 40.76
1205501704800789 40.78
1205501704860642 40.8
1205501704920511 40.8
1205501704980353 40.83
1205501705040206 40.85
1205501705100059 40.93
1205501705160921 40.95
1205501705220811 40.96
1205501705280629 40.96
1205501705340480 40.98
1205501705400340 41
1205501705460195 41
1205501705480217 41
1205501705530023 40.96
1205501705590881 40.95
1205501705650730 40.93
1205501705710587 40.91
1205501705770442 40.91
1205501705830297 40.89
1205501705890150 40.89
1205501705950006 40.91