1205500105930804 40.02
1205500105950834 40.03
1205500106000635 40.02
1205500106060489 40.02
1205500106120338 40.03
1205500106180193 40.03
1205500106240048 40.03
1205500106300904 40.05
1205500106360762 40.07
1205500106420615 40.07
1205500106480470 40.07
1205500106540326 40.09
1205500106600179 40.09
1205500106660032 40.05
1205500106720890 40
1205500106780745 39.96
1205500106840600 39.89
1205500106900454 39.83
1205500106960311 39.79
1205500107020433 39.79
1205500107080017 39.81
1205500107140875 39.79
1205500107200730 39.79
1205500107260584 39.79
1205500107320439 39.79
1205500107380294 39.79
1205500107440150 39.79
1205500107500003 39.81
1205500107560859 39.79
1205500107620714 39.79
1205500107680569 39.79
1205500107740424 39.79
1205500107800279 39.79
1205500107860135 39.77
1205500107920989 39.77
1205500107980845 39.79
1205500108040699 39.79
1205500108100554 39.77
1205500108160408 39.77
1205500108220263 39.79
1205500108280116 39.81
1205500108340251 39.81
1205500108400826 39.81
1205500108460683 39.77
1205500108520878 39.74
1205500108580395 39.68
1205500108640254 39.66
1205500108700103 39.63
1205500108760958 39.63
1205500108820813 39.63
1205500108880670 39.64
1205500108940729 39.64
1205500108960552 39.66
1205500109010356 39.64
1205500109070210 39.64
1205500109130070 39.66
1205500109190920 39.68
1205500109250779 39.66
1205500109310628 39.63
1205500109370482 39.61
1205500109430335 39.57
1205500109490193 39.55
1205500109550045 39.53
1205500109610901 39.51
1205500109670756 39.53
1205500109730612 39.53
1205500109790465 39.53
1205500109850320 39.53
1205500109910175 39.53
1205500109970031 39.53
1205500200030141 39.53
1205500200090997 39.51
1205500200150852 39.53
1205500200210705 39.55
1205500200270561 39.53
1205500200330416 39.53
1205500200390271 39.51
1205500200450124 39.51
1205500200510985 39.5
1205500200570839 39.5
1205500200630694 39.5
1205500200690550 39.5
1205500200750403 39.48
1205500200810256 39.48
1205500200870111 39.48
1205500200930969 39.5
1205500200990825 39.5
1205500201050680 39.5
1205500201110529 39.51
1205500201170384 39.51
1205500201230524 39.51
1205500201290094 39.51
1205500201350954 39.5
1205500201410807 39.48
1205500201470665 39.46
1205500201530520 39.46
1205500201590375 39.46
1205500201650228 39.44
1205500201710083 39.44
1205500201770938 39.44
1205500201830795 39.46
1205500201890648 39.5
1205500201950504 39.5
1205500201970520 39.53
1205500202020613 39.5
1205500202080189 39.5
1205500202140040 39.51
1205500202200898 39.5
1205500202260753 39.5
1205500202320609 39.5
1205500202380464 39.5
1205500202440315 39.51
1205500202500168 39.51
1205500202560024 39.51
1205500202620879 39.51
1205500202680734 39.55
1205500202740591 39.59
1205500202800445 39.63
1205500202860300 39.63
1205500202920153 39.61
1205500202980010 39.59
1205500203040867 39.59
1205500203100720 39.57
1205500203160575 39.53
1205500203220442 39.51
1205500203280283 39.53
1205500203340138 39.55
1205500203400995 39.57
1205500203460850 39.59
1205500203520047 39.63
1205500203580563 39.68
1205500203640416 39.72
1205500203700269 39.76
1205500203760124 39.77
1205500203820980 39.77
1205500203880839 39.74
1205500203940694 39.74
1205500204000544 39.72
1205500204060401 39.64
1205500204120252 39.61
1205500204180107 39.61
1205500204240968 39.64
1205500204300821 39.63
1205500204360674 39.63
1205500204420529 39.63
1205500204480386 39.64
1205500204540245 39.66
1205500204600099 39.66
1205500204660951 39.68
1205500204720820 39.68
1205500204780665 39.66
1205500204840519 39.66
1205500204900370 39.64
1205500204960223 39.63
1205500204980245 39.63
1205500205030053 39.61
1205500205090909 39.63
1205500205150764 39.63
1205500205210617 39.61
1205500205270472 39.61
1205500205330329 39.63
1205500205390185 39.63
1205500205450040 39.64
1205500205510894 39.63
1205500205570750 39.63
1205500205630604 39.63
1205500205690457 39.61
1205500205750313 39.59
1205500205810166 39.57
1205500205870021 39.51
1205500205930181 39.51
1205500205990732 39.51
1205500206050586 39.51
1205500206110441 39.51
1205500206170296 39.51
1205500206230440 39.51
1205500206290006 39.53
1205500206350861 39.55
1205500206410716 39.55
1205500206470571 39.53
1205500206530749 39.51
1205500206590282 39.51
1205500206650137 39.48
1205500206710997 39.46
1205500206770852 39.42
1205500206830703 39.4
1205500206890558 39.4
1205500206950411 39.4
1205500207010270 39.38
1205500207070125 39.38
1205500207130003 39.38
1205500207190833 39.4
1205500207250692 39.38
1205500207310545 39.38
1205500207370396 39.4
1205500207430255 39.38
1205500207490106 39.36
1205500207550967 39.38
1205500207610820 39.35
1205500207670671 39.31
1205500207730771 39.27
1205500207790380 39.25
1205500207850235 39.27
1205500207910088 39.25
1205500207970945 39.25
1205500207990967 39.27
1205500208040776 39.27
1205500208100629 39.29
1205500208160485 39.29
1205500208220340 39.29
1205500208280195 39.27
1205500208340050 39.25
1205500208400906 39.25
1205500208460763 39.22
1205500208520962 39.2
1205500208580473 39.18
1205500208640327 39.2
1205500208700182 39.2
1205500208760039 39.18
1205500208820891 39.2
1205500208880746 39.2
1205500208940601 39.2
1205500209000458 39.22
1205500209060308 39.25
1205500209120163 39.29
1205500209180019 39.29
1205500209240873 39.29
1205500209300730 39.29
1205500209360583 39.29
1205500209420439 39.25
1205500209480297 39.22
1205500209540153 39.22
1205500209600004 39.23
1205500209660862 39.22
1205500209720725 39.22
1205500209780572 39.22
1205500209840427 39.22
1205500209900283 39.22
1205500209960134 39.23
1205500300020524 39.23
1205500300080098 39.25
1205500300140955 39.25
1205500300200810 39.25
1205500300260663 39.25
1205500300320520 39.23
1205500300380377 39.22
1205500300440230 39.23
1205500300500081 39.25
1205500300560938 39.25
1205500300620793 39.27
1205500300680648 39.27
1205500300740501 39.27
1205500300800356 39.27
1205500300860212 39.29
1205500300920069 39.31
1205500300980923 39.33
1205500301000947 39.31
1205500301050753 39.33
1205500301110610 39.31
1205500301170463 39.29
1205500301230616 39.29
1205500301290172 39.27
1205500301350027 39.25
1205500301410883 39.27
1205500301470738 39.29
1205500301530592 39.29
1205500301590447 39.29
1205500301650302 39.29
1205500301710158 39.33
1205500301770018 39.35
1205500301830872 39.35
1205500301890724 39.36
1205500301950583 39.35
1205500302010438 39.35
1205500302070293 39.35
1205500302130141 39.33
1205500302190999 39.31
1205500302250853 39.29
1205500302310709 39.31
1205500302370563 39.31
1205500302430416 39.29
1205500302490271 39.29
1205500302550126 39.29
1205500302610982 39.29
1205500302670835 39.29
1205500302730691 39.29
1205500302790546 39.29
1205500302850401 39.29
1205500302910258 39.31
1205500302970110 39.27
1205500303030968 39.23
1205500303090825 39.22
1205500303150680 39.22
1205500303210536 39.22
1205500303270391 39.22
1205500303330244 39.22
1205500303390097 39.23
1205500303450953 39.23
1205500303510806 39.27
1205500303570660 39.29
1205500303630515 39.33
1205500303690372 39.31
1205500303750228 39.31
1205500303810081 39.31
1205500303870935 39.29
1205500303930790 39.27
1205500303990647 39.23
1205500304010669 39.23
1205500304060477 39.2
1205500304120666 39.22
1205500304180189 39.22
1205500304240043 39.2
1205500304300897 39.2
1205500304360752 39.2
1205500304420607 39.23
1205500304480462 39.23
1205500304540318 39.23
1205500304600171 39.25
1205500304660026 39.23
1205500304720272 39.23
1205500304780740 39.22
1205500304840592 39.2
1205500304900448 39.18
1205500304960303 39.18
1205500305020471 39.18
1205500305080011 39.2
1205500305140869 39.22
1205500305200723 39.22
1205500305260578 39.22
1205500305320709 39.22
1205500305380288 39.22
1205500305440142 39.23
1205500305500998 39.22
1205500305560851 39.2
1205500305620706 39.2
1205500305680563 39.18
1205500305740418 39.18
1205500305800278 39.14
1205500305860131 39.14
1205500305920983 39.12
1205500305980842 39.14
1205500306040697 39.14
1205500306100550 39.14
1205500306160402 39.16
1205500306220257 39.18
1205500306280112 39.18
1205500306340968 39.22
1205500306400823 39.22
1205500306460677 39.22
1205500306520018 39.22
1205500306580387 39.22
1205500306640239 39.2
1205500306700096 39.18
1205500306760952 39.16
1205500306820808 39.18
1205500306880660 39.2
1205500306940515 39.2
1205500307000370 39.2
1205500307020864 39.23
1205500307070200 39.2
1205500307130055 39.23
1205500307190911 39.23
1205500307250763 39.27
1205500307310618 39.29
1205500307370473 39.29
1205500307430328 39.29
1205500307490185 39.31
1205500307550039 39.31
1205500307610893 39.29
1205500307670748 39.25
1205500307730603 39.29
1205500307790458 39.29
1205500307850312 39.29
1205500307910167 39.29
1205500307970022 39.29
1205500308030879 39.29
1205500308090734 39.29
1205500308150587 39.29
1205500308210444 39.31
1205500308270299 39.31
1205500308330155 39.31
1205500308390010 39.31
1205500308450862 39.29
1205500308510717 39.29
1205500308570572 39.29
1205500308630427 39.29
1205500308690280 39.33
1205500308750138 39.31
1205500308810992 39.33
1205500308870849 39.31
1205500308930702 39.33
1205500308990563 39.35
1205500309050412 39.36
1205500309110267 39.36
1205500309170127 39.35
1205500309230283 39.35
1205500309290834 39.36
1205500309350692 39.35
1205500309410541 39.33
1205500309470398 39.31
1205500309530251 39.33
1205500309590112 39.35
1205500309650961 39.33
1205500309710822 39.35
1205500309770677 39.35
1205500309830532 39.35
1205500309890384 39.36
1205500309950236 39.36
1205500400010347 39.36
1205500400030414 39.38
1205500400080179 39.36
1205500400140032 39.36
1205500400200888 39.36
1205500400260747 39.35
1205500400320606 39.33
1205500400380454 39.31
1205500400440307 39.33
1205500400500165 39.38
1205500400560021 39.38
1205500400620873 39.4
1205500400680728 39.4
1205500400740585 39.44
1205500400800439 39.5
1205500400860294 39.5
1205500400920146 39.51
1205500400980004 39.5
1205500401040859 39.5
1205500401100714 39.5
1205500401160569 39.5
1205500401220422 39.48
1205500401280281 39.46
1205500401340135 39.46
1205500401400987 39.48
1205500401460842 39.48
1205500401520009 39.48
1205500401580552 39.48
1205500401640406 39.48
1205500401700259 39.53
1205500401760114 39.57
1205500401820970 39.61
1205500401880828 39.63
1205500401940679 39.61
1205500402000536 39.63
1205500402060389 39.61
1205500402120245 39.61
1205500402180100 39.59
1205500402240956 39.59
1205500402300809 39.61
1205500402360665 39.61
1205500402420518 39.61
1205500402480373 39.61
1205500402540229 39.61
1205500402600086 39.63
1205500402660944 39.64
1205500402720811 39.68
1205500402780652 39.68
1205500402840507 39.68
1205500402900363 39.68
1205500402960218 39.68
1205500403020382 39.64
1205500403040122 39.66
1205500403090901 39.63
1205500403150757 39.63
1205500403210614 39.64
1205500403270465 39.63
1205500403330320 39.63
1205500403390175 39.63
1205500403450033 39.64
1205500403510888 39.64
1205500403570742 39.64
1205500403630601 39.66
1205500403690452 39.68
1205500403750308 39.68
1205500403810163 39.68
1205500403870020 39.7
1205500403930873 39.68
1205500403990732 39.66
1205500404050586 39.66
1205500404110442 39.66
1205500404170295 39.66
1205500404230146 39.64
1205500404290001 39.64
1205500404350861 39.66
1205500404410716 39.66
1205500404470568 39.64
1205500404530425 39.66
1205500404590280 39.66
1205500404650135 39.66
1205500404710991 39.66
1205500404770841 39.64
1205500404830696 39.64
1205500404890549 39.63
1205500404950407 39.64
1205500405010261 39.64
1205500405070120 39.66
1205500405130975 39.66
1205500405190830 39.66
1205500405250685 39.66
1205500405310538 39.66
1205500405370395 39.7
1205500405430247 39.74
1205500405490102 39.74
1205500405550955 39.72
1205500405610813 39.74
1205500405670663 39.72
1205500405730518 39.72
1205500405790375 39.68
1205500405850230 39.68
1205500405910089 39.7
1205500405970944 39.7
1205500406030793 39.72
1205500406050819 39.74
1205500406100624 39.72
1205500406160479 39.72
1205500406220333 39.72
1205500406280192 39.74
1205500406340043 39.76
1205500406400899 39.77
1205500406460754 39.77
1205500406520938 39.77
1205500406580463 39.76
1205500406640318 39.76
1205500406700177 39.74
1205500406760031 39.74
1205500406820887 39.74
1205500406880742 39.74
1205500406940597 39.74
1205500407000453 39.74
1205500407060306 39.74
1205500407120157 39.77
1205500407180012 39.76
1205500407240868 39.77
1205500407300723 39.77
1205500407360576 39.77
1205500407420432 39.77
1205500407480287 39.76
1205500407540142 39.76
1205500407600001 39.74
1205500407660853 39.72
1205500407720724 39.74
1205500407780566 39.74
1205500407840421 39.74
1205500407900276 39.74
1205500407960127 39.76
1205500408020280 39.77
1205500408080835 39.81
1205500408140690 39.81
1205500408200545 39.83
1205500408260398 39.81
1205500408320254 39.81
1205500408380111 39.79
1205500408440967 39.77
1205500408500120 39.72
1205500408560682 39.66
1205500408620537 39.66
1205500408680388 39.68
1205500408740243 39.68
1205500408800096 39.68
1205500408860956 39.7
1205500408920820 39.76
1205500408980659 39.85
1205500409040521 39.9
1205500409060539 39.92
1205500409110350 39.9
1205500409170201 39.89
1205500409230054 39.85
1205500409290910 39.87
1205500409350764 39.83
1205500409410619 39.81
1205500409470476 39.79
1205500409530330 39.81
1205500409590185 39.81
1205500409650039 39.79
1205500409710894 39.83
1205500409770749 39.83
1205500409830604 39.83
1205500409890459 39.87
1205500409950313 39.87
1205500500010423 39.87
1205500500070279 39.87
1205500500130134 39.85
1205500500190988 39.85
1205500500250843 39.83
1205500500310700 39.77
1205500500370555 39.76
1205500500430414 39.74
1205500500490269 39.74
1205500500550125 39.74
1205500500610979 39.74
1205500500670834 39.74
1205500500730685 39.76
1205500500790540 39.77
1205500500850395 39.77
1205500500910250 39.77
1205500500970104 39.77
1205500501030960 39.77
1205500501090816 39.77
1205500501150670 39.76
1205500501210523 39.76
1205500501270383 39.74
1205500501330238 39.74
1205500501390089 39.76
1205500501450945 39.76
1205500501510803 39.74
1205500501570654 39.76
1205500501630510 39.76
1205500501690364 39.77
1205500501750217 39.77
1205500501810072 39.79
1205500501870929 39.77
1205500501930784 39.79
1205500501990639 39.77
1205500502050494 39.77
1205500502070516 39.77
1205500502120324 39.76
1205500502180183 39.74
1205500502240038 39.74
1205500502300894 39.74
1205500502360749 39.74
1205500502420603 39.74
1205500502480454 39.76
1205500502540309 39.76
1205500502600163 39.81
1205500502660016 39.85
1205500502720888 39.89
1205500502780729 39.89
1205500502840588 39.9
1205500502900439 39.89
1205500502960291 39.87
1205500503020453 39.85
1205500503080001 39.81
1205500503140858 39.79
1205500503200711 39.81
1205500503260568 39.79
1205500503320423 39.79
1205500503380278 39.79
1205500503440131 39.81
1205500503500987 39.83
1205500503560841 39.85
1205500503620696 39.87
1205500503680551 39.87
1205500503740406 39.87
1205500503800261 39.87
1205500503860114 39.87
1205500503920970 39.85
1205500503980825 39.83
1205500504040681 39.85
1205500504100536 39.83
1205500504160392 39.85
1205500504220258 39.83
1205500504280100 39.83
1205500504340956 39.83
1205500504400811 39.83
1205500504460664 39.81
1205500504520875 39.81
1205500504580375 39.81
1205500504640233 39.79
1205500504700086 39.76
1205500504760942 39.76
1205500504820801 39.74
1205500504880656 39.74
1205500504940511 39.74
1205500505000362 39.76
1205500505060215 39.77
1205500505080237 39.79
1205500505130047 39.77
1205500505190903 39.77
1205500505250754 39.81
1205500505310610 39.81
1205500505370465 39.83
1205500505430320 39.83
1205500505490175 39.83
1205500505550028 39.83
1205500505610885 39.81
1205500505670742 39.79
1205500505730597 39.76
1205500505790452 39.76
1205500505850307 39.76
1205500505910160 39.77
1205500505970015 39.77
1205500506030872 39.77
1205500506090727 39.77
1205500506150582 39.77
1205500506210436 39.77
1205500506270290 39.79
1205500506330146 39.77
1205500506390001 39.77
1205500506450857 39.77
1205500506510710 39.77
1205500506570565 39.76
1205500506630424 39.74
1205500506690592 39.72
1205500506750135 39.74
1205500506810989 39.74
1205500506870844 39.74
1205500506930695 39.77
1205500506990550 39.76
1205500507050406 39.79
1205500507110259 39.81
1205500507170112 39.83
1205500507230969 39.83
1205500507290086 39.83
1205500507350679 39.83
1205500507410534 39.83
1205500507470387 39.81
1205500507530245 39.77
1205500507590100 39.77
1205500507650954 39.79
1205500507710809 39.79
1205500507770664 39.79
1205500507830519 39.77
1205500507890401 39.79
1205500507950227 39.81
1205500508010082 39.81
1205500508070940 39.79
1205500508090431 39.83
1205500508140770 39.79
1205500508200626 39.79
1205500508260481 39.79
1205500508320334 39.77
1205500508380189 39.77
1205500508440048 39.74
1205500508500900 39.76
1205500508560757 39.74
1205500508620609 39.76
1205500508680464 39.76
1205500508740319 39.76
1205500508800174 39.76
1205500508860028 39.77
1205500508920884 39.79
1205500508980737 39.81
1205500509040595 39.79
1205500509100448 39.79
1205500509160303 39.79
1205500509220159 39.79
1205500509280014 39.76
1205500509340874 39.74
1205500509400725 39.76
1205500509460578 39.76
1205500509520779 39.76
1205500509580288 39.76
1205500509640144 39.76
1205500509700998 39.76
1205500509760853 39.76
1205500509820708 39.76
1205500509880563 39.77
1205500509940418 39.76
1205500600000273 39.76
1205500600060383 39.76
1205500600120256 39.74
1205500600180098 39.74
1205500600240950 39.72
1205500600300803 39.72
1205500600360658 39.72
1205500600420514 39.72
1205500600480369 39.72
1205500600540222 39.72
1205500600600077 39.72
1205500600660937 39.74
1205500600720803 39.76
1205500600780645 39.77
1205500600840497 39.77
1205500600900352 39.77
1205500600960208 39.76
1205500601020377 39.76
1205500601080919 39.72
1205500601100959 39.7
1205500601150751 39.64
1205500601210610 39.66
1205500601270465 39.66
1205500601330315 39.68
1205500601390173 39.7
1205500601450029 39.7
1205500601510883 39.74
1205500601570734 39.77
1205500601630587 39.77
1205500601690443 39.77
1205500601750298 39.77
1205500601810154 39.77
1205500601870009 39.76
1205500601930863 39.72
1205500601990720 39.68
1205500602050579 39.66
1205500602110434 39.66
1205500602170288 39.66
1205500602230143 39.66
1205500602300000 39.66
1205500602350855 39.66
1205500602410705 39.68
1205500602470564 39.7
1205500602530412 39.76
1205500602590267 39.76
1205500602650122 39.77
1205500602710978 39.77
1205500602770833 39.77
1205500602830687 39.77
1205500602890541 39.77
1205500602950397 39.77
1205500603010252 39.77
1205500603070107 39.77
1205500603130961 39.77
1205500603190816 39.77
1205500603250672 39.77
1205500603310527 39.76
1205500603370381 39.76
1205500603430235 39.76
1205500603490094 39.74
1205500603550953 39.7
1205500603610808 39.66
1205500603670657 39.63
1205500603730511 39.63
1205500603790366 39.59
1205500603850219 39.61
1205500603910076 39.63
1205500603970932 39.68
1205500604030791 39.66
1205500604090646 39.7
1205500604110663 39.72
1205500604160476 39.74
1205500604220339 39.77
1205500604280178 39.81
1205500604340034 39.83
1205500604400890 39.83
1205500604460745 39.81
1205500604520956 39.79
1205500604580456 39.77
1205500604640311 39.76
1205500604700166 39.72
1205500604760027 39.7
1205500604820891 39.7
1205500604880025 39.7
1205500604940588 39.68
1205500605000447 39.7
1205500605060302 39.7
1205500605120167 39.72
1205500605180005 39.72
1205500605240861 39.72
1205500605300720 39.74
1205500605360570 39.72
1205500605420432 39.74
1205500605480503 39.7
1205500605540141 39.7
1205500605600993 39.68
1205500605660850 39.7
1205500605720719 39.7
1205500605780561 39.7
1205500605840412 39.68
1205500605900271 39.7
1205500605960124 39.7
1205500606020335 39.7
1205500606080842 39.7
1205500606140687 39.68
1205500606200542 39.68
1205500606260399 39.66
1205500606320249 39.63
1205500606380105 39.63
1205500606440956 39.57
1205500606500811 39.57
1205500606560667 39.57
1205500606620524 39.59
1205500606680381 39.57
1205500606740234 39.59
1205500606800087 39.59
1205500606860942 39.61
1205500606920799 39.63
1205500606980654 39.63
1205500607040509 39.63
1205500607100362 39.63
1205500607120869 39.63
1205500607170194 39.63
1205500607230049 39.63
1205500607290905 39.63
1205500607350756 39.61
1205500607410612 39.61
1205500607470467 39.61
1205500607530324 39.63
1205500607590177 39.61
1205500607650030 39.61
1205500607710886 39.61
1205500607770742 39.61
1205500607830597 39.61
1205500607890452 39.61
1205500607950309 39.63
1205500608010160 39.61
1205500608070016 39.61
1205500608130874 39.59
1205500608190729 39.59
1205500608250583 39.59
1205500608310438 39.59
1205500608370293 39.59
1205500608430145 39.61
1205500608490000 39.61
1205500608550856 39.61
1205500608610713 39.63
1205500608670568 39.63
1205500608730423 39.64
1205500608790278 39.64
1205500608850134 39.64
1205500608910988 39.63
1205500608970843 39.63
1205500609030696 39.63
1205500609090551 39.59
1205500609150405 39.57
1205500609210260 39.57
1205500609270115 39.61
1205500609330971 39.59
1205500609390826 39.59
1205500609450682 39.59
1205500609510535 39.61
1205500609570392 39.59
1205500609630246 39.59
1205500609690101 39.59
1205500609750955 39.57
1205500609810810 39.57
1205500609870665 39.57
1205500609930519 39.55
1205500609990374 39.55
1205500700050485 39.55
1205500700110342 39.59
1205500700130389 39.63
1205500700180172 39.63
1205500700240026 39.63
1205500700300881 39.61
1205500700360738 39.63
1205500700420593 39.63
1205500700480447 39.63
1205500700540301 39.63
1205500700600157 39.63
1205500700660012 39.63
1205500700720880 39.63
1205500700780719 39.61
1205500700840574 39.61
1205500700900429 39.61
1205500700960287 39.59
1205500701020491 39.59
1205500701080996 39.59
1205500701140851 39.59
1205500701200706 39.59
1205500701260562 39.59
1205500701320415 39.59
1205500701380268 39.61
1205500701440125 39.59
1205500701500980 39.61
1205500701560837 39.59
1205500701620690 39.59
1205500701680543 39.57
1205500701740398 39.57
1205500701800253 39.55
1205500701860108 39.57
1205500701920963 39.57