1205001308090839 39.94
1205001308150694 39.94
1205001308210549 39.94
1205001308270405 39.94
1205001308330258 39.94
1205001308390113 39.94
1205001308450970 39.94
1205001308510825 39.9
1205001308570676 39.89
1205001308590714 39.9
1205001308640504 39.87
1205001308700359 39.87
1205001308760214 39.83
1205001308820374 39.72
1205001308880923 39.61
1205001308940778 39.55
1205001309000635 39.4
1205001309060491 39.23
1205001309120633 39.1
1205001309180199 39.05
1205001309240052 39.01
1205001309300908 38.97
1205001309360770 38.94
1205001309420910 38.94
1205001309480478 38.9
1205001309540333 38.9
1205001309600189 38.9
1205001309660044 38.9
1205001309720898 38.9
1205001309780749 38.92
1205001309840608 38.94
1205001309900464 38.94
1205001309960315 38.88
1205001400020422 38.77
1205001400080283 38.7
1205001400140138 38.62
1205001400200990 38.6
1205001400260849 38.58
1205001400320990 38.56
1205001400380554 38.56
1205001400440413 38.58
1205001400500264 38.56
1205001400560117 38.53
1205001400620272 38.55
1205001400680833 38.58
1205001400740684 38.6
1205001400800543 38.58
1205001400860397 38.58
1205001400920555 38.58
1205001400980103 38.6
1205001401040959 38.6
1205001401100814 38.6
1205001401160672 38.62
1205001401220835 38.62
1205001401280380 38.64
1205001401340235 38.64
1205001401400089 38.64
1205001401460945 38.66
1205001401520802 38.7
1205001401580653 38.68
1205001401600689 38.68
1205001401650485 38.66
1205001401710338 38.6
1205001401770193 38.55
1205001401830047 38.53
1205001401890901 38.51
1205001401950756 38.51
1205001402010611 38.53
1205001402070468 38.55
1205001402130629 38.56
1205001402190179 38.56
1205001402250032 38.55
1205001402310892 38.62
1205001402370744 38.6
1205001402430603 38.62
1205001402490452 38.6
1205001402550307 38.6
1205001402610162 38.6
1205001402670018 38.6
1205001402730084 38.62
1205001402790727 38.6
1205001402850586 38.62
1205001402910441 38.62
1205001402970292 38.6
1205001403030148 38.56
1205001403090005 38.58
1205001403150857 38.56
1205001403210710 38.53
1205001403270566 38.51
1205001403330435 38.47
1205001403390276 38.47
1205001403450133 38.43
1205001403510989 38.45
1205001403570845 38.43
1205001403630698 38.45
1205001403690553 38.45
1205001403750406 38.47
1205001403810261 38.47
1205001403870119 38.45
1205001403930977 38.49
1205001403990828 38.43
1205001404050683 38.43
1205001404110538 38.4
1205001404170394 38.36
1205001404230247 38.34
1205001404290102 38.34
1205001404350958 38.34
1205001404410814 38.32
1205001404470667 38.32
1205001404530523 38.32
1205001404590378 38.3
1205001404610412 38.3
1205001404660206 38.29
1205001404720063 38.3
1205001404780919 38.32
1205001404840774 38.34
1205001404900630 38.38
1205001404960485 38.38
1205001405020337 38.36
1205001405080192 38.34
1205001405140047 38.34
1205001405200904 38.3
1205001405260758 38.27
1205001405320919 38.29
1205001405380467 38.27
1205001405440322 38.27
1205001405500177 38.34
1205001405560034 38.38
1205001405620183 38.38
1205001405680742 38.4
1205001405740599 38.38
1205001405800454 38.38
1205001405860307 38.36
1205001405920643 38.36
1205001405980018 38.38
1205001406040872 38.36
1205001406100728 38.38
1205001406160584 38.38
1205001406220742 38.34
1205001406280292 38.36
1205001406340147 38.38
1205001406400001 38.36
1205001406460857 38.34
1205001406520712 38.32
1205001406580565 38.3
1205001406640420 38.32
1205001406700275 38.32
1205001406760131 38.34
1205001406820331 38.36
1205001406880842 38.36
1205001406940695 38.36
1205001407000550 38.36
1205001407060406 38.36
1205001407120568 38.32
1205001407180116 38.27
1205001407240971 38.27
1205001407300823 38.21
1205001407360679 38.19
1205001407420825 38.19
1205001407480389 38.17
1205001407540245 38.17
1205001407600098 38.19
1205001407630665 38.21
1205001407670930 38.21
1205001407730784 38.23
1205001407790639 38.21
1205001407850496 38.25
1205001407910351 38.32
1205001407970205 38.32
1205001408030060 38.32
1205001408090916 38.34
1205001408150771 38.34
1205001408210626 38.36
1205001408270482 38.42
1205001408330335 38.4
1205001408390190 38.4
1205001408450048 38.42
1205001408510902 38.42
1205001408570757 38.38
1205001408630610 38.36
1205001408690465 38.4
1205001408750320 38.4
1205001408810173 38.4
1205001408870029 38.4
1205001408930885 38.4
1205001408990742 38.38
1205001409050595 38.4
1205001409110450 38.42
1205001409170306 38.42
1205001409230161 38.42
1205001409290016 38.42
1205001409350872 38.42
1205001409410725 38.42
1205001409470579 38.43
1205001409530436 38.42
1205001409590289 38.43
1205001409650146 38.42
1205001409720000 38.38
1205001409770856 38.38
1205001409830710 38.32
1205001409890564 38.3
1205001409950418 38.32
1205001500010528 38.34
1205001500070383 38.34
1205001500130239 38.34
1205001500190094 38.34
1205001500250948 38.36
1205001500310804 38.34
1205001500370659 38.34
1205001500430514 38.32
1205001500490369 38.27
1205001500550222 38.27
1205001500610077 38.25
1205001500630141 38.27
1205001500680910 38.25
1205001500740763 38.25
1205001500800617 38.29
1205001500860474 38.3
1205001500920837 38.29
1205001500980180 38.29
1205001501040038 38.34
1205001501100894 38.3
1205001501160747 38.29
1205001501220901 38.29
1205001501280456 38.29
1205001501340314 38.25
1205001501400166 38.23
1205001501460022 38.21
1205001501520889 38.19
1205001501580731 38.19
1205001501640586 38.23
1205001501700441 38.23
1205001501760296 38.23
1205001501820447 38.27
1205001501880007 38.27
1205001501940863 38.27
1205001502000718 38.25
1205001502060573 38.25
1205001502120428 38.25
1205001502180281 38.21
1205001502240134 38.23
1205001502300990 38.23
1205001502360846 38.23
1205001502420998 38.23
1205001502480556 38.23
1205001502540409 38.21
1205001502600265 38.21
1205001502660120 38.21
1205001502720976 38.21
1205001502780829 38.21
1205001502840685 38.21
1205001502900540 38.21
1205001502960395 38.19
1205001503020248 38.21
1205001503080103 38.21
1205001503140960 38.21
1205001503200815 38.23
1205001503260670 38.21
1205001503320857 38.21
1205001503380379 38.23
1205001503440236 38.25
1205001503500091 38.25
1205001503560947 38.25
1205001503620108 38.25
1205001503640850 38.25
1205001503690630 38.23
1205001503750483 38.23
1205001503810339 38.23
1205001503870194 38.23
1205001503930051 38.25
1205001503990907 38.27
1205001504050761 38.27
1205001504110614 38.23
1205001504170469 38.23
1205001504230326 38.25
1205001504290179 38.23
1205001504350033 38.21
1205001504410889 38.19
1205001504470744 38.19
1205001504530600 38.16
1205001504590455 38.16
1205001504650310 38.16
1205001504710165 38.17
1205001504770017 38.19
1205001504830875 38.25
1205001504890730 38.27
1205001504950585 38.27
1205001505010440 38.32
1205001505070295 38.36
1205001505130153 38.38
1205001505190006 38.38
1205001505250862 38.38
1205001505310046 38.38
1205001505370572 38.38
1205001505430426 38.38
1205001505490281 38.38
1205001505550134 38.4
1205001505610990 38.4
1205001505670847 38.38
1205001505730701 38.38
1205001505790556 38.38
1205001505850411 38.38
1205001505910495 38.38
1205001505970119 38.36
1205001506030974 38.36
1205001506090829 38.34
1205001506150684 38.36
1205001506210539 38.32
1205001506270394 38.32
1205001506330248 38.34
1205001506390103 38.32
1205001506450960 38.32
1205001506510828 38.32
1205001506570668 38.34
1205001506630523 38.34
1205001506650559 38.36
1205001506700354 38.34
1205001506760210 38.34
1205001506820393 38.34
1205001506880919 38.32
1205001506940775 38.32
1205001507000630 38.32
1205001507060485 38.32
1205001507120649 38.34
1205001507180193 38.36
1205001507240048 38.36
1205001507300904 38.34
1205001507360758 38.34
1205001507420947 38.34
1205001507480469 38.36
1205001507540324 38.34
1205001507600177 38.32
1205001507660032 38.34
1205001507720888 38.34
1205001507780744 38.32
1205001507840599 38.32
1205001507900452 38.32
1205001507960308 38.32
1205001508020163 38.32
1205001508080018 38.36
1205001508140872 38.36
1205001508200727 38.34
1205001508260583 38.34
1205001508320768 38.38
1205001508380295 38.38
1205001508440146 38.36
1205001508500001 38.36
1205001508560858 38.36
1205001508620048 38.34
1205001508680568 38.34
1205001508740421 38.34
1205001508800276 38.34
1205001508860131 38.34
1205001508920297 38.36
1205001508980843 38.36
1205001509040696 38.36
1205001509100551 38.36
1205001509160407 38.36
1205001509220586 38.36
1205001509280115 38.34
1205001509340971 38.34
1205001509400826 38.32
1205001509460682 38.34
1205001509520537 38.34
1205001509580390 38.34
1205001509640245 38.34
1205001509660282 38.36
1205001509710077 38.36
1205001509770931 38.36
1205001509830789 38.38
1205001509890644 38.38
1205001509950499 38.38
1205001600010610 38.38
1205001600070463 38.38
1205001600130318 38.38
1205001600190173 38.38
1205001600250028 38.38
1205001600310884 38.38
1205001600370738 38.38
1205001600430593 38.38
1205001600490446 38.43
1205001600550302 38.45
1205001600610152 38.49
1205001600670010 38.45
1205001600730862 38.49
1205001600790717 38.53
1205001600850574 38.55
1205001600910430 38.55
1205001600970281 38.53
1205001601030138 38.55
1205001601090994 38.55
1205001601150850 38.55
1205001601210705 38.56
1205001601270558 38.6
1205001601330414 38.6
1205001601390271 38.66
1205001601450120 38.73
1205001601510980 38.75
1205001601570836 38.75
1205001601630691 38.75
1205001601690542 38.79
1205001601750397 38.77
1205001601810250 38.77
1205001601870105 38.77
1205001601930966 38.75
1205001601990817 38.73
1205001602050672 38.73
1205001602110529 38.75
1205001602170384 38.75
1205001602230239 38.75
1205001602290090 38.77
1205001602350947 38.79
1205001602410800 38.79
1205001602470655 38.79
1205001602530510 38.79
1205001602590366 38.81
1205001602650221 38.79
1205001602670255 38.83
1205001602720050 38.79
1205001602780906 38.79
1205001602840762 38.79
1205001602900863 38.81
1205001602960470 38.81
1205001603020325 38.83
1205001603080183 38.84
1205001603140038 38.84
1205001603200890 38.83
1205001603260747 38.84
1205001603320942 38.84
1205001603380461 38.86
1205001603440316 38.86
1205001603500189 38.86
1205001603560025 38.86
1205001603620187 38.83
1205001603680730 38.83
1205001603740584 38.83
1205001603800439 38.83
1205001603860294 38.83
1205001603920491 38.83
1205001603980006 38.84
1205001604040859 38.83
1205001604100728 38.81
1205001604160575 38.86
1205001604220772 38.9
1205001604280285 38.9
1205001604340141 38.9
1205001604400995 38.9
1205001604460850 38.9
1205001604520706 38.9
1205001604580561 38.9
1205001604640414 38.9
1205001604700265 38.92
1205001604760121 38.92
1205001604820310 38.92
1205001604880836 38.94
1205001604940689 38.94
1205001605000544 38.94
1205001605060395 38.96
1205001605120575 38.96
1205001605180104 38.97
1205001605240960 38.96
1205001605300815 38.96
1205001605360668 38.97
1205001605420854 38.97
1205001605480379 38.96
1205001605540232 38.97
1205001605600088 38.99
1205001605660944 38.99
1205001605680979 39.01
1205001605730773 38.97
1205001605790628 38.97
1205001605850483 38.97
1205001605910338 38.97
1205001605970194 38.99
1205001606030047 38.97
1205001606090903 38.99
1205001606150759 38.97
1205001606210614 38.97
1205001606270467 38.97
1205001606330322 38.99
1205001606390178 38.99
1205001606450033 38.99
1205001606510889 39.01
1205001606570744 39.05
1205001606630600 39.05
1205001606690455 39.05
1205001606750310 39.05
1205001606810165 39.07
1205001606870020 39.03
1205001606930873 39.01
1205001606990728 39.01
1205001607050583 38.99
1205001607110438 38.97
1205001607170291 38.97
1205001607230148 38.96
1205001607290002 38.97
1205001607350858 38.97
1205001607410711 39.01
1205001607470568 39.07
1205001607530422 39.09
1205001607590277 39.09
1205001607650137 39.12
1205001607710990 39.18
1205001607770845 39.18
1205001607830701 39.18
1205001607890556 39.16
1205001607950409 39.18
1205001608010264 39.16
1205001608070120 39.12
1205001608130980 39.14
1205001608190835 39.14
1205001608250685 39.16
1205001608310540 39.16
1205001608370395 39.18
1205001608430250 39.16
1205001608490105 39.16
1205001608550959 39.16
1205001608610814 39.18
1205001608670668 39.2
1205001608700181 39.2
1205001608740501 39.18
1205001608800354 39.18
1205001608860210 39.18
1205001608920387 39.18
1205001608980921 39.18
1205001609040776 39.18
1205001609100629 39.18
1205001609160483 39.2
1205001609220679 39.2
1205001609280195 39.22
1205001609340048 39.22
1205001609400904 39.22
1205001609460759 39.22
1205001609520614 39.22
1205001609580470 39.22
1205001609640323 39.22
1205001609700176 39.2
1205001609760032 39.2
1205001609820219 39.2
1205001609880743 39.2
1205001609940597 39.2
1205001700000453 39.22
1205001700060562 39.23
1205001700120781 39.31
1205001700180275 39.35
1205001700240131 39.35
1205001700300983 39.36
1205001700360841 39.38
1205001700420024 39.48
1205001700480546 39.51
1205001700540399 39.53
1205001700600254 39.53
1205001700660109 39.55
1205001700720965 39.53
1205001700780819 39.53
1205001700840674 39.55
1205001700900529 39.57
1205001700960385 39.57
1205001701020238 39.61
1205001701080101 39.66
1205001701140953 39.68
1205001701200812 39.66
1205001701260664 39.68
1205001701320894 39.7
1205001701380370 39.76
1205001701440225 39.76
1205001701500081 39.76
1205001701560935 39.76
1205001701620139 39.76
1205001701680645 39.76
1205001701700695 39.77
1205001701750475 39.77
1205001701810329 39.83
1205001701870190 39.9
1205001701930041 39.96
1205001701990901 40.02
1205001702050750 40.03
1205001702110603 40.03
1205001702170464 40.02
1205001702230314 40.03
1205001702290169 40.05
1205001702350024 40.05
1205001702410878 40.05
1205001702470733 40.05
1205001702530591 40.07
1205001702590446 40.13
1205001702650299 40.15
1205001702710158 40.16
1205001702770013 40.16
1205001702830868 40.18
1205001702890721 40.2
1205001702950576 40.22
1205001703010431 40.22
1205001703070284 40.24
1205001703130142 40.26
1205001703190998 40.26
1205001703250852 40.26
1205001703310707 40.26
1205001703370560 40.28
1205001703430414 40.28
1205001703490269 40.28
1205001703550124 40.28
1205001703610980 40.28
1205001703670835 40.28
1205001703730689 40.28
1205001703790544 40.28
1205001703850405 40.3
1205001703910254 40.31
1205001703970107 40.33
1205001704030962 40.37
1205001704090819 40.43
1205001704150676 40.44
1205001704210531 40.44
1205001704270386 40.44
1205001704330242 40.46
1205001704390093 40.48
1205001704450953 40.46
1205001704510808 40.46
1205001704570661 40.46
1205001704630517 40.46
1205001704690368 40.48
1205001704710404 40.48
1205001704760197 40.48
1205001704820411 40.46
1205001704880913 40.5
1205001704940768 40.5
1205001705000619 40.52
1205001705060471 40.57
1205001705120674 40.63
1205001705180183 40.67
1205001705240038 40.69
1205001705300894 40.69
1205001705360748 40.69
1205001705420962 40.7
1205001705480458 40.69
1205001705540313 40.69
1205001705600168 40.69
1205001705660023 40.69
1205001705720882 40.7
1205001705780737 40.7
1205001705840592 40.7
1205001705900447 40.7
1205001705960299 40.72
1205001706020158 40.74
1205001706080009 40.8
1205001706140865 40.83
1205001706200720 40.89
1205001706260572 40.93
1205001706320786 40.95
1205001706380282 40.93
1205001706440137 40.93
1205001706500993 40.93
1205001706560847 40.93
1205001706620057 40.91
1205001706680864 40.91
1205001706740414 40.89
1205001706800268 40.91
1205001706860123 40.91
1205001706920316 40.89
1205001706980838 40.95
1205001707040691 40.96
1205001707100546 41
1205001707160398 41.04
1205001707220251 41.13
1205001707280368 41.24
1205001707340963 41.36
1205001707400816 41.45
1205001707460673 41.47
1205001707520528 41.47
1205001707580383 41.47
1205001707640237 41.47
1205001707700092 41.47
1205001707730702 41.47
1205001707770924 41.47
1205001707830778 41.49
1205001707890633 41.47
1205001707950488 41.47
1205001708010343 41.47
1205001708070198 41.47
1205001708130052 41.47
1205001708190908 41.47
1205001708250763 41.47
1205001708310618 41.47
1205001708370474 41.47
1205001708430327 41.49
1205001708490182 41.49
1205001708550038 41.49
1205001708610893 41.49
1205001708670749 41.5
1205001708730602 41.5
1205001708790457 41.49
1205001708850312 41.49
1205001708910167 41.49
1205001708970022 41.47
1205001709030877 41.49
1205001709090732 41.49
1205001709150587 41.47
1205001709210442 41.47
1205001709270297 41.47
1205001709330151 41.47
1205001709390006 41.47
1205001709450863 41.47
1205001709510717 41.49
1205001709570573 41.49
1205001709630426 41.49
1205001709690281 41.5
1205001709750136 41.54
1205001709810993 41.56
1205001709870846 41.56
1205001709930701 41.56
1205001709990559 41.58
1205001800050669 41.58
1205001800110522 41.56
1205001800170376 41.54
1205001800230231 41.54
1205001800290086 41.54
1205001800350942 41.54
1205001800410797 41.54
1205001800470651 41.54
1205001800530506 41.54
1205001800590361 41.54
1205001800650216 41.54
1205001800710071 41.54
1205001800730134 41.54
1205001800780903 41.54
1205001800840756 41.56
1205001800900613 41.58
1205001800960469 41.58
1205001801020322 41.6
1205001801080175 41.6
1205001801140032 41.58
1205001801200886 41.6
1205001801260741 41.6
1205001801320958 41.6
1205001801380450 41.6
1205001801440305 41.6
1205001801500160 41.6
1205001801560015 41.56
1205001801620214 41.56
1205001801680727 41.58
1205001801740580 41.56
1205001801800435 41.56
1205001801860292 41.58
1205001801920515 41.58
1205001801980001 41.58
1205001802040855 41.6
1205001802100710 41.6
1205001802160564 41.62
1205001802220755 41.63
1205001802280272 41.67
1205001802340127 41.67
1205001802400983 41.69
1205001802460839 41.69
1205001802520694 41.71
1205001802580547 41.71
1205001802640402 41.71
1205001802700257 41.71
1205001802760112 41.71
1205001802820315 41.71
1205001802880821 41.71
1205001802940677 41.71
1205001803000532 41.71
1205001803060387 41.67
1205001803120592 41.65
1205001803180097 41.63
1205001803240952 41.63
1205001803300807 41.63
1205001803360662 41.63
1205001803420863 41.65
1205001803480371 41.65
1205001803540226 41.67
1205001803600081 41.71
1205001803660937 41.77
1205001803720793 41.8
1205001803740844 41.84
1205001803790622 41.82
1205001803850477 41.86
1205001803910335 41.88
1205001803970186 41.9
1205001804030042 41.9
1205001804090897 41.9
1205001804150752 41.9
1205001804210607 41.9
1205001804270781 41.9
1205001804330316 41.9
1205001804390173 41.88
1205001804450028 41.88
1205001804510885 41.88
1205001804570736 41.86
1205001804630591 41.86
1205001804690450 41.84
1205001804750305 41.84
1205001804810160 41.84
1205001804870236 41.84
1205001804930870 41.84
1205001804990721 41.86
1205001805050581 41.91
1205001805110433 41.93
1205001805170287 41.93
1205001805230140 41.99
1205001805290998 42.04
1205001805350852 42.1
1205001805410709 42.12
1205001805470576 42.14
1205001805530418 42.14
1205001805590272 42.14
1205001805650127 42.14
1205001805710982 42.14
1205001805770837 42.14
1205001805830694 42.16
1205001805890549 42.12
1205001805950404 42.12
1205001806010253 42.1
1205001806070111 42.08
1205001806130967 42.08
1205001806190822 42.08
1205001806250677 42.06
1205001806310533 42.08
1205001806370386 42.08
1205001806430241 42.08
1205001806490096 42.08
1205001806550953 42.08
1205001806610806 42.08
1205001806670661 42.08
1205001806730514 42.1
1205001806750554 42.12
1205001806800344 42.1
1205001806860203 42.12
1205001806920419 42.16
1205001806980912 42.21
1205001807040767 42.21
1205001807100621 42.21
1205001807160476 42.21
1205001807220331 42.21
1205001807280186 42.21
1205001807340041 42.23
1205001807400897 42.23
1205001807460751 42.21
1205001807520606 42.21
1205001807580461 42.21
1205001807640316 42.21
1205001807700167 42.19
1205001807760022 42.19
1205001807820879 42.19
1205001807880734 42.19
1205001807940589 42.19
1205001808000444 42.19
1205001808060297 42.19
1205001808120530 42.21
1205001808180008 42.19
1205001808240866 42.21
1205001808300721 42.21
1205001808360575 42.23
1205001808420799 42.23
1205001808480285 42.23
1205001808540140 42.23
1205001808600995 42.23
1205001808660849 42.23
1205001808720705 42.23
1205001808780560 42.21
1205001808840415 42.23
1205001808900270 42.21
1205001808960124 42.21
1205001809020980 42.21
1205001809080835 42.21
1205001809140691 42.21
1205001809200543 42.23
1205001809260398 42.23
1205001809320625 42.23
1205001809380109 42.23
1205001809440965 42.23
1205001809500820 42.23
1205001809560674 42.23
1205001809620900 42.23
1205001809680384 42.23
1205001809740239 42.23
1205001809760275 42.23
1205001809810068 42.23
1205001809870925 42.23
1205001809930780 42.23
1205001809990635 42.23
1205001900050744 42.23
1205001900110599 42.23
1205001900170455 42.23
1205001900230310 42.23
1205001900290165 42.21
1205001900350018 42.21
1205001900410874 42.23
1205001900470730 42.21
1205001900530583 42.23
1205001900590438 42.23
1205001900650293 42.21
1205001900710148 42.21
1205001900770004 42.23
1205001900830860 42.23
1205001900890715 42.23
1205001900950570 42.23
1205001901010423 42.25
1205001901070278 42.25
1205001901130133 42.27
1205001901190990 42.27
1205001901250843 42.25
1205001901310698 42.27
1205001901370553 42.25
1205001901430408 42.25
1205001901490263 42.25
1205001901550117 42.25
1205001901610973 42.25
1205001901670828 42.25
1205001901730683 42.25
1205001901790539 42.25
1205001901850392 42.25
1205001901910247 42.25
1205001901970102 42.25
1205001902030957 42.25
1205001902090812 42.25
1205001902150667 42.25
1205001902210522 42.25
1205001902270378 42.25
1205001902330233 42.25
1205001902390086 42.25
1205001902450942 42.25
1205001902510797 42.25
1205001902570653 42.25
1205001902630508 42.27
1205001902690361 42.25
1205001902750216 42.25
1205001902770254 42.29
1205001902820409 42.27
1205001902880902 42.27
1205001902940757 42.25
1205001903000612 42.25
1205001903060481 42.25
1205001903120686 42.25
1205001903180176 42.23
1205001903240031 42.23
1205001903300887 42.23
1205001903360742 42.25
1205001903420597 42.25
1205001903480453 42.23
1205001903540306 42.23
1205001903600161 42.23
1205001903660016 42.23
1205001903720873 42.25
1205001903780728 42.25
1205001903840581 42.25
1205001903900436 42.25
1205001903960291 42.25
1205001904020147 42.25
1205001904080000 42.25
1205001904140856 42.27
1205001904200711 42.27
1205001904260567 42.25
1205001904320421 42.27
1205001904380277 42.27
1205001904440130 42.27
1205001904500986 42.27
1205001904560841 42.27
1205001904620057 42.27
1205001904680550 42.25
1205001904740405 42.27
1205001904800260 42.25
1205001904860115 42.25
1205001904920971 42.27
1205001904980827 42.25
1205001905040680 42.25
1205001905100535 42.25
1205001905160390 42.25
1205001905220246 42.25
1205001905280100 42.25
1205001905340955 42.27
1205001905400810 42.27
1205001905460665 42.25
1205001905520520 42.27
1205001905580374 42.25
1205001905640229 42.27
1205001905700084 42.27
1205001905760941 42.25
1205001905780977 42.27
1205001905830770 42.27
1205001905890625 42.27
1205001905950481 42.27
1205001906010336 42.27
1205001906070189 42.27
1205001906130044 42.27
1205001906190900 42.27
1205001906250756 42.25
1205001906310611 42.27
1205001906370464 42.27
1205001906430319 42.25
1205001906490174 42.27
1205001906550029 42.27
1205001906610885 42.25
1205001906670739 42.25
1205001906730594 42.25
1205001906790449 42.25
1205001906850304 42.25
1205001906910159 42.25
1205001906970013 42.25
1205001907030869 42.25
1205001907090724 42.25
1205001907150579 42.25
1205001907210434 42.25
1205001907270288 42.27
1205001907330143 42.25
1205001907390999 42.27
1205001907450854 42.27
1205001907510707 42.25
1205001907570563 42.27
1205001907630418 42.27
1205001907690273 42.27
1205001907750128 42.25
1205001907810985 42.27
1205001907870838 42.27
1205001907930693 42.27
1205001907990548 42.27
1205001908050403 42.27
1205001908110257 42.27
1205001908170112 42.27
1205001908230968 42.27
1205001908290824 42.27
1205001908350677 42.27
1205001908410532 42.27
1205001908470387 42.27
1205001908530242 42.27
1205001908590098 42.27
1205001908650254 42.27
1205001908710807 42.27
1205001908770662 42.27
1205001908790699 42.29
1205001908840492 42.25
1205001908900348 42.25
1205001908960203 42.27
1205001909020058 42.27
1205001909080912 42.25
1205001909140767 42.27
1205001909200623 42.27
1205001909260478 42.27
1205001909320704 42.27
1205001909380186 42.25
1205001909440041 42.25
1205001909500898 42.25
1205001909560753 42.27
1205001909620606 42.27
1205001909680461 42.27
1205001909740316 42.27
1205001909800171 42.27
1205001909860027 42.25
1205001909920883 42.25
1205001909980736 42.27
1205002000040848 42.25
1205002000100703 42.25
1205002000160558 42.25
1205002000220786 42.25
1205002000280266 42.27
1205002000340122 42.27
1205002000400978 42.25
1205002000460833 42.25
1205002000520688 42.27
1205002000580542 42.25
1205002000640397 42.27
1205002000700252 42.27
1205002000760107 42.27
1205002000820961 42.25
1205002000880819 42.27
1205002000940672 42.25
1205002001000527 42.27
1205002001060382 42.27
1205002001120235 42.27
1205002001180090 42.27
1205002001240947 42.25
1205002001300802 42.25
1205002001360657 42.27
1205002001420512 42.27
1205002001480366 42.27
1205002001540221 42.25
1205002001600076 42.25
1205002001660932 42.25
1205002001720785 42.27
1205002001780640 42.25
1205002001800678 42.29
1205002001850472 42.27
1205002001910327 42.25
1205002001970180 42.25
1205002002030036 42.27
1205002002090892 42.27
1205002002150747 42.25
1205002002210602 42.25
1205002002270456 42.25
1205002002330311 42.27
1205002002390167 42.25
1205002002450022 42.25
1205002002510876 42.27
1205002002570731 42.25
1205002002630586 42.27
1205002002690441 42.25
1205002002750296 42.27
1205002002810151 42.27
1205002002870005 42.27
1205002002930861 42.25
1205002002990716 42.27
1205002003050571 42.27
1205002003110426 42.27
1205002003170279 42.25
1205002003230134 42.27
1205002003290991 42.27
1205002003350846 42.27
1205002003410701 42.27
1205002003470554 42.27
1205002003530410 42.25
1205002003590265 42.25
1205002003650120 42.25
1205002003710974 42.25
1205002003770831 42.27
1205002003830684 42.25
1205002003890540 42.25
1205002003950395 42.25
1205002004010250 42.23
1205002004070104 42.23
1205002004130960 42.21
1205002004190813 42.17
1205002004250669 42.14
1205002004310524 42.14
1205002004370377 42.1
1205002004430234 42.08
1205002004490089 42.08
1205002004550943 42.06
1205002004610800 42.06
1205002004670654 42.06
1205002004730509 42.06
1205002004790364 42.06
1205002004810400 42.06
1205002004860193 42.06
1205002004920049 42.06
1205002004980905 42.08
1205002005040760 42.08
1205002005100614 42.08
1205002005160469 42.08
1205002005220324 42.08
1205002005280179 42.08
1205002005340032 42.08
1205002005400889 42.08
1205002005460744 42.06
1205002005520599 42.08
1205002005580454 42.08
1205002005640307 42.06
1205002005700163 42.08
1205002005760018 42.06
1205002005820874 42.06
1205002005880729 42.06
1205002005940583 42.06
1205002006000439 42.06
1205002006060293 42.06
1205002006120148 42.06
1205002006180003 42.06
1205002006240153 42.06
1205002006300712 42.06
1205002006360567 42.06
1205002006420422 42.06