1205500106010318 1831.8889
1205500106510143 1829.1422
1205500107010911 1853.7249
1205500107510701 1897.5342
1205500108010476 1859.2183
1205500108510099 1875.6982
1205500109510859 1837.3822
1205500200010666 1889.2942
1205500200510560 1900.2809
1205500201010278 1894.7876
1205500201510285 1872.9515
1205500202010083 1842.7382
1205500202510652 1826.3955
1205500203010702 1881.1915
1205500203510270 1883.8009
1205500204010060 1861.9648
1205500204510812 1870.2048
1205500205010853 1842.7382
1205500205510614 1837.3822
1205500206010408 1872.9515
1205500206510229 1900.2809
1205500207010997 1875.6982
1205500207510781 1878.4448
1205500208010567 1859.2183
1205500208510184 1815.4089
1205500209010976 1812.6622
1205500209510768 1837.3822
1205500300010990 1872.9515
1205500300510825 1853.7249
1205500301010587 1850.9783
1205500301510375 1845.4849
1205500302010158 1845.4849
1205500302510965 1834.6355
1205500303010527 1818.1555
1205500303510595 1850.9783
1205500304010247 1859.2183
1205500304510937 1875.6982
1205500305010694 1850.9783
1205500305510697 1856.4716
1205500306010497 1848.2316
1205500306510301 1837.3822
1205500307020242 1807.169
1205500307510879 1801.6755
1205500308010656 1818.1555
1205500308510296 1842.7382
1205500309010059 1867.4583
1205500309510991 1845.4849
1205500400010082 1839.9916
1205500400510534 1829.1422
1205500401010673 1842.7382
1205500401510474 1829.1422
1205500402010247 1818.1555
1205500402510060 1804.4222
1205500403010853 1829.1422
1205500403510622 1861.9648
1205500404010225 1864.7115
1205500404510023 1861.9648
1205500405010014 1850.9783
1205500405510562 1867.4583
1205500406010350 1834.6355
1205500406510412 1815.4089
1205500407010958 1798.929
1205500407510992 1820.9022
1205500408010513 1853.7249
1205500408510351 1859.2183
1205500409010142 1859.2183
1205500409510772 1842.7382
1205500500010194 1848.2316
1205500500510776 1845.4849
1205500501010755 1818.1555
1205500501510556 1823.6489
1205500502010360 1856.4716
1205500502510919 1881.1915
1205500503010690 1867.4583
1205500503510714 1870.2048
1205500504010313 1861.9648
1205500504510102 1839.9916
1205500505010099 1809.9155
1205500505510887 1853.7249
1205500506010704 1878.4448
1205500506510483 1867.4583
1205500507010265 1867.4583
1205500507510067 1861.9648
1205500508010866 1842.7382
1205500508510664 1856.4716
1205500509010422 1905.7742
1205500509510017 1883.8009
1205500600010905 1894.7876
1205500600510089 1859.2183
1205500601010847 1829.1422
1205500601510458 1881.1915
1205500602010237 1900.2809
1205500602510250 1881.1915
1205500603010826 1872.9515
1205500603510568 1848.2316
1205500604010399 1856.4716
1205500604510184 1911.2676
1205500605010954 1892.0409
1205500605510983 1883.8009
1205500606010560 1856.4716
1205500606510341 1842.7382
1205500607010362 1903.0276
1205500607510139 1878.4448
1205500608020967 1889.2942
1205500608510753 1867.4583
1205500609010517 1845.4849
1205500700020391 1900.2809
1205500700520176 1905.7742
1205500701020961 1859.2183
1205500701510746 1837.3822