1204903002470428 0
1204903002970264 0
1204903003470031 0
1204903003970828 0
1204903005970984 0
1204903006470796 0
1204903006970565 0
1204903008470970 0
1204903008970729 0
1204903100470376 0
1204903100970162 0
1204903101970753 0
1204903102470549 0
1204903103970919 0
1204903105470311 0
1204903105970077 0
1204903106470098 0
1204903107470459 0
1204903107970243 0
1204903108470246 0
1204903109470629 0
1204903200480557 0
1204903200980259 0
1204903201480041 0
1204903202480625 0
1204903202980425 0
1204903203980010 0
1204903205480402 0
1204903207480572 0
1204903207980339 0
1204903209480721 0
1204903209980504 0
1204903300980350 0
1204903301480133 0
1204903302980515 0
1204903303480299 0
1204903304980683 0
1204903306480062 0
1204903306980842 0
1204903307980429 0
1204903308480229 0
1204903308980008 0
1204903309480815 0
1204903400480647 0
1204903401980018 0
1204903403480392 0
1204903403980186 0
1204903404980768 0
1204903405980343 0
1204903406480152 0
1204903406980926 0
1204903407980535 0
1204903408480326 0
1204903409980480 0
1204903500480732 0
1204903500980373 0
1204903501980153 0
1204903502480903 0
1204903502980496 0
1204903503980300 0
1204903504480067 0
1204903504980642 0
1204903505480655 0
1204903506980038 0
1204903507480827 0