1204203003280964 1196.5851
1204203003780789 1193.8384
1204203004280568 1207.5717
1204203004780333 1199.3317
1204203005280122 1202.0784
1204203005780041 1199.3317
1204203006280718 1210.3184
1204203006780499 1188.3451
1204203007280414 1204.8251
1204203007780101 1210.3184
1204203008280889 1177.4957
1204203008780711 1191.0917
1204203009280486 1218.5583
1204203009780269 1169.2557
1204203100280291 1204.8251
1204203100780121 1193.8384
1204203101280908 1182.8517
1204203101780685 1196.5851
1204203102280582 1180.2424
1204203102780294 1177.4957
1204203103280068 1196.5851
1204203103780961 1150.029
1204203104280668 1166.509
1204203104780445 1182.8517
1204203105280214 1158.269
1204203105780016 1155.5223
1204203106280834 1150.029
1204203106780594 1163.7623
1204203107280395 1172.0024
1204203107780213 1152.7758
1204203108280977 1174.749
1204203108780873 1122.6997
1204203109280548 1141.7891
1204203109780368 1133.6864
1204203200280498 1163.7623
1204203200780190 1166.509
1204203201290000 1147.2823
1204203201780781 1158.269
1204203202280562 1130.9397
1204203202780347 1141.7891
1204203203280164 1128.1931
1204203203780035 1161.0157
1204203204280723 1141.7891
1204203204780546 1139.0424
1204203205280409 1172.0024
1204203205780104 1133.6864
1204203206280882 1150.029
1204203206780711 1130.9397
1204203207280491 1141.7891
1204203207780260 1111.713
1204203208280041 1130.9397
1204203208780872 1122.6997
1204203209280636 1136.4331
1204203209780424 1136.4331
1204203300280580 1133.6864
1204203300780276 1128.1931
1204203301280049 1147.2823
1204203301780954 1133.6864
1204203302280657 1114.4597
1204203302780433 1139.0424
1204203303280223 1111.713
1204203303780039 1114.4597
1204203304280822 1119.953
1204203304780598 1108.9664
1204203305280390 1111.713
1204203305780201 1103.473
1204203306280985 1095.233
1204203306790871 1089.8771
1204203307280582 1108.9664
1204203307780366 1076.1437
1204203308280235 1103.473
1204203308780964 1092.6238
1204203309280752 1097.9797
1204203309780520 1100.7264
1204203400280559 1092.6238
1204203400780381 1084.3838
1204203401280160 1062.4104
1204203401790031 1097.9797
1204203402280711 1084.3838
1204203402780548 1111.713
1204203403290405 1092.6238
1204203403780094 1092.6238
1204203404280881 1095.233
1204203404780693 1078.8904
1204203405280472 1076.1437
1204203405780258 1081.6371
1204203406280078 1114.4597
1204203406780855 1095.233
1204203407280638 1097.9797
1204203407780417 1078.8904
1204203408290317 1062.4104
1204203408780019 1092.6238
1204203409280795 1084.3838
1204203409790693 1089.8771
1204203500280662 1103.473
1204203500780432 1117.2064
1204203501280256 1100.7264
1204203501780045 1097.9797
1204203502280814 1100.7264
1204203502780596 1081.6371
1204203503280432 1111.713
1204203503780196 1078.8904
1204203504280973 1122.6997
1204203504790857 1106.2197
1204203505280583 1117.2064
1204203505780352 1097.9797
1204203506290232 1133.6864
1204203506790966 1114.4597
1204203507280735 1125.4464
1204203507780507 1128.1931
1204203508290345 1128.1931
1204203508780118 1130.9397
1204203509280893 1130.9397
1204203509790772 1125.4464
1204203600290755 1141.7891
1204203600780530 1130.9397
1204203601290398 1161.0157
1204203601780093 1114.4597
1204203602290912 1141.7891
1204203602780695 1139.0424
1204203603280464 1166.509
1204203603790298 1150.029
1204203604290075 1172.0024
1204203604780850 1177.4957
1204203605280633 1141.7891
1204203605790463 1177.4957
1204203606290313 1196.5851
1204203606780005 1174.749