1204305502350523 1437.605
1204305502850374 1464.9343
1204305503350080 1451.2009
1204305503850905 1453.9476
1204305504350673 1421.125
1204305504850462 1473.1743
1204305505350297 1440.3517
1204305505850056 1456.6943
1204305506350833 1432.1117
1204305506850627 1462.1876
1204305507350446 1470.4276
1204305507860285 1453.9476
1204305508350998 1421.125
1204305508850831 1467.681
1204305509360733 1443.0983
1204305509850389 1459.4409
1204305600350424 1429.365
1204305600850242 1448.4543
1204305601350020 1456.6943
1204305601850801 1445.7076
1204305602350624 1434.8583
1204305602850412 1423.8717
1204305603350180 1462.1876
1204305603850964 1434.8583
1204305604360828 1443.0983
1204305604850564 1407.3916
1204305605350338 1437.605
1204305605860200 1451.2009
1204305606360993 1440.3517
1204305606850710 1432.1117
1204305607350502 1407.3916
1204305607850326 1432.1117
1204305608350097 1445.7076
1204305608850883 1443.0983
1204305609360705 1426.6183
1204305609850480 1399.289
1204305700350509 1412.885
1204305700860370 1443.0983
1204305701360117 1432.1117
1204305701850899 1429.365
1204305702360748 1423.8717
1204305702860504 1401.8983
1204305703350273 1421.125
1204305703850063 1448.4543
1204305704350835 1418.3783
1204305704860667 1429.365
1204305705360440 1410.1383
1204305705860284 1401.8983
1204305706350004 1434.8583
1204305706860831 1423.8717
1204305707360655 1432.1117
1204305707850373 1421.125
1204305708360210 1396.5424
1204305708860984 1404.645
1204305709360757 1423.8717
1204305709860546 1429.365
1204305800360623 1418.3783
1204305800860388 1426.6183
1204305801360173 1404.645
1204305801860006 1393.7957
1204305802360826 1423.8717
1204305802860553 1429.365
1204305803360336 1421.125
1204305803860196 1404.645
1204305804360930 1410.1383
1204305804860718 1385.5557
1204305805360545 1401.8983
1204305805860320 1429.365
1204305806360099 1407.3916
1204305806860872 1415.6317
1204305807360700 1404.645
1204305807860481 1396.5424
1204305808360253 1380.0624
1204305808860180 1391.049
1204305809360866 1418.3783
1204305809860635 1415.6317
1204305900360740 1407.3916
1204305900860505 1393.7957
1204305901360277 1407.3916
1204305901860042 1396.5424
1204305902360886 1360.8357
1204305902860660 1393.7957
1204305903360427 1399.289
1204305903860275 1426.6183
1204305904360042 1393.7957
1204305904860007 1401.8983
1204305905360651 1393.7957
1204305905860586 1399.289
1204305906360193 1380.0624
1204305906860041 1363.5823
1204305907360755 1385.5557
1204305907860577 1399.289
1204305908360354 1418.3783
1204305908860187 1393.7957
1204305909360919 1396.5424
1204305909860742 1388.3024
1204400000360821 1401.8983
1204400000860547 1391.049
1204400001360372 1366.329
1204400001860190 1374.569
1204400002360929 1380.0624
1204400002860713 1407.3916
1204400003360541 1399.289
1204400003860319 1401.8983
1204400004360084 1377.3157
1204400004860918 1410.1383
1204400005360696 1391.049
1204400005860465 1380.0624
1204400006360253 1374.569
1204400006860123 1371.8224
1204400007360846 1396.5424
1204400007860629 1407.3916
1204400008360477 1410.1383
1204400008860232 1385.5557
1204400009360006 1407.3916
1204400009860797 1396.5424
1204400100360870 1393.7957
1204400100860643 1377.3157
1204400101360432 1369.0757
1204400101860274 1412.885
1204400102360026 1412.885
1204400102860813 1407.3916
1204400103360646 1396.5424
1204400103860409 1415.6317
1204400104360193 1399.289
1204400104860965 1374.569
1204400105360750 1380.0624
1204400105860576 1399.289
1204400106360349 1426.6183
1204400106860128 1404.645
1204400107360963 1407.3916
1204400107860738 1401.8983
1204400108360555 1396.5424
1204400108860341 1393.7957
1204400109360115 1377.3157
1204400109860932 1421.125
1204400200360921 1415.6317
1204400200860758 1404.645
1204400201360531 1401.8983
1204400201860300 1407.3916
1204400202360090 1391.049
1204400202860904 1366.329
1204400203360685 1385.5557
1204400203860526 1401.8983
1204400204360289 1418.3783
1204400204860100 1396.5424
1204400205360851 1407.3916
1204400205860630 1396.5424
1204400206360476 1393.7957
1204400206860231 1380.0624
1204400207360003 1355.4796
1204400207860838 1363.5823
1204400208360618 1385.5557
1204400208860386 1396.5424
1204400209360165 1391.049
1204400209860017 1388.3024
1204400300360024 1366.329
1204400300860799 1393.7957
1204400301360647 1388.3024
1204400301860409 1380.0624
1204400302360185 1388.3024
1204400302860962 1352.733
1204400303360799 1360.8357
1204400303860565 1369.0757
1204400304360334 1377.3157
1204400304860179 1388.3024
1204400305360946 1407.3916
1204400305860721 1385.5557
1204400306360557 1388.3024
1204400306860324 1382.809
1204400307360102 1393.7957
1204400307860925 1391.049
1204400308360708 1366.329
1204400308860491 1363.5823
1204400309360271 1358.089
1204400309860047 1385.5557
1204400400360125 1396.5424
1204400400860911 1407.3916
1204400401360687 1388.3024
1204400401860462 1393.7957
1204400402360293 1385.5557
1204400402860094 1399.289
1204400403360851 1388.3024
1204400403860680 1360.8357
1204400404360469 1369.0757
1204400404860214 1380.0624
1204400405360005 1407.3916
1204400405860834 1407.3916
1204400406360598 1399.289
1204400406860379 1374.569
1204400407360210 1391.049