1204205208300771 1108.9664
1204205208800539 1128.1931
1204205209300314 1117.2064
1204205209800120 1103.473
1204205300800954 1122.6997
1204205301300736 1130.9397
1204205301800561 1125.4464
1204205302300337 1117.2064
1204205302800123 1119.953
1204205303300899 1136.4331
1204205303800721 1125.4464
1204205304300504 1144.5358
1204205304800285 1136.4331
1204205305300102 1152.7758
1204205305800887 1125.4464
1204205306300663 1144.5358
1204205306800444 1119.953
1204205307300271 1152.7758
1204205307800044 1103.473
1204205308300815 1144.5358
1204205308800654 1161.0157
1204205309300426 1161.0157
1204205309800192 1155.5223
1204205400300232 1163.7623
1204205400800062 1155.5223
1204205401300836 1133.6864
1204205401800608 1161.0157
1204205402300398 1177.4957
1204205402800219 1158.269
1204205403300996 1182.8517
1204205403800836 1133.6864
1204205404300597 1180.2424
1204205404800369 1174.749
1204205405300151 1166.509
1204205405800981 1185.5984
1204205406300759 1155.5223
1204205406800537 1180.2424
1204205407300316 1185.5984
1204205407800143 1155.5223
1204205408300926 1161.0157
1204205408800699 1188.3451
1204205409300476 1172.0024
1204205409800314 1196.5851
1204205500300336 1158.269
1204205500800107 1188.3451
1204205501300953 1196.5851
1204205501800712 1166.509
1204205502300489 1182.8517
1204205502800284 1182.8517
1204205503300106 1182.8517
1204205503800869 1188.3451
1204205504300656 1177.4957
1204205504800486 1193.8384
1204205505300249 1204.8251
1204205505800023 1172.0024
1204205506300818 1182.8517
1204205506800633 1199.3317
1204205507300407 1163.7623
1204205507800192 1188.3451
1204205508300021 1218.5583
1204205508800798 1169.2557
1204205509300577 1177.4957
1204205509800352 1204.8251
1204205600300429 1166.509
1204205600800217 1177.4957
1204205601300984 1202.0784
1204205601800774 1185.5984
1204205602300605 1182.8517
1204205602800367 1199.3317
1204205603300148 1174.749
1204205603800984 1188.3451
1204205604300839 1174.749
1204205604800527 1191.0917
1204205605300311 1193.8384
1204205605800133 1172.0024
1204205606300903 1199.3317
1204205606800686 1204.8251
1204205607300515 1174.749
1204205607800292 1191.0917
1204205608300059 1199.3317
1204205608800907 1169.2557
1204205609300670 1188.3451
1204205609800449 1177.4957
1204205700300485 1188.3451
1204205700800311 1177.4957
1204205701300081 1174.749
1204205701800868 1188.3451
1204205702300687 1199.3317
1204205702800470 1155.5223
1204205703300257 1191.0917
1204205703800020 1202.0784
1204205704300852 1161.0157
1204205704800635 1185.5984
1204205705300406 1202.0784
1204205705800183 1180.2424
1204205706300014 1172.0024
1204205706800796 1191.0917
1204205707300563 1177.4957
1204205707800401 1193.8384
1204205708300169 1166.509
1204205708800949 1196.5851
1204205709300738 1196.5851
1204205709800553 1166.509
1204205800300586 1191.0917
1204205800800355 1185.5984
1204205801300196 1191.0917
1204205801800964 1180.2424
1204205802300735 1172.0024
1204205802800523 1185.5984
1204205803300345 1199.3317
1204205803800124 1144.5358
1204205804300909 1193.8384
1204205804800731 1188.3451
1204205805300508 1161.0157
1204205805800301 1177.4957
1204205806300062 1185.5984
1204205806800895 1169.2557
1204205807300675 1177.4957
1204205807800442 1163.7623
1204205808300228 1185.5984
1204205808800056 1188.3451
1204205809300832 1147.2823
1204205809800612 1196.5851
1204205900300695 1182.8517
1204205900800462 1166.509
1204205901300241 1182.8517
1204205901800019 1174.749
1204205902300853 1177.4957
1204205902800622 1191.0917
1204205903300402 1158.269
1204205903800240 1182.8517
1204205904300002 1210.3184
1204205904800779 1152.7758
1204205905300563 1188.3451
1204205905800391 1191.0917
1204205906300155 1172.0024
1204205906800941 1180.2424
1204205907300766 1177.4957
1204205907800542 1180.2424
1204205908300329 1193.8384
1204205908810328 1147.2823
1204205909300001 1182.8517
1204205909810953 1191.0917
1204300000300733 1163.7623
1204300000800636 1185.5984
1204300001300351 1177.4957
1204300001800121 1185.5984
1204300002300905 1196.5851
1204300002800728 1163.7623
1204300003300503 1180.2424
1204300003800274 1202.0784
1204300004300067 1150.029
1204300004800885 1172.0024
1204300005300661 1182.8517
1204300005800435 1166.509
1204300006300268 1180.2424
1204300006800034 1166.509
1204300007300813 1185.5984
1204300007800598 1185.5984
1204300008300420 1163.7623
1204300008800196 1185.5984
1204300009300982 1193.8384
1204300009800800 1180.2424
1204300100300837 1185.5984
1204300100800615 1174.749
1204300101300401 1185.5984
1204300101800228 1196.5851
1204300102300005 1155.5223
1204300102800774 1174.749
1204300103300562 1185.5984
1204300103800391 1158.269
1204300104300154 1163.7623
1204300104800939 1177.4957
1204300105300771 1177.4957
1204300105800543 1188.3451
1204300106300316 1158.269
1204300106800099 1202.0784
1204300107300930 1191.0917
1204300107800689 1166.509
1204300108300479 1177.4957
1204300108800306 1180.2424
1204300109300079 1177.4957
1204300109800850 1180.2424
1204300200300900 1155.5223
1204300200800718 1177.4957
1204300201300487 1202.0784
1204300201800275 1144.5358
1204300202300104 1182.8517
1204300202800878 1191.0917
1204300203300657 1177.4957
1204300203800438 1174.749
1204300204300253 1172.0024
1204300204800042 1177.4957
1204300205300817 1191.0917
1204300205800642 1144.5358
1204300206310526 1188.3451
1204300206800194 1185.5984
1204300207300978 1177.4957
1204300207800804 1180.2424
1204300208300575 1172.0024
1204300208800363 1169.2557
1204300209310194 1196.5851
1204300209800964 1144.5358
1204300300300981 1172.0024
1204300300800772 1188.3451
1204300301310604 1155.5223
1204300301800365 1174.749
1204300302300142 1163.7623
1204300302810986 1182.8517
1204300303310756 1169.2557
1204300303800535 1177.4957
1204300304300314 1169.2557
1204300304810138 1152.7758
1204300305310916 1169.2557
1204300305800693 1188.3451
1204300306310516 1147.2823
1204300306810292 1163.7623
1204300307310073 1172.0024
1204300307800848 1180.2424
1204300308310676 1180.2424
1204300308810465 1139.0424
1204300309310231 1188.3451
1204300309810015 1161.0157
1204300400310103 1169.2557
1204300400810877 1182.8517
1204300401310650 1133.6864
1204300401810480 1163.7623
1204300402310252 1180.2424