1204401002870561 1421.125
1204401003370370 1423.8717
1204401003870174 1399.289
1204401004370947 1410.1383
1204401004870734 1448.4543
1204401005370513 1434.8583
1204401005870337 1443.0983
1204401006370112 1421.125
1204401006870885 1415.6317
1204401007370674 1467.681
1204401007870504 1443.0983
1204401008370277 1453.9476
1204401008870045 1410.1383
1204401009370887 1467.681
1204401009870657 1448.4543
1204401100370677 1473.1743
1204401100870468 1443.0983
1204401101370295 1462.1876
1204401101870059 1481.4143
1204401102370846 1467.681
1204401102870679 1440.3517
1204401103370443 1497.757
1204401103870222 1475.921
1204401104370010 1448.4543
1204401104870828 1484.161
1204401105370603 1484.161
1204401105870389 1467.681
1204401106370208 1481.4143
1204401106870124 1492.2637
1204401107370767 1497.757
1204401107870553 1467.681
1204401108370372 1508.7437
1204401108870154 1495.0103
1204401109370923 1473.1743
1204401109870709 1522.4769
1204401200370790 1497.757
1204401201370362 1505.997
1204401201870174 1500.5037
1204401202370945 1514.2369
1204401202870737 1508.7437
1204401203370555 1486.9076
1204401203870329 1549.8063
1204401204370096 1516.9836
1204401204870877 1492.2637
1204401205370713 1536.073
1204401205870484 1508.7437
1204401206370273 1533.3263
1204401206870093 1533.3263
1204401207370864 1505.997
1204401207870648 1522.4769
1204401208370430 1511.4904
1204401208870250 1538.8196
1204401209370023 1505.997
1204401209870809 1495.0103
1204401300370886 1538.8196
1204401300870662 1527.9703
1204401301370452 1511.4904
1204401301870219 1533.3263
1204401302370042 1497.757
1204401302870829 1530.7169
1204401303370600 1522.4769
1204401303870385 1497.757
1204401304370212 1516.9836
1204401304870171 1486.9076
1204401305370758 1533.3263
1204401305870595 1500.5037
1204401306370370 1475.921
1204401306870136 1533.3263
1204401307370925 1516.9836
1204401307870754 1495.0103
1204401308370517 1525.2236
1204401308870296 1516.9836
1204401309370132 1516.9836
1204401309870899 1525.2236
1204401400370933 1484.161
1204401400870732 1530.7169
1204401401370550 1511.4904
1204401401870315 1505.997
1204401402370105 1511.4904
1204401402870922 1505.997
1204401403370696 1525.2236
1204401403870490 1511.4904
1204401404370273 1484.161
1204401404870084 1538.8196
1204401405370864 1516.9836
1204401405870641 1478.6676
1204401406370463 1533.3263
1204401406870254 1503.2502
1204401407370021 1505.997
1204401407870809 1511.4904
1204401408370632 1497.757
1204401408870401 1514.2369
1204401409370180 1511.4904
1204401409870963 1481.4143
1204401500370042 1516.9836
1204401500870814 1519.7303
1204401501370596 1478.6676
1204401501870427 1522.4769
1204401502370192 1500.5037
1204401502870969 1500.5037
1204401503370759 1497.757
1204401503870574 1492.2637
1204401504370352 1497.757
1204401504870139 1495.0103
1204401505370963 1486.9076
1204401505870743 1511.4904
1204401506370519 1500.5037
1204401506870305 1470.4276
1204401507370121 1519.7303
1204401507870902 1489.517
1204401508370673 1478.6676
1204401508870507 1508.7437
1204401509370287 1500.5037
1204401509870062 1462.1876
1204401600370093 1516.9836
1204401600870931 1503.2502
1204401601370693 1451.2009
1204401601870470 1530.7169
1204401602370306 1489.517
1204401602870079 1456.6943
1204401603370849 1522.4769
1204401603870690 1484.161
1204401604370470 1459.4409
1204401604870231 1505.997
1204401605370005 1492.2637
1204401605870804 1459.4409
1204401606370619 1508.7437
1204401606870390 1478.6676
1204401607370178 1467.681
1204401607870998 1500.5037
1204401608370776 1475.921
1204401608870554 1473.1743
1204401609370381 1484.161
1204401609870156 1489.517
1204401700370197 1475.921
1204401700870977 1475.921
1204401701370796 1489.517
1204401701870575 1492.2637
1204401702370348 1456.6943
1204401702870177 1495.0103
1204401703370968 1503.2502
1204401703870735 1456.6943
1204401704370509 1489.517
1204401704870346 1484.161
1204401705370116 1481.4143
1204401705870891 1462.1876
1204401706370724 1497.757
1204401706870502 1478.6676
1204401707370266 1453.9476
1204401707870049 1500.5037
1204401708370888 1484.161
1204401708870659 1443.0983
1204401709370429 1489.517
1204401709870219 1475.921
1204401800370295 1462.1876
1204401800870065 1481.4143
1204401801370850 1478.6676
1204401801870677 1486.9076
1204401802370454 1448.4543
1204401802870233 1489.517
1204401803370013 1492.2637
1204401803870837 1464.9343
1204401804370614 1486.9076
1204401804870390 1478.6676
1204401805370213 1489.517
1204401805870997 1451.2009
1204401806370777 1503.2502
1204401806870551 1478.6676
1204401807370382 1437.605
1204401807870155 1500.5037
1204401808370926 1473.1743
1204401808870767 1470.4276
1204401809370538 1478.6676
1204401809870304 1486.9076
1204401900370352 1473.1743
1204401900870183 1462.1876
1204401901370949 1495.0103
1204401901870731 1495.0103
1204401902370562 1462.1876
1204401902870324 1492.2637
1204401903370103 1500.5037