1204301004820700 1117.2064
1204301005320486 1103.473
1204301005820308 1130.9397
1204301006320081 1095.233
1204301006820857 1136.4331
1204301007320700 1111.713
1204301007820468 1133.6864
1204301008320238 1111.713
1204301008820075 1119.953
1204301009320853 1133.6864
1204301009820616 1144.5358
1204301100320653 1152.7758
1204301100820490 1158.269
1204301101320249 1174.749
1204301101820034 1133.6864
1204301102320822 1155.5223
1204301102820642 1158.269
1204301103320415 1177.4957
1204301103820200 1182.8517
1204301104320025 1158.269
1204301104820832 1172.0024
1204301105320574 1174.749
1204301105820354 1174.749
1204301106320186 1182.8517
1204301106820958 1163.7623
1204301107320736 1177.4957
1204301107820556 1204.8251
1204301108320348 1161.0157
1204301108820114 1207.5717
1204301109320901 1213.0651
1204301109820733 1169.2557
1204301200320755 1202.0784
1204301200820528 1215.8116
1204301201320361 1180.2424
1204301201820139 1210.3184
1204301202320908 1215.8116
1204301202820696 1213.0651
1204301203320527 1213.0651
1204301203820294 1218.5583
1204301204320069 1232.1544
1204301204820904 1188.3451
1204301205320674 1232.1544
1204301205820447 1221.305
1204301206320236 1237.6477
1204301206820053 1204.8251
1204301207320832 1243.141
1204301207820617 1248.6344
1204301208320403 1229.4077
1204301208820216 1232.1544
1204301209320999 1240.3944
1204301209820778 1251.381
1204301300320853 1254.1277
1204301300820642 1229.4077
1204301301320407 1254.1277
1204301301820234 1259.621
1204301302320021 1259.621
1204301302820789 1270.4703
1204301303320572 1234.901
1204301303820404 1262.3677
1204301304320174 1278.7103
1204301304820943 1267.8611
1204301305320733 1289.697
1204301305820560 1265.1144
1204301306320328 1251.381
1204301306820107 1265.1144
1204301307320943 1262.3677
1204301307820709 1278.7103
1204301308320485 1286.9503
1204301308820329 1275.9637
1204301309320092 1243.141
1204301309820866 1267.8611
1204301400320910 1275.9637
1204301400820734 1265.1144
1204301401320512 1292.4437
1204301401820290 1265.1144
1204301402320068 1248.6344
1204301402820893 1265.1144
1204301403320675 1265.1144
1204301403820446 1278.7103
1204301404320268 1278.7103
1204301404820058 1275.9637
1204301405320827 1243.141
1204301405820605 1273.217
1204301406320439 1278.7103
1204301406820208 1270.4703
1204301407320983 1286.9503
1204301407820823 1248.6344
1204301408320598 1265.1144
1204301408820365 1270.4703
1204301409320145 1262.3677
1204301409820980 1278.7103
1204301500320004 1265.1144
1204301500820778 1254.1277
1204301501320616 1243.141
1204301501820388 1259.621
1204301502320158 1270.4703
1204301502820947 1270.4703
1204301503320770 1273.217
1204301503820551 1229.4077
1204301504320325 1267.8611
1204301504820150 1267.8611
1204301505320930 1259.621
1204301505820712 1289.697
1204301506320485 1248.6344
1204301506820310 1254.1277
1204301507320096 1262.3677
1204301507820070 1259.621
1204301508320691 1278.7103
1204301508820648 1267.8611
1204301509320250 1240.3944
1204301509820082 1248.6344
1204301600320114 1265.1144
1204301600820892 1265.1144
1204301601320655 1278.7103
1204301601820449 1248.6344
1204301602320273 1240.3944
1204301602820040 1259.621
1204301603320824 1262.3677
1204301603820658 1275.9637
1204301604320425 1265.1144
1204301604820199 1232.1544
1204301605320987 1262.3677
1204301605820803 1270.4703
1204301606320580 1267.8611
1204301606820360 1281.457
1204301607320191 1251.381
1204301607820968 1248.6344
1204301608320747 1267.8611
1204301608820569 1262.3677
1204301609320351 1286.9503
1204301609820129 1278.7103
1204301700320161 1245.8877
1204301700820988 1259.621
1204301701320770 1267.8611
1204301701820539 1270.4703
1204301702320322 1275.9637
1204301702820149 1270.4703
1204301703320927 1237.6477
1204301703820694 1265.1144
1204301704320537 1286.9503
1204301704820308 1267.8611
1204301705320078 1289.697
1204301705820864 1262.3677
1204301706320690 1243.141
1204301706820462 1259.621
1204301707320239 1267.8611
1204301707820027 1273.217
1204301708320848 1284.2037
1204301708820616 1270.4703
1204301709320404 1240.3944
1204301709820230 1262.3677
1204301800320257 1278.7103
1204301800820042 1265.1144
1204301801320865 1286.9503
1204301801820647 1256.8744
1204301802320424 1254.1277
1204301802820195 1267.8611
1204301803320022 1267.8611
1204301803820806 1270.4703
1204301804320579 1278.7103
1204301804820406 1265.1144
1204301805320191 1243.141
1204301805820964 1273.217
1204301806320739 1278.7103
1204301806820578 1275.9637
1204301807320353 1284.2037
1204301807820116 1240.3944
1204301808320907 1248.6344
1204301808820731 1273.217
1204301809320501 1259.621
1204301809820283 1286.9503
1204301900320368 1267.8611
1204301900820138 1248.6344
1204301901320910 1254.1277
1204301901820697 1267.8611
1204301902320517 1270.4703
1204301902820294 1273.217
1204301903320075 1273.217
1204301903820906 1232.1544
1204301904320679 1267.8611
1204301904820459 1270.4703
1204301905320245 1262.3677
1204301905820065 1284.2037
1204301906320849 1256.8744
1204301906820620 1251.381
1204301907320444 1273.217
1204301907820229 1262.3677
1204301908320006 1284.2037
1204301908820826 1270.4703
1204301909320614 1248.6344
1204301909820385 1240.3944
1204302000320411 1265.1144
1204302000820250 1265.1144
1204302001320019 1281.457
1204302001820793 1275.9637
1204302002320582 1234.901
1204302002820402 1270.4703
1204302003320177 1275.9637
1204302003820949 1267.8611
1204302004320785 1286.9503
1204302004820562 1256.8744
1204302005320331 1254.1277
1204302005820116 1265.1144
1204302006320942 1262.3677
1204302006820715 1278.7103
1204302007320495 1270.4703
1204302007820282 1237.6477
1204302008320100 1251.381
1204302008820886 1256.8744
1204302009320660 1259.621
1204302009820483 1267.8611
1204302100320521 1237.6477
1204302100820296 1248.6344
1204302101320075 1262.3677
1204302101820910 1256.8744
1204302102320675 1273.217
1204302102820453 1232.1544
1204302103320287 1248.6344
1204302103820060 1259.621
1204302104320829 1259.621
1204302104820619 1262.3677
1204302105320443 1232.1544
1204302105820214 1248.6344
1204302106320992 1262.3677
1204302106820827 1259.621
1204302107320595 1259.621
1204302107820368 1243.141
1204302108320154 1240.3944