1204304008840664 1380.0624
1204304009340321 1366.329
1204304009840119 1380.0624
1204304100340195 1355.4796
1204304100840964 1391.049
1204304101340755 1401.8983
1204304101840578 1426.6183
1204304102340352 1401.8983
1204304102840120 1426.6183
1204304103340913 1418.3783
1204304103840839 1380.0624
1204304104340509 1423.8717
1204304104840296 1443.0983
1204304105340200 1432.1117
1204304105840961 1434.8583
1204304106340678 1401.8983
1204304106840459 1434.8583
1204304107340270 1456.6943
1204304107840056 1445.7076
1204304108340827 1456.6943
1204304108840658 1410.1383
1204304109340435 1473.1743
1204304109840207 1453.9476
1204304200340375 1478.6676
1204304200840081 1434.8583
1204304201340844 1486.9076
1204304201840746 1481.4143
1204304202840234 1470.4276
1204304203340996 1489.517
1204304203840844 1495.0103
1204304204340616 1456.6943
1204304204840380 1525.2236
1204304205340287 1481.4143
1204304205840997 1470.4276
1204304206340766 1525.2236
1204304206840657 1486.9076
1204304207340330 1470.4276
1204304207840149 1516.9836
1204304208340923 1505.997
1204304208840709 1481.4143
1204304209340485 1522.4769
1204304209840305 1497.757
1204304300340351 1503.2502
1204304300840122 1516.9836
1204304301340945 1497.757
1204304301840825 1530.7169
1204304302340499 1525.2236
1204304302840281 1497.757
1204304303340200 1511.4904
1204304303840892 1519.7303
1204304304340661 1527.9703
1204304304840494 1525.2236
1204304305340269 1481.4143
1204304305840038 1558.0463
1204304306340828 1527.9703
1204304306840653 1527.9703
1204304307340418 1538.8196
1204304307840203 1503.2502
1204304308340112 1536.073
1204304308840808 1519.7303
1204304309340577 1549.8063
1204304309840484 1525.2236
1204304400340448 1519.7303
1204304400840216 1538.8196
1204304401340001 1527.9703
1204304401840825 1549.8063
1204304402340598 1530.7169
1204304402840388 1555.2996
1204304403340279 1544.313
1204304403840984 1527.9703
1204304404340768 1544.313
1204304404840654 1516.9836
1204304405340364 1544.313
1204304405840149 1525.2236
1204304406340923 1566.2863
1204304406840702 1558.0463
1204304407340538 1552.553
1204304407840506 1569.033
1204304408340077 1538.8196
1204304408840864 1549.8063
1204304409340687 1522.4769
1204304409840573 1552.553
1204304500340495 1538.8196
1204304500840327 1560.793
1204304501340196 1533.3263
1204304502340663 1566.2863
1204304502840482 1571.7797
1204304503340254 1566.2863
1204304503840039 1571.7797
1204304504340864 1563.5397
1204304504840640 1566.2863
1204304505340426 1574.5262
1204304505840244 1577.1356
1204304506340105 1560.793
1204304506840804 1549.8063
1204304507340578 1569.033
1204304507840485 1555.2996
1204304508340192 1552.553
1204304508840960 1527.9703
1204304509340740 1569.033
1204304509840571 1525.2236
1204304600340603 1552.553
1204304600840373 1519.7303
1204304601340272 1569.033
1204304601840983 1544.313
1204304602340750 1563.5397
1204304602840649 1549.8063
1204304603340367 1571.7797
1204304603840135 1536.073
1204304604340918 1519.7303
1204304604840747 1538.8196
1204304605340517 1516.9836
1204304605840298 1547.0596
1204304606340076 1527.9703
1204304606840900 1549.8063
1204304607340676 1527.9703
1204304607840558 1505.997
1204304608340241 1536.073
1204304608840055 1522.4769
1204304609340937 1536.073
1204304609840614 1538.8196
1204304700340695 1497.757
1204304700840478 1525.2236
1204304701340257 1503.2502
1204304701840081 1541.5663
1204304702340864 1508.7437
1204304702840637 1484.161
1204304703340416 1533.3263
1204304703840253 1519.7303
1204304704340098 1508.7437
1204304704840792 1516.9836
1204304705340624 1500.5037
1204304705840480 1519.7303
1204304706340172 1527.9703
1204304706840953 1475.921
1204304707340787 1527.9703
1204304707840553 1508.7437
1204304708340329 1500.5037
1204304708840124 1503.2502
1204304709340014 1500.5037
1204304709840716 1519.7303
1204304800340749 1492.2637
1204304800840647 1478.6676
1204304801340350 1516.9836
1204304801840136 1495.0103
1204304802340918 1467.681
1204304802840735 1527.9703
1204304803340520 1503.2502
1204304803840299 1462.1876
1204304804340121 1519.7303
1204304804840904 1495.0103
1204304805340674 1475.921
1204304805840553 1522.4769
1204304806340281 1497.757
1204304806840059 1467.681
1204304807340927 1522.4769
1204304807840662 1497.757
1204304808340444 1467.681
1204304808840209 1516.9836
1204304809340992 1495.0103
1204304809840827 1467.681
1204304900350855 1511.4904
1204304900850623 1489.517
1204304901350410 1456.6943
1204304901850234 1519.7303
1204304902350102 1484.161
1204304902850799 1462.1876
1204304903350615 1508.7437
1204304903850475 1484.161
1204304904350170 1451.2009
1204304904850954 1500.5037
1204304905350772 1484.161
1204304905850554 1453.9476
1204304906350337 1503.2502
1204304906850159 1464.9343
1204304907350012 1475.921
1204304907850713 1478.6676
1204304908350489 1486.9076
1204304908850387 1484.161
1204304909350093 1456.6943
1204304909850870 1495.0103
1204305000350962 1475.921
1204305000850737 1470.4276
1204305001350503 1475.921
1204305001850288 1481.4143
1204305002350119 1478.6676
1204305002850893 1440.3517