1205501208010231 1771.5996
1205501208510028 1804.4222
1205501209010651 1837.3822
1205501209510605 1864.7115
1205501300010654 1870.2048
1205501300510285 1848.2316
1205501301010237 1883.8009
1205501301510025 1848.2316
1205501302010821 1883.8009
1205501302510449 1911.2676
1205501303020405 1908.5209
1205501303520200 1900.2809
1205501304010829 1853.7249
1205501304520783 1935.8502
1205501305020570 1903.0276
1205501305520364 1925.0009
1205501306020148 1818.1555
1205501306520944 1889.2942
1205501307010589 1938.5968
1205501307520526 1903.0276
1205501308010150 1837.3822
1205501308520110 1829.1422
1205501309020904 1911.2676
1205501309510529 1872.9515
1205501400020736 1848.2316
1205501400520528 1864.7115
1205501401010162 1839.9916
1205501401510992 1812.6622
1205501402010761 1848.2316
1205501402510533 1856.4716
1205501403010321 1867.4583
1205501403520285 1842.7382
1205501404020071 1834.6355
1205501404510702 1834.6355
1205501405010490 1818.1555
1205501405520443 1829.1422
1205501406010079 1820.9022
1205501406510905 1818.1555
1205501407010682 1801.6755
1205501407520607 1807.169
1205501408010286 1793.5729
1205501408520202 1788.0796
1205501409020989 1785.3329
1205501409510617 1779.8396
1205501500010659 1777.0929
1205501500520619 1782.5862
1205501501020404 1763.3596
1205501501510075 1741.5236
1205501502010833 1711.3103
1205501502520782 1719.5503
1205501503020566 1733.2836
1205501503510212 1716.8036
1205501504020158 1730.5369
1205501504520950 1727.7903
1205501505010576 1689.4742
1205501505510370 1675.741
1205501506020329 1714.0569
1205501506520111 1700.4609
1205501507010744 1727.7903
1205501507510564 1656.6516
1205501508020487 1692.221
1205501508510118 1670.2476
1205501509010908 1694.9675
1205501509520865 1618.3356
1205501600020905 1683.981
1205501600510532 1662.1449
1205501601010326 1659.3983
1205501601520281 1642.9182
1205501602010910 1651.1582
1205501602510702 1620.945
1205501603020656 1637.4249
1205501603520454 1634.6782
1205501604010087 1634.6782
1205501604520028 1620.945
1205501605020827 1642.9182
1205501605510459 1566.2863
1205501606010275 1634.6782
1205501606520195 1593.6156
1205501607010841 1612.8423
1205501607510618 1604.6023
1205501608010408 1596.3623
1205501608520372 1601.8556
1205501609010995 1574.5262
1205501609520815 1579.8823
1205501700020992 1538.8196
1205501700520784 1574.5262
1205501701020442 1536.073
1205501701510205 1569.033
1205501702020019 1511.4904
1205501702510785 1571.7797
1205501703010577 1527.9703
1205501703520544 1577.1356
1205501704020326 1519.7303
1205501704510959 1571.7797
1205501705010746 1525.2236
1205501705520700 1508.7437