1204403603390644 1711.3103
1204403603890363 1747.017
1204403604390135 1736.0303
1204403604890921 1722.2969
1204403605390695 1694.9675
1204403605890481 1719.5503
1204403606390292 1744.2703
1204403606890184 1755.1196
1204403607390855 1755.1196
1204403607890679 1755.1196
1204403608390559 1771.5996
1204403608890242 1768.8529
1204403609390058 1749.7635
1204403609890845 1725.0436
1204403700390876 1730.5369
1204403700890650 1752.3729
1204403701390488 1757.8662
1204403701890255 1749.7635
1204403702390024 1752.3729
1204403702890864 1749.7635
1204403703390733 1766.1062
1204403703890402 1771.5996
1204403704390189 1785.3329
1204403704890100 1774.3462
1204403705390788 1777.0929
1204403705890563 1752.3729
1204403706390401 1760.6129
1204403706890168 1738.7769
1204403707390947 1752.3729
1204403707890728 1744.2703
1204403708390559 1755.1196
1204403708890331 1747.017
1204403709390113 1752.3729
1204403709890016 1755.1196
1204403800390971 1755.1196
1204403800890753 1763.3596
1204403801390641 1763.3596
1204403801890354 1763.3596
1204403802390134 1771.5996
1204403802890909 1777.0929
1204403803390687 1777.0929
1204403803890520 1788.0796
1204403804390295 1790.8262
1204403804890182 1793.5729
1204403805390901 1796.1823
1204403805890674 1809.9155
1204403806390549 1804.4222
1204403806890222 1804.4222
1204403807390054 1807.169
1204403807890824 1809.9155
1204403808390605 1809.9155
1204403808890391 1815.4089
1204403809390207 1815.4089
1204403809890987 1820.9022
1204403900390022 1815.4089
1204403900890844 1804.4222
1204403901390712 1807.169
1204403901890402 1804.4222
1204403902390188 1812.6622
1204403902890097 1801.6755
1204403903390786 1807.169
1204403903890560 1804.4222
1204403904390389 1809.9155
1204403904890168 1807.169
1204403905390942 1804.4222
1204403905890722 1804.4222
1204403906390556 1809.9155
1204403906890326 1804.4222
1204403907390102 1809.9155
1204403907890007 1809.9155
1204403908390713 1812.6622
1204403908890478 1807.169
1204403909390375 1804.4222
1204403909890095 1812.6622
1204404000390115 1804.4222
1204404000890894 1807.169
1204404001390732 1804.4222
1204404001890502 1812.6622
1204404002390273 1804.4222
1204404002890173 1809.9155
1204404003390884 1807.169
1204404003890663 1812.6622
1204404004390541 1807.169
1204404004890442 1815.4089
1204404005390043 1812.6622
1204404005890007 1812.6622
1204404006390605 1809.9155
1204404006890488 1807.169
1204404007390206 1804.4222
1204404007890981 1804.4222
1204404008390770 1812.6622
1204404008890592 1798.929
1204404009390461 1801.6755
1204404009890150 1801.6755
1204404100390231 1798.929
1204404100890091 1801.6755
1204404101390781 1801.6755
1204404101890567 1801.6755
1204404102390390 1796.1823
1204404102890153 1804.4222
1204404103390937 1798.929
1204404103890775 1796.1823
1204404104390543 1796.1823
1204404104890318 1790.8262
1204404105390110 1790.8262
1204404105890997 1801.6755
1204404106390702 1790.8262
1204404106890481 1793.5729
1204404107390367 1785.3329
1204404107890088 1796.1823
1204404108390863 1793.5729
1204404108890642 1793.5729
1204404109390467 1796.1823
1204404109890250 1790.8262
1204404200390276 1796.1823
1204404200890102 1790.8262
1204404201390889 1796.1823
1204404201890658 1793.5729
1204404202390538 1796.1823
1204404202890270 1793.5729
1204404203390039 1798.929
1204404203890915 1796.1823
1204404204390653 1796.1823
1204404204890424 1798.929
1204404205390193 1793.5729
1204404205890985 1790.8262
1204404206390812 1785.3329
1204404206890581 1788.0796
1204404207390454 1763.3596
1204404207890142 1771.5996
1204404208390960 1752.3729
1204404208890819 1744.2703
1204404209390516 1738.7769
1204404209890346 1736.0303
1204404300390377 1741.5236
1204404300890154 1738.7769
1204404301390946 1757.8662
1204404301890760 1766.1062
1204404302390539 1771.5996
1204404302890318 1774.3462
1204404303390141 1777.0929
1204404303890992 1766.1062
1204404304390698 1774.3462
1204404304890520 1777.0929
1204404305390360 1785.3329
1204404305890082 1760.6129
1204404306390856 1747.017
1204404306890702 1722.2969
1204404307390464 1725.0436
1204404307890230 1744.2703
1204404308390021 1736.0303