1205001308520533 1889.2942
1205001309020324 1938.5968
1205001309510951 1946.8369
1205001400020156 1944.0902
1205001400520953 2015.2289
1205001401010582 2001.6328
1205001401520537 2023.4689
1205001402020327 2028.9622
1205001402520114 2078.265
1205001403010743 2050.9355
1205001403520705 2081.0115
1205001404020486 2078.265
1205001404510126 2091.998
1205001405020077 2105.5942
1205001405520868 2108.3408
1205001406010500 2081.0115
1205001406520456 2119.3274
1205001407020238 2144.0474
1205001407520031 2067.278
1205001408010663 2119.3274
1205001408520614 2141.3008
1205001409020408 2105.5942
1205001409520198 2116.5808
1205001500010080 2135.8074
1205001500520029 2138.5542
1205001501020829 2105.5942
1205001501520667 2102.8474
1205001502020410 2119.3274
1205001502520196 2157.6436
1205001503020988 2017.9755
1205001503520813 2064.5315
1205001504020581 2141.3008
1205001504520368 2039.9489
1205001505010999 2053.6821
1205001505520953 2053.6821
1205001506020753 2070.025
1205001506520535 2070.025
1205001507020159 2020.7222
1205001507520112 2061.785
1205001508020742 1985.1528
1205001508520540 2009.8728
1205001509020362 1987.8995
1205001509520280 2017.9755
1205001600020170 1946.8369
1205001600520959 2004.3795
1205001601020763 1985.1528
1205001601520537 1982.4061
1205001602020326 1982.4061
1205001602520308 1922.2542
1205001603020924 1966.0635
1205001603520708 1949.5835
1205001604020497 1908.5209
1205001604520307 1966.0635
1205001605020088 1941.3435
1205001605520871 1875.6982
1205001606020830 1908.5209
1205001606520461 1905.7742
1205001607020247 1900.2809
1205001607520043 1861.9648
1205001608020989 1848.2316
1205001608520629 1883.8009
1205001609020412 1867.4583
1205001609520364 1848.2316
1205001700020418 1823.6489
1205001700520041 1804.4222
1205001701020836 1768.8529
1205001701520805 1763.3596
1205001702020432 1722.2969
1205001702520204 1662.1449
1205001703020996 1651.1582
1205001703520801 1640.1716
1205001704020589 1541.5663
1205001704520380 1577.1356
1205001705020346 1495.0103
1205001705520964 1519.7303
1205001706020754 1478.6676
1205001706520541 1429.365
1205001707020347 1380.0624
1205001707520126 1374.569
1205001708020921 1360.8357
1205001708520880 1308.9237
1205001709020502 1270.4703
1205001709520289 1248.6344
1205001800020341 1234.901
1205001800520141 1218.5583
1205001801020922 1161.0157
1205001801520710 1161.0157
1205001802020669 1108.9664
1205001802520309 1092.6238
1205001803020084 1048.8145
1205001803520910 1043.321
1205001804020838 1002.2584
1205001804520456 958.4491
1205001805020246 928.2358
1205001805520072 898.1598
1205001806020845 862.59045
1205001806520632 840.6171
1205001807020421 829.7678
1205001807520221 794.06116
1205001808020003 780.46515
1205001808520798 739.40247
1205001809020610 700.94916
1205001809520381 687.35315
1205001900020418 651.7838
1205001900520210 629.8105
1205001901020019 599.7345
1205001901520799 577.76117
1205001902020594 569.5212
1205001902520408 531.2052
1205001903020177 514.86255
1205001903520970 473.7999
1205001904020757 460.06656
1205001904520562 427.2439
1205001905020347 421.75055
1205001905520130 366.9546
1205001906020941 347.86523
1205001906520729 331.38525
1205001907020498 287.57593
1205001907520299 279.33594
1205001908020274 246.51328
1205001908520881 224.53995
1205001909020676 188.97063
1205001909520638 186.22395
1205002000020517 153.40129
1205002000520303 131.42796
1205002001020096 123.3253
1205002001520901 95.85864
1205002002020680 52.04932
1205002002520474 43.809322
1205002003020258 24.719994
1205002003520070 0
1205002004020842 -2.6093328
1205002004520639 0
1205002005020453 0
1205002005520228 0
1205002006020014 0