1205000301000806 1911.2676
1205000301500435 1914.0142
1205000302000383 1892.0409
1205000302500178 1963.3169
1205000303000972 1944.0902
1205000303500768 1935.8502
1205000304000551 1996.1395
1205000304500346 1933.1035
1205000305000976 2015.2289
1205000305500928 1993.3928
1205000306000713 1998.8862
1205000306500514 2028.9622
1205000307000142 1963.3169
1205000307500089 2015.2289
1205000308000890 1968.8102
1205000308500522 2028.9622
1205000309000473 1968.8102
1205000309500252 2009.8728
1205000400000308 1990.6462
1205000400500940 2037.2021
1205000401000893 1985.1528
1205000401500682 2028.9622
1205000402000310 2004.3795
1205000402500265 2061.785
1205000403000047 2015.2289
1205000403500847 2034.4554
1205000404000479 2061.785
1205000404500428 2023.4689
1205000405000222 2067.278
1205000405500007 2023.4689
1205000406000807 2070.025
1205000406500596 2009.8728
1205000407000384 2053.6821
1205000407500016 2078.265
1205000408000968 2059.038
1205000408500771 2070.025
1205000409000558 2045.4421
1205000409500349 2081.0115
1205000500000392 2075.518
1205000500500190 2070.025
1205000501000817 2089.2515
1205000501500767 2075.518
1205000502000557 2078.265
1205000502500193 2108.3408
1205000503000977 2053.6821
1205000503500937 2086.505
1205000504000732 2113.8342
1205000504500347 2050.9355
1205000505000317 2091.998
1205000505500092 2133.0608
1205000506000727 2039.9489
1205000506500695 2091.998
1205000507000470 2124.8208
1205000507500264 2050.9355
1205000508000897 2097.4915
1205000508500858 2116.5808
1205000509000638 2048.1887
1205000509500426 2102.8474
1205000600000314 2124.8208
1205000600500269 2056.4287
1205000601000058 2102.8474
1205000601500853 2113.8342
1205000602000646 2075.518
1205000602500438 2094.7449
1205000603000222 2119.3274
1205000603500860 2075.518
1205000604000810 2097.4915
1205000604500607 2111.0874
1205000605000231 2097.4915
1205000605500180 2086.505
1205000606000973 2116.5808
1205000606500766 2100.238
1205000607000396 2081.0115
1205000607500349 2119.3274
1205000608000136 2119.3274
1205000608500781 2067.278
1205000609000725 2116.5808
1205000609500516 2113.8342
1205000700000564 2067.278
1205000700500186 2122.0742
1205000701000147 2108.3408
1205000701500935 2089.2515
1205000702000723 2094.7449
1205000702500526 2108.3408
1205000703000317 2105.5942
1205000703500108 2081.0115
1205000704000731 2100.238
1205000704500684 2133.0608
1205000705000469 2048.1887
1205000705500267 2105.5942
1205000706000892 2124.8208
1205000706500851 2053.6821
1205000707000642 2100.238
1205000707500274 2138.5542
1205000708000224 2053.6821
1205000708500017 2111.0874
1205000709000644 2127.5674
1205000709500436 2059.038
1205000800000647 2094.7449
1205000800500441 2108.3408
1205000801000064 2053.6821
1205000801500017 2086.505
1205000802000929 2108.3408
1205000802500442 2050.9355
1205000803000394 2086.505
1205000803500199 2111.0874
1205000804000973 2039.9489
1205000804500610 2078.265
1205000805000562 2102.8474
1205000805500357 2045.4421
1205000806000148 2075.518
1205000806500773 2061.785
1205000807000730 2078.265
1205000807500515 2089.2515
1205000808000155 2045.4421
1205000808500104 2083.758
1205000809000893 2072.7715
1205000809500686 2059.038
1205000900000571 2081.0115
1205000900500524 2031.7089
1205000901000312 2056.4287
1205000901500945 2097.4915
1205000902000900 2031.7089
1205000902500694 2061.785
1205000903000319 2015.2289
1205000903500110 2070.025
1205000904000058 2048.1887
1205000904500854 2048.1887
1205000905000489 2064.5315
1205000905500436 2017.9755
1205000906000235 2045.4421