1204201303770310 1166.509
1204201304270194 1169.2557
1204201304770910 1199.3317
1204201305270695 1144.5358
1204201305770570 1172.0024
1204201306270296 1177.4957
1204201306770077 1161.0157
1204201307270847 1163.7623
1204201307770681 1139.0424
1204201308270456 1174.749
1204201308770228 1166.509
1204201309270056 1161.0157
1204201309770846 1169.2557
1204201400270876 1133.6864
1204201400770741 1144.5358
1204201401270488 1139.0424
1204201401770255 1161.0157
1204201402270116 1152.7758
1204201402770037 1152.7758
1204201403270634 1163.7623
1204201403770624 1130.9397
1204201404270188 1147.2823
1204201404770025 1117.2064
1204201405270791 1139.0424
1204201405770570 1117.2064
1204201406270406 1133.6864
1204201406770177 1133.6864
1204201407270026 1128.1931
1204201407770733 1128.1931
1204201408270561 1133.6864
1204201408770400 1128.1931
1204201409270114 1130.9397
1204201409770903 1122.6997
1204201500270974 1125.4464
1204201500770757 1117.2064
1204201501270526 1130.9397
1204201501770355 1114.4597
1204201502270191 1103.473
1204201502770914 1117.2064
1204201503270695 1119.953
1204201503770566 1087.1304
1204201504270295 1095.233
1204201504770064 1081.6371
1204201505270906 1106.2197
1204201505770675 1087.1304
1204201506270445 1108.9664
1204201506770229 1100.7264
1204201507270063 1125.4464
1204201507770829 1106.2197
1204201508270616 1111.713
1204201508770567 1108.9664
1204201509270213 1103.473
1204201509770987 1114.4597
1204201600270112 1081.6371
1204201600770853 1100.7264
1204201601270633 1089.8771
1204201601770410 1117.2064
1204201602270230 1100.7264
1204201602770013 1111.713
1204201603270794 1103.473
1204201603770571 1119.953
1204201604270391 1114.4597
1204201604770174 1100.7264
1204201605270019 1100.7264
1204201605770783 1089.8771
1204201606270560 1100.7264
1204201606770395 1073.3971
1204201607270110 1106.2197
1204201607770941 1087.1304
1204201608270716 1117.2064
1204201608770491 1092.6238
1204201609270274 1100.7264
1204201609770099 1097.9797
1204201700270190 1103.473
1204201700770905 1100.7264
1204201701270733 1084.3838
1204201701770568 1081.6371
1204201702270281 1076.1437
1204201702770118 1103.473
1204201703270888 1087.1304
1204201703770664 1108.9664
1204201704270454 1089.8771
1204201704770272 1100.7264
1204201705270047 1095.233
1204201705770827 1078.8904
1204201706270609 1092.6238
1204201706770476 1081.6371
1204201707270212 1108.9664
1204201707770988 1081.6371
1204201708270848 1095.233
1204201708770597 1100.7264
1204201709270372 1095.233
1204201709770151 1092.6238
1204201800270235 1056.9171
1204201800770009 1097.9797
1204201801270780 1095.233
1204201801770618 1122.6997
1204201802270391 1081.6371
1204201802770160 1117.2064
1204201803270017 1100.7264
1204201803770777 1117.2064
1204201804270542 1130.9397
1204201804770392 1108.9664
1204201805270154 1100.7264
1204201805770925 1108.9664
1204201806270705 1119.953
1204201806770484 1092.6238
1204201807270313 1111.713
1204201807770086 1103.473
1204201808270932 1122.6997
1204201808770692 1108.9664
1204201809270470 1122.6997
1204201809770302 1108.9664
1204201900270290 1141.7891
1204201900770104 1130.9397
1204201901270892 1139.0424
1204201901770659 1147.2823
1204201902270444 1144.5358