1204500003410562 1938.5968
1204500003910351 1919.5076
1204500004410125 1968.8102
1204500004910945 1974.1661
1204500005410732 1914.0142
1204500005910509 1968.8102
1204500006410284 1968.8102
1204500006910111 1960.5702
1204500007410883 1982.4061
1204500007910652 1933.1035
1204500008410445 1976.9128
1204500008910268 1971.4196
1204500009410039 1952.3302
1204500009910815 1998.8862
1204500100410907 1938.5968
1204500100910686 1968.8102
1204500101410449 1908.5209
1204500101910239 1963.3169
1204500102410058 1996.1395
1204500102910831 1949.5835
1204500103410823 1889.2942
1204500103910437 1960.5702
1204500104410339 1933.1035
1204500104910992 1900.2809
1204500105410851 1963.3169
1204500105910590 1930.3568
1204500106410384 1903.0276
1204500106910150 1892.0409
1204500107410973 1919.5076
1204500107910757 1903.0276
1204500108410532 1889.2942
1204500108910326 1870.2048
1204500109410138 1916.7609
1204500109910904 1892.0409
1204500200410948 1894.7876
1204500200910770 1850.9783
1204500201410539 1834.6355
1204500201910322 1861.9648
1204500202410121 1881.1915
1204500202910924 1842.7382
1204500203410698 1850.9783
1204500203910493 1853.7249
1204500204410303 1837.3822
1204500204910081 1812.6622
1204500205410865 1818.1555
1204500205910650 1834.6355
1204500206410470 1845.4849
1204500206910239 1853.7249
1204500207410034 1831.8889
1204500207910819 1823.6489
1204500208410627 1820.9022
1204500208910408 1818.1555
1204500209410190 1804.4222
1204500209910004 1804.4222
1204500300410043 1798.929
1204500300910824 1801.6755
1204500301410616 1801.6755
1204500301910427 1804.4222
1204500302410200 1801.6755
1204500302910990 1777.0929
1204500303410814 1760.6129
1204500303910575 1733.2836
1204500304410371 1722.2969
1204500304910148 1733.2836
1204500305410961 1744.2703
1204500305910736 1733.2836
1204500306410534 1730.5369
1204500306910345 1736.0303
1204500307410128 1730.5369
1204500307910908 1678.4875
1204500308410699 1689.4742
1204500308910507 1716.8036
1204500309410282 1716.8036
1204500309910076 1719.5503
1204500400410145 1670.2476
1204500400910917 1692.221
1204500401410704 1678.4875
1204500401910493 1689.4742
1204500402410303 1656.6516
1204500402910082 1662.1449
1204500403410865 1683.981
1204500403910688 1678.4875
1204500404410463 1629.1849
1204500404910238 1656.6516
1204500405410028 1672.9943
1204500405910846 1604.6023
1204500406410619 1656.6516
1204500406910402 1659.3983
1204500407410195 1615.589
1204500407910998 1626.4382
1204500408410778 1648.4116
1204500408910578 1593.6156
1204500409410389 1634.6782
1204500409910155 1607.349
1204500500410198 1623.6917
1204500500910991 1612.8423
1204500501410797 1582.6289
1204500501910575 1601.8556
1204500502410371 1579.8823
1204500502910178 1577.1356
1204500503410958 1585.3756
1204500503910746 1585.3756
1204500504410529 1588.1223
1204500504910340 1571.7797
1204500505410122 1571.7797
1204500505910910 1574.5262
1204500506410718 1569.033
1204500506910500 1560.793
1204500507410277 1544.313
1204500507910074 1569.033
1204500508410888 1536.073
1204500508910662 1533.3263
1204500509410454 1503.2502
1204500509910268 1560.793
1204500600410292 1533.3263
1204500600910076 1533.3263
1204500601410864 1530.7169
1204500601910672 1505.997
1204500602410453 1519.7303
1204500602910237 1514.2369
1204500603410055 1505.997
1204500603910839 1495.0103
1204500604410612 1486.9076
1204500604910414 1511.4904
1204500605410214 1489.517
1204500605910992 1473.1743
1204500606410783 1497.757
1204500606910571 1478.6676
1204500607410374 1473.1743
1204500607910157 1456.6943
1204500608410950 1478.6676
1204500608910760 1481.4143
1204500609410539 1456.6943
1204500609910316 1456.6943
1204500700410375 1467.681
1204500700910182 1459.4409
1204500701410958 1423.8717
1204500701910736 1453.9476
1204500702410565 1459.4409
1204500702910333 1448.4543
1204500703410119 1443.0983
1204500703910944 1393.7957
1204500704410711 1453.9476
1204500704910486 1432.1117
1204500705410280 1440.3517
1204500705910094 1426.6183
1204500706410871 1391.049
1204500706910654 1396.5424
1204500707410447 1404.645
1204500707910255 1437.605
1204500708410030 1399.289
1204500708910827 1404.645
1204500709410638 1393.7957
1204500709910411 1377.3157
1204500800410450 1385.5557
1204500800910237 1352.733
1204500801410052 1374.569
1204500801910832 1380.0624
1204500802410620 1388.3024
1204500802910437 1388.3024
1204500803410212 1382.809
1204500803910992 1369.0757
1204500804410779 1366.329
1204500804910781 1352.733
1204500805410365 1366.329
1204500805910326 1341.7463
1204500806410942 1366.329
1204500806910756 1341.7463
1204500807410530 1355.4796
1204500807910317 1336.253
1204500808410135 1338.9996
1204500808910908 1319.7731
1204500809410698 1333.5063
1204500809910518 1322.5197
1204500900410547 1336.253
1204500900910322 1330.7596
1204500901410112 1325.2664
1204500901910937 1300.6837
1204500902410706 1278.7103
1204500902910490 1267.8611
1204500903410278 1289.697
1204500903910089 1297.937
1204500904410871 1286.9503
1204500904910651 1281.457
1204500905410474 1292.4437
1204500905910254 1286.9503
1204500906410029 1240.3944
1204500906910826 1273.217
1204500907410637 1270.4703
1204500907910406 1262.3677
1204500908410196 1273.217
1204500908910022 1232.1544
1204500909410790 1248.6344
1204500909910575 1254.1277
1204501000410614 1243.141
1204501000910427 1240.3944
1204501001410198 1207.5717
1204501001910991 1232.1544
1204501002410811 1240.3944
1204501002910586 1218.5583
1204501003410367 1215.8116
1204501003910151 1226.661
1204501004410972 1213.0651
1204501004910748 1196.5851
1204501005410533 1213.0651
1204501005910327 1213.0651
1204501006410127 1169.2557
1204501006910908 1207.5717
1204501007410694 1199.3317
1204501007910506 1172.0024
1204501008410297 1191.0917
1204501008910081 1185.5984
1204501009410860 1174.749
1204501009910672 1174.749
1204501100410705 1144.5358
1204501100910494 1155.5223
1204501101410309 1172.0024
1204501101910083 1136.4331
1204501102410867 1158.269
1204501102910662 1128.1931
1204501103410468 1130.9397
1204501103910241 1097.9797
1204501104410035 1122.6997
1204501104910846 1106.2197
1204501105410626 1125.4464
1204501105910571 1087.1304
1204501106410202 1106.2197
1204501106910010 1081.6371
1204501107410786 1108.9664
1204501107910578 1073.3971
1204501108410389 1100.7264
1204501108910196 1097.9797
1204501109410947 1100.7264
1204501109910745 1095.233
1204501200420804 1067.9037
1204501200920585 1070.6504
1204501201420366 1070.6504
1204501201920198 1089.8771
1204501202420971 1081.6371
1204501202920747 1048.8145
1204501203420531 1067.9037
1204501203920353 1059.6637
1204501204420124 1051.4237
1204501204920909 1040.5745
1204501205420739 1051.4237
1204501205920504 1021.3478
1204501206420284 1046.0677
1204501206920070 1032.3345
1204501207420885 999.5118
1204501207920661 1032.3345
1204501208420443 1015.85443
1204501208920271 1002.2584
1204501209420044 991.2717
1204501209920824 1021.3478
1204501300420872 988.5251
1204501300920686 1010.3611
1204501301420466 966.55176
1204501301920248 1010.3611
1204501302420032 988.5251
1204501302920843 985.77844
1204501303420620 972.0451
1204501303920412 955.70245
1204501304420222 972.0451
1204501304920007 969.2984
1204501305420779 958.4491
1204501305920583 966.55176
1204501306420388 958.4491
1204501306920160 944.71576
1204501307420950 939.2224
1204501307920768 961.19574
1204501308420535 963.8051
1204501308920326 952.95575
1204501309420111 939.2224
1204501309920925 947.46246
1204501400420952 939.2224
1204501400920746 936.47577
1204501401420539 922.74243
1204501401920334 895.4131
1204501402420114 895.4131
1204501402920909 892.66644
1204501403420722 906.3998
1204501403920494 892.66644
1204501404420284 917.3864
1204501404920097 898.1598
1204501405420878 898.1598
1204501405920665 887.1731
1204501406420446 889.9198
1204501406920257 892.66644
1204501407420040 889.9198
1204501407920825 865.3371
1204501408420641 870.83044
1204501408920431 843.3638
1204501409420199 857.0971
1204501409920988 851.6038
1204501500420070 843.3638
1204501500920832 859.8438
1204501501420619 859.8438
1204501501920444 848.8571
1204501502420221 843.3638
1204501502920996 868.0838
1204501503420784 846.1105
1204501503920603 824.2745
1204501504420377 827.0211
1204501504920161 832.37714
1204501505420953 821.5278
1204501505920759 821.5278
1204501506430685 835.1238
1204501506920325 821.5278
1204501507420141 796.8078
1204501507920916 816.0345
1204501508420699 813.2878
1204501508920497 816.0345
1204501509420301 807.7945
1204501509920078 794.06116
1204501600420118 788.5678
1204501600920939 791.31445
1204501601420723 791.31445
1204501601920494 755.7452
1204501602420287 780.46515
1204501602920097 788.5678
1204501603420869 785.9585
1204501603920655 758.4918
1204501604420481 766.7318
1204501604920252 761.23846
1204501605420029 758.4918
1204501605920826 744.7585
1204501606420636 761.23846
1204501606920415 739.40247
1204501607420203 739.40247
1204501607920013 750.25183
1204501608420795 725.6691
1204501608920574 752.9985
1204501609420366 758.4918
1204501609920178 717.42914
1204501700420207 720.17584
1204501700920998 714.6825
1204501701420789 714.6825
1204501701920591 731.1625
1204501702420378 687.35315
1204501702920160 695.59314
1204501703420977 711.93585
1204501703920759 706.4425
1204501704420536 706.4425
1204501704920329 687.35315
1204501705420141 690.09985
1204501705920915 684.6065
1204501706420706 700.94916
1204501706920528 668.1265
1204501707420291 670.87317
1204501707920074 649.0372
1204501708420869 679.11316
1204501708920672 649.0372
1204501709420449 654.5305
1204501709920241 649.0372
1204501800430316 673.6198
1204501800920086 654.5305
1204501801420875 654.5305
1204501801920668 651.7838
1204501802420472 629.8105
1204501802920253 640.7972
1204501803420039 621.5705
1204501803930855 638.05054
1204501804420627 627.06384
1204501804920415 627.06384
1204501805420202 621.5705
1204501805930014 605.22784
1204501806430803 632.5572
1204501806930579 624.3172
1204501807430391 607.97455
1204501807930174 607.97455
1204501808430953 599.7345
1204501808930786 588.74786
1204501809430562 610.7212
1204501809930331 586.0012
1204501900430379 586.0012
1204501900930205 580.5079
1204501901430975 596.98785
1204501901930753 580.5079
1204501902430546 580.5079
1204501902930348 575.0145
1204501903430124 561.4185
1204501903930916 553.1785
1204501904430709 566.91187
1204501904930511 553.1785
1204501905430292 566.91187
1204501905930082 569.5212
1204501906430897 547.6852
1204501906930670 572.2679
1204501907430463 547.6852
1204501907930279 547.6852
1204501908430052 544.93854
1204501908930831 539.4452
1204501909430624 547.6852
1204501909930432 539.4452
1204502000430473 523.10254
1204502000930255 536.69855
1204502001430043 528.45856
1204502001930858 536.69855
1204502002430626 531.2052
1204502002930418 492.88922
1204502003430241 509.3692
1204502003930004 520.3559
1204502004430789 520.3559
1204502004930585 509.3692
1204502005430392 512.11584
1204502005930168 484.6492
1204502006430959 492.88922
1204502006930770 495.63586
1204502007430551 492.88922
1204502007930334 501.1292
1204502008430126 495.63586
1204502008930937 501.1292
1204502009430708 481.90256
1204502009930497 468.30655
1204502100430570 465.55988
1204502100930342 495.63586
1204502101430133 454.5732
1204502101930920 487.39587
1204502102430727 449.0799
1204502102930512 468.30655
1204502103430296 465.55988
1204502103930106 443.58655
1204502104430895 446.33322
1204502104930670 460.06656
1204502105430458 451.82657
1204502105930279 460.06656
1204502106430042 438.09323
1204502106930831 440.8399
1204502107430662 421.75055
1204502107930426 432.7372
1204502108430211 440.8399
1204502108930007 429.99057
1204502109430814 419.0039
1204502109930582 438.09323
1204502200430683 427.2439
1204502200930452 421.75055
1204502201430226 419.0039
1204502201930001 438.09323
1204502202430799 399.77722
1204502202930613 421.75055
1204502203430379 402.5239
1204502203930172 397.03058
1204502204430964 386.18124
1204502204930076 386.18124
1204502205430551 397.03058
1204502205930503 397.03058
1204502206430150 394.2839
1204502206930929 380.6879
1204502207430716 399.77722
1204502207930502 380.6879
1204502208430320 369.70123
1204502208930092 386.18124
1204502209430880 364.20792
1204502209930701 372.4479
1204502300430719 380.6879
1204502300930504 391.67456
1204502301430297 372.4479
1204502301930099 366.9546
1204502302430885 375.19458
1204502302930671 361.46124
1204502303430494 369.70123
1204502303930265 355.96793
1204502304430051 336.87857
1204502304930834 366.9546
1204502305430646 345.1186
1204502305930423 358.71457
1204502306430219 339.62524
1204502306930026 350.47458
1204502307430809 334.13193
1204502307930587 347.86523
1204502308430378 342.37192
1204502308930182 325.8919
1204502309430968 306.66525
1204502309930750 331.38525
1204502400430827 312.1586
1204502400930608 306.66525
1204502401430383 317.65192
1204502401930171 298.5626
1204502402430987 328.63858
1204502402930756 331.38525
1204502403430544 293.06927
1204502403930370 323.14526
1204502404430141 317.65192
1204502404930919 301.30927
1204502405430721 314.90524
1204502405930523 301.30927
1204502406430298 293.06927
1204502406930091 312.1586
1204502407430909 298.5626
1204502407930682 284.82925
1204502408430467 279.33594
1204502408930259 290.3226
1204502409430067 282.0826
1204502409930841 282.0826
1204502500430892 279.33594
1204502500930701 273.8426
1204502501430480 265.6026
1204502501930260 273.8426
1204502502430057 276.58926
1204502502930864 271.09595
1204502503430649 268.34927
1204502503930427 271.09595
1204502504430224 252.0066
1204502504930029 276.58926
1204502505430802 249.25993
1204502505930593 246.51328
1204502506430411 273.8426
1204502506930180 257.49994
1204502507430971 232.77994
1204502507930796 246.51328
1204502508430567 246.51328
1204502508930356 254.75327
1204502509430131 238.27327
1204502509930949 249.25993
1204502600430978 238.27327
1204502600930765 219.04662
1204502601430557 243.7666
1204502601930363 243.7666
1204502602430136 238.27327
1204502602930932 216.43729
1204502603430743 232.77994
1204502603930518 219.04662
1204502604430300 235.52661