1205405000500650 1703.2076
1205405001000524 1711.3103
1205405001500297 1744.2703
1205405001990743 1771.5996
1205405002500773 1779.8396
1205405003000552 1796.1823
1205405004000150 1815.4089
1205405004500943 1826.3955
1205405005500565 1809.9155
1205405006000452 1826.3955
1205405006500241 1870.2048
1205405007500677 1883.8009
1205405008000474 1867.4583
1205405008500274 1861.9648
1205405009500848 1850.9783
1205405100000645 1897.5342
1205405100500463 1878.4448
1205405101000611 1878.4448
1205405101500414 1864.7115
1205405102000837 1850.9783
1205405102500851 1894.7876
1205405103000402 1911.2676
1205405103500442 1905.7742
1205405104010000 1872.9515
1205405104500008 1848.2316
1205405105000808 1886.5475
1205405105500610 1905.7742
1205405106000538 1878.4448
1205405106500328 1881.1915
1205405107000961 1878.4448
1205405107500801 1925.0009
1205405108000327 1908.5209
1205405108500352 1894.7876
1205405109000139 1856.4716
1205405109500962 1892.0409
1205405200000013 1914.0142
1205405200500790 1894.7876
1205405201000471 1878.4448
1205405201500263 1905.7742
1205405202000194 1925.0009
1205405202500942 1925.0009
1205405203000750 1867.4583
1205405203500566 1903.0276
1205405204000170 1919.5076
1205405204500101 1914.0142
1205405205000662 1889.2942
1205405205500542 1908.5209
1205405206000622 1930.3568
1205405206500174 1914.0142
1205405207000818 1867.4583
1205405207500910 1911.2676
1205405208000425 1919.5076
1205405208500207 1916.7609
1205405209000223 1878.4448
1205405209500083 1957.8235
1205405300000588 1922.2542
1205405300500872 1894.7876
1205405301000662 1903.0276
1205405301500345 1930.3568
1205405302000259 1930.3568
1205405302500026 1892.0409
1205405303000825 1960.5702
1205405303500645 1930.3568
1205405304000431 1903.0276
1205405304500192 1922.2542
1205405305000996 1927.6102
1205405305500813 1933.1035
1205405306000591 1916.7609
1205405306500263 1963.3169
1205405307000954 1938.5968
1205405307500995 1897.5342
1205405308000754 1949.5835
1205405308500301 1935.8502
1205405309000082 1900.2809
1205405309500916 1952.3302
1205405400000681 1957.8235
1205405400500725 1900.2809
1205405401000754 1941.3435
1205405401500382 1930.3568
1205405402000354 1927.6102
1205405402500876 1930.3568
1205405403000917 1955.0769
1205405403500525 1933.1035
1205405404000527 1903.0276
1205405404500302 1941.3435
1205405405000088 1927.6102
1205405405500915 1892.0409
1205405406000678 1966.0635
1205405406500186 1944.0902
1205405407000245 1897.5342
1205405407500084 1933.1035
1205405408000848 1927.6102
1205405408500441 1927.6102
1205405409000407 1908.5209
1205405409500237 1957.8235
1205405500000260 1927.6102
1205405500500054 1883.8009
1205405501000595 1935.8502
1205405501500643 1922.2542
1205405502000438 1914.0142
1205405502500210 1908.5209
1205405503000012 1946.8369
1205405503500819 1927.6102
1205405504000359 1875.6982
1205405504500138 1930.3568
1205405505000180 1919.5076
1205405505500740 1927.6102
1205405506000785 1892.0409
1205405506500555 1957.8235
1205405507000332 1930.3568
1205405507500158 1886.5475
1205405508000918 1908.5209
1205405508500726 1919.5076
1205405509000290 1916.7609
1205405509500322 1878.4448
1205405600000344 1935.8502
1205405600500146 1916.7609
1205405601000709 1911.2676
1205405601500739 1870.2048
1205405602000525 1925.0009
1205405602500311 1916.7609
1205405603000999 1905.7742
1205405603500904 1892.0409
1205405604000694 1935.8502
1205405604500475 1925.0009
1205405605000291 1894.7876
1205405605500074 1886.5475
1205405606000853 1935.8502
1205405606500438 1900.2809
1205405607000311 1903.0276
1205405607500009 1886.5475
1205405608000073 1946.8369
1205405608500818 1916.7609
1205405609000401 1886.5475
1205405609500426 1861.9648
1205405700000455 1919.5076
1205405700500243 1903.0276