1204402400380811 1645.6649
1204402400870580 1640.1716
1204402401370356 1662.1449
1204402401880188 1640.1716
1204402402380963 1651.1582
1204402402870736 1670.2476
1204402403370521 1683.981
1204402403880353 1634.6782
1204402404380118 1672.9943
1204402404870898 1672.9943
1204402405380729 1662.1449
1204402405880500 1642.9182
1204402406380279 1678.4875
1204402406880064 1697.7142
1204402407380882 1651.1582
1204402407880659 1667.501
1204402408380443 1672.9943
1204402408880261 1659.3983
1204402409380044 1648.4116
1204402409880825 1686.7275
1204402500380859 1705.9542
1204402500880680 1664.7543
1204402501380468 1681.2343
1204402501880237 1672.9943
1204402502380203 1703.2076
1204402502880848 1667.501
1204402503380617 1675.741
1204402503880404 1714.0569
1204402504380233 1716.8036
1204402504880004 1716.8036
1204402505380776 1678.4875
1204402505880565 1708.5636
1204402506380396 1714.0569
1204402506880155 1711.3103
1204402507380935 1725.0436
1204402507880773 1681.2343
1204402508380540 1689.4742
1204402508880323 1722.2969
1204402509380107 1722.2969
1204402509880921 1747.017
1204402600380955 1730.5369
1204402600880735 1694.9675
1204402601380560 1705.9542
1204402601880335 1716.8036
1204402602380119 1711.3103
1204402602880896 1736.0303
1204402603380720 1716.8036
1204402603880501 1686.7275
1204402604380274 1689.4742
1204402604880055 1733.2836
1204402605380027 1727.7903
1204402605880656 1747.017
1204402606380434 1733.2836
1204402606880400 1694.9675
1204402607380103 1703.2076
1204402607880814 1719.5503
1204402608380602 1708.5636
1204402608880426 1730.5369
1204402609380194 1689.4742
1204402609880974 1686.7275
1204402700380063 1708.5636
1204402700880027 1719.5503
1204402701380606 1725.0436
1204402701880663 1705.9542
1204402702380212 1686.7275
1204402702880987 1703.2076
1204402703380773 1683.981
1204402703880599 1725.0436
1204402704380376 1678.4875
1204402704880156 1681.2343
1204402705380941 1705.9542
1204402706380656 1722.2969
1204402706880311 1692.221
1204402707380141 1692.221
1204402707880926 1705.9542
1204402708380696 1700.4609
1204402708880480 1725.0436
1204402709380310 1678.4875
1204402709880078 1683.981
1204402800380118 1714.0569
1204402800880942 1716.8036
1204402801380716 1733.2836
1204402801880486 1700.4609
1204402802380274 1692.221
1204402802880101 1711.3103
1204402803380872 1700.4609
1204402803880647 1719.5503
1204402804380483 1700.4609
1204402804880390 1662.1449
1204402805380026 1711.3103
1204402805880814 1716.8036
1204402806380632 1733.2836
1204402806880412 1716.8036
1204402807380195 1689.4742
1204402807880976 1708.5636
1204402808380805 1714.0569
1204402808880575 1697.7142
1204402809380355 1730.5369
1204402809880309 1689.4742
1204402900380213 1686.7275
1204402900880999 1714.0569
1204402901380770 1727.7903
1204402901880597 1727.7903
1204402902380370 1741.5236
1204402902880146 1692.221
1204402903380993 1714.0569
1204402903880765 1714.0569
1204402904380521 1727.7903
1204402904880312 1727.7903
1204402905380135 1744.2703
1204402905880909 1708.5636
1204402906380684 1694.9675
1204402906880525 1708.5636
1204402907380287 1747.017
1204402907880064 1741.5236
1204402908380850 1749.7635
1204402908880673 1755.1196
1204402909380447 1747.017
1204402909880231 1708.5636
1204403000390321 1722.2969
1204403000890087 1741.5236
1204403001390008 1736.0303
1204403001890648 1736.0303
1204403002390467 1744.2703
1204403002890383 1760.6129
1204403003390020 1744.2703
1204403003890850 1733.2836
1204403004390637 1703.2076
1204403004890410 1725.0436
1204403005390181 1727.7903
1204403005890020 1760.6129
1204403006390791 1755.1196
1204403006890562 1766.1062
1204403007390398 1763.3596
1204403007890296 1788.0796
1204403008390948 1757.8662
1204403008890728 1747.017
1204403009390668 1722.2969
1204403009890325 1747.017
1204403100390352 1744.2703
1204403100890281 1760.6129
1204403101390961 1738.7769
1204403101890737 1733.2836
1204403102390524 1741.5236
1204403102890459 1738.7769
1204403103390124 1689.4742
1204403103890906 1667.501
1204403104390835 1727.7903
1204403104890506 1703.2076
1204403105390292 1719.5503