1204302608320615 1418.3783
1204302608820392 1401.8983
1204302609320155 1415.6317
1204302609820956 1459.4409
1204302700320024 1443.0983
1204302700820795 1445.7076
1204302701320585 1429.365
1204302701820408 1464.9343
1204302702320180 1470.4276
1204302702820963 1478.6676
1204302703820565 1503.2502
1204302704320341 1489.517
1204302704820122 1445.7076
1204302705320950 1511.4904
1204302705820726 1484.161
1204302706320502 1470.4276
1204302706820286 1505.997
1204302707320112 1492.2637
1204302707820887 1470.4276
1204302708320659 1516.9836
1204302708820493 1497.757
1204302709320272 1459.4409
1204302709820034 1530.7169
1204302800320079 1497.757
1204302800820905 1473.1743
1204302801320678 1519.7303
1204302801820457 1503.2502
1204302802320283 1473.1743
1204302802820054 1525.2236
1204302803320830 1497.757
1204302803820624 1475.921
1204302804320438 1514.2369
1204302804820213 1500.5037
1204302805320995 1500.5037
1204302805820779 1497.757
1204302806320597 1505.997
1204302806820380 1492.2637
1204302807320164 1511.4904
1204302807830114 1500.5037
1204302808320765 1505.997
1204302808820543 1519.7303
1204302809320319 1489.517
1204302809820149 1527.9703
1204302900330176 1514.2369
1204302900830957 1481.4143
1204302901330788 1516.9836
1204302901830559 1514.2369
1204302902330323 1486.9076
1204302902840285 1514.2369
1204302903330943 1505.997
1204302903830717 1511.4904
1204302904330500 1503.2502
1204302904830323 1486.9076
1204302905330098 1536.073
1204302905830869 1514.2369
1204302906330702 1486.9076
1204302906830479 1527.9703
1204302907330250 1514.2369
1204302907830035 1508.7437
1204302908330859 1525.2236
1204302908830634 1497.757
1204302909330423 1533.3263
1204302909830194 1530.7169
1204303000330272 1492.2637
1204303000840195 1522.4769
1204303001330828 1505.997
1204303001840664 1533.3263
1204303002340442 1516.9836
1204303002830210 1489.517
1204303003330995 1538.8196
1204303003840829 1519.7303
1204303004340601 1519.7303
1204303004830368 1530.7169
1204303005340205 1505.997
1204303005840124 1527.9703
1204303006340753 1533.3263
1204303006840595 1511.4904
1204303007340487 1511.4904
1204303007840129 1492.2637
1204303008340915 1533.3263
1204303008840748 1519.7303
1204303009340513 1486.9076
1204303009840292 1536.073
1204303100340327 1508.7437
1204303100840278 1511.4904
1204303101340928 1516.9836
1204303101840710 1505.997
1204303102340493 1530.7169
1204303102840317 1533.3263
1204303103340091 1489.517
1204303103840874 1522.4769
1204303104340698 1508.7437
1204303104840478 1530.7169
1204303105340248 1514.2369
1204303105840035 1478.6676
1204303106340861 1549.8063
1204303106840632 1525.2236
1204303107340406 1514.2369
1204303107840245 1516.9836
1204303108340015 1505.997
1204303108840786 1536.073
1204303109340580 1533.3263
1204303109840406 1503.2502
1204303200340421 1525.2236
1204303200840204 1505.997
1204303201340034 1530.7169
1204303201840806 1522.4769
1204303202340577 1486.9076
1204303202840375 1541.5663
1204303203340191 1516.9836
1204303203840105 1530.7169
1204303204340745 1522.4769
1204303204840529 1489.517
1204303205340484 1533.3263
1204303205840131 1516.9836
1204303206340912 1525.2236
1204303206840740 1511.4904
1204303207340515 1492.2637
1204303207840284 1538.8196
1204303208340110 1525.2236
1204303208840018 1505.997
1204303209340668 1522.4769
1204303209840451 1508.7437
1204303300340649 1541.5663
1204303300840310 1525.2236
1204303301340084 1495.0103
1204303301840915 1522.4769
1204303302340698 1503.2502
1204303302840460 1538.8196
1204303303340254 1511.4904
1204303303840074 1489.517
1204303304340847 1536.073
1204303304840619 1525.2236
1204303305340415 1503.2502
1204303305840229 1516.9836
1204303306340001 1500.5037
1204303306840785 1538.8196
1204303307340610 1530.7169
1204303307840391 1495.0103
1204303308340168 1522.4769
1204303308840946 1500.5037
1204303309340769 1530.7169
1204303309840553 1505.997
1204303400340583 1484.161
1204303400840414 1533.3263
1204303401340190 1514.2369
1204303401840100 1497.757
1204303402340746 1519.7303
1204303402840574 1514.2369
1204303403340476 1516.9836
1204303403840125 1522.4769
1204303404340958 1492.2637
1204303404840729 1530.7169
1204303405340498 1514.2369
1204303405840281 1486.9076
1204303406340114 1514.2369
1204303406840015 1503.2502
1204303407340659 1508.7437
1204303407840492 1500.5037
1204303408340389 1489.517
1204303408840038 1516.9836
1204303409340833 1511.4904
1204303409840647 1473.1743
1204303500340677 1530.7169
1204303500840464 1503.2502
1204303501340289 1467.681
1204303501840060 1525.2236
1204303502340844 1500.5037
1204303502840622 1467.681
1204303503340559 1519.7303
1204303503840231 1495.0103
1204303504340006 1459.4409
1204303504840782 1516.9836
1204303505340614 1484.161
1204303505840388 1445.7076
1204303506340163 1503.2502
1204303506840990 1473.1743
1204303507340767 1456.6943