1204203003180413 63.05
1204203003240266 63.05
1204203003300122 63.05
1204203003360978 63.05
1204203003420833 63.05
1204203003480688 63.05
1204203003540543 63.05
1204203003600396 63.05
1204203003660252 63.05
1204203003720107 63.05
1204203003780977 63.05
1204203003840818 63.05
1204203003900671 63.05
1204203003960527 63.05
1204203004020382 63.05
1204203004080237 63.05
1204203004140090 63.05
1204203004200947 63.05
1204203004260804 63.03
1204203004320657 63.05
1204203004380511 63.05
1204203004440366 63.05
1204203004500221 63.05
1204203004560076 63.05
1204203004620932 63.05
1204203004680787 63.05
1204203004740643 63.05
1204203004800496 63.05
1204203004860351 63.05
1204203004920206 63.05
1204203004980061 63.05
1204203005040917 63.05
1204203005100772 63.05
1204203005170811 63.05
1204203005220481 63.05
1204203005280350 63.05
1204203005340190 63.05
1204203005400045 63.05
1204203005430100 63.05
1204203005470877 63.05
1204203005530733 63.05
1204203005590586 63.05
1204203005650441 63.05
1204203005710296 63.05
1204203005770152 63.05
1204203005830006 63.05
1204203005890861 63.05
1204203005950716 63.05
1204203006010571 63.05
1204203006070426 63.05
1204203006130280 63.05
1204203006190135 63.05
1204203006250992 63.05
1204203006310847 63.05
1204203006370700 63.05
1204203006430555 63.05
1204203006490410 63.05
1204203006550265 63.05
1204203006610121 63.05
1204203006670975 63.05
1204203006730830 63.05
1204203006790686 63.05
1204203006850540 63.05
1204203006910396 63.05
1204203006970251 63.05
1204203007030104 63.05
1204203007090960 63.05
1204203007150815 63.05
1204203007210672 63.03
1204203007270526 63.05
1204203007330379 63.05
1204203007390234 63.05
1204203007450089 63.05
1204203007510946 63.05
1204203007570801 63.05
1204203007630654 63.05
1204203007690509 63.05
1204203007750365 63.05
1204203007810220 63.05
1204203007870073 63.05
1204203007930929 63.05
1204203007990784 63.05
1204203008050639 63.05
1204203008110495 63.05
1204203008170350 63.05
1204203008230203 63.05
1204203008290059 63.05
1204203008350916 63.03
1204203008410770 63.05
1204203008430700 63.05
1204203008480600 63.05
1204203008540455 63.05
1204203008600310 63.05
1204203008660165 63.05
1204203008720019 63.05
1204203008790891 63.03
1204203008840730 63.05
1204203008900585 63.05
1204203008960440 63.05
1204203009020294 63.05
1204203009080149 63.05
1204203009140004 63.05
1204203009200860 63.05
1204203009260715 63.05
1204203009320571 63.03
1204203009380424 63.05
1204203009440279 63.05
1204203009500134 63.05
1204203009560988 63.05
1204203009620844 63.05
1204203009680699 63.05
1204203009740554 63.05
1204203009800408 63.05
1204203009860263 63.05
1204203009920122 63.05
1204203009980974 63.05
1204203100040084 63.05
1204203100100938 63.05
1204203100160794 63.05
1204203100220649 63.05
1204203100290518 63.05
1204203100340360 63.05
1204203100400212 63.05
1204203100460068 63.05
1204203100520924 63.05
1204203100580779 63.05
1204203100640632 63.05
1204203100700487 63.05
1204203100760343 63.05
1204203100820198 63.05
1204203100880053 63.05
1204203100940909 63.05
1204203101000762 63.05
1204203101060618 63.05
1204203101120473 63.05
1204203101180328 63.05
1204203101240183 63.05
1204203101300036 63.05
1204203101360893 63.05
1204203101420748 63.05
1204203101440676 63.05
1204203101490577 63.05
1204203101550433 63.05
1204203101610288 63.05
1204203101670143 63.05
1204203101740999 63.05
1204203101790853 63.05
1204203101860709 63.05
1204203101920564 63.05
1204203101970417 63.05
1204203102040272 63.05
1204203102100127 63.05
1204203102160983 63.05
1204203102220838 63.05
1204203102280694 63.05
1204203102340547 63.05
1204203102400403 63.05
1204203102460257 63.05
1204203102520113 63.05
1204203102580967 63.05
1204203102640822 63.05
1204203102700677 63.05
1204203102760532 63.05
1204203102820387 63.05
1204203102880243 63.05
1204203102940096 63.05
1204203103000952 63.05
1204203103060807 63.05
1204203103120662 63.05
1204203103180518 63.05
1204203103240371 63.05
1204203103300226 63.05
1204203103360081 63.05
1204203103420938 63.05
1204203103480793 63.05
1204203103540646 63.05
1204203103600501 63.05
1204203103660356 63.05
1204203103720211 63.05
1204203103780066 63.05
1204203103840921 63.05
1204203103900776 63.05
1204203103960760 63.05
1204203104020487 63.05
1204203104080340 63.05
1204203104140195 63.05
1204203104200051 63.05
1204203104260907 63.07
1204203104320760 63.05
1204203104380615 63.05
1204203104440471 63.05
1204203104450397 63.05
1204203104510302 63.05
1204203104570157 63.05
1204203104630010 63.05
1204203104690866 63.05
1204203104750721 63.05
1204203104810577 63.05
1204203104870432 63.05
1204203104930285 63.05
1204203104990140 63.05
1204203105050997 63.05
1204203105110852 63.05
1204203105170707 63.05
1204203105230562 63.05
1204203105290429 63.05
1204203105350271 63.05
1204203105410126 63.05
1204203105470982 63.05
1204203105530835 63.05
1204203105590690 63.05
1204203105650546 63.05
1204203105710401 63.05
1204203105770256 63.05
1204203105830109 63.05
1204203105890965 63.05
1204203105950821 63.05
1204203106010676 63.05
1204203106070529 63.05
1204203106130385 63.05
1204203106190240 63.05
1204203106250095 63.05
1204203106310950 63.05
1204203106370805 63.05
1204203106430660 63.05
1204203106490515 63.05
1204203106550370 63.05
1204203106610225 63.05
1204203106670078 63.05
1204203106730934 63.07
1204203106790803 63.05
1204203106850645 63.05
1204203106910500 63.05
1204203106970354 63.05
1204203107030208 63.05
1204203107090064 63.05
1204203107150920 63.05
1204203107210775 63.05
1204203107270630 63.05
1204203107330484 63.05
1204203107390339 63.05
1204203107450195 63.05
1204203107460121 63.05
1204203107520024 63.05
1204203107580880 63.05
1204203107640735 63.05
1204203107700590 63.07
1204203107760443 63.05
1204203107820299 63.05
1204203107880154 63.05
1204203107940009 63.05
1204203108000866 63.05
1204203108060719 63.05
1204203108120574 63.05
1204203108180429 63.05
1204203108240284 63.05
1204203108300140 63.05
1204203108360994 63.05
1204203108420849 63.05
1204203108480705 63.05
1204203108540560 63.07
1204203108600415 63.05
1204203108660268 63.05
1204203108720123 63.05
1204203108780979 63.05
1204203108840834 63.05
1204203108900689 63.05
1204203108960542 63.05
1204203109020398 63.05
1204203109080253 63.05
1204203109140108 63.05
1204203109200964 63.05
1204203109260819 63.05
1204203109320674 63.05
1204203109380528 63.05
1204203109440383 63.05
1204203109500239 63.05
1204203109560092 63.05
1204203109620948 63.05
1204203109680803 63.05
1204203109740658 63.05
1204203109800514 63.05
1204203109860367 63.05
1204203109920222 63.05
1204203109980077 63.05
1204203200040189 63.05
1204203200100044 63.05
1204203200160900 63.05
1204203200220753 63.05
1204203200280609 63.05
1204203200340464 63.05
1204203200400319 63.05
1204203200460174 63.05
1204203200480104 63.05
1204203200530004 63.05
1204203200590860 63.05
1204203200650713 63.05
1204203200710568 63.05
1204203200770424 63.05
1204203200830279 63.05
1204203200890134 63.05
1204203200950990 63.05
1204203201010843 63.05
1204203201070699 63.05
1204203201130553 63.05
1204203201190409 63.05
1204203201250264 63.05
1204203201310119 63.05
1204203201370973 63.05
1204203201430829 63.05
1204203201490684 63.05
1204203201550540 63.07
1204203201610393 63.05
1204203201670248 63.05
1204203201730103 63.07
1204203201790973 63.05
1204203201850814 63.05
1204203201910669 63.05
1204203201970523 63.05
1204203202030378 63.05
1204203202090234 63.05
1204203202150206 63.05
1204203202210943 63.05
1204203202270798 63.05
1204203202330653 63.05
1204203202390508 63.07
1204203202450363 63.05
1204203202510216 63.05
1204203202570072 63.07
1204203202630928 63.05
1204203202690783 63.05
1204203202750687 63.05
1204203202810492 63.05
1204203202870347 63.05
1204203202930202 63.05
1204203202990057 63.05
1204203203050913 63.05
1204203203110769 63.05
1204203203170621 63.05
1204203203230477 63.05
1204203203290345 63.05
1204203203350193 63.05
1204203203410042 63.05
1204203203470896 63.05
1204203203490823 63.05
1204203203540728 63.05
1204203203600584 63.05
1204203203660437 63.05
1204203203720292 63.05
1204203203780147 63.05
1204203203840002 63.05
1204203203900857 63.05
1204203203960712 63.05
1204203204020567 63.05
1204203204080422 63.05
1204203204140277 63.05
1204203204200132 63.05
1204203204260987 63.05
1204203204320842 63.05
1204203204380697 63.05
1204203204440552 63.05
1204203204500407 63.05
1204203204560261 63.05
1204203204620116 63.05
1204203204680972 63.05
1204203204740827 63.05
1204203204800682 63.05
1204203204860536 63.05
1204203204920391 63.05
1204203204980246 63.05
1204203205040102 63.05
1204203205100956 63.05
1204203205160811 63.05
1204203205220666 63.05
1204203205280521 63.05
1204203205340376 63.05
1204203205400232 63.05
1204203205460085 63.05
1204203205520941 63.05
1204203205580796 63.05
1204203205640652 63.05
1204203205700507 63.05
1204203205760360 63.05
1204203205820215 63.05
1204203205880070 63.05
1204203205940925 63.05
1204203206000780 63.05
1204203206060635 63.05
1204203206120491 63.05
1204203206180346 63.05
1204203206240199 63.05
1204203206300056 63.05
1204203206360910 63.05
1204203206420765 63.05
1204203206480620 63.05
1204203206500547 63.07
1204203206550450 63.05
1204203206610305 63.05
1204203206670161 63.05
1204203206730016 63.05
1204203206790885 63.05
1204203206850725 63.05
1204203206910580 63.05
1204203206970435 63.05
1204203207030291 63.05
1204203207090146 63.05
1204203207150000 63.05
1204203207210856 63.05
1204203207270711 63.05
1204203207330566 63.05
1204203207390419 63.05
1204203207450275 63.07
1204203207510130 63.05
1204203207570986 63.05
1204203207630841 63.05
1204203207690695 63.07
1204203207750550 63.05
1204203207810405 63.05
1204203207870258 63.05
1204203207930127 63.07
1204203207990970 63.05
1204203208050825 63.05
1204203208110680 63.05
1204203208170534 63.07
1204203208230389 63.05
1204203208290258 63.05
1204203208350099 63.05
1204203208410955 63.05
1204203208470809 63.05
1204203208530664 63.05
1204203208590521 63.03
1204203208650376 63.03
1204203208710232 63.03
1204203208770083 63.01
1204203208830941 63.03
1204203208890794 63.01
1204203208950651 63.03
1204203209010506 63.03
1204203209070360 63.01
1204203209130215 62.99
1204203209190071 62.92
1204203209250924 62.85
1204203209310781 62.77
1204203209370635 62.75
1204203209430490 62.73
1204203209490347 62.72
1204203209510276 62.72
1204203209560177 62.72
1204203209620030 62.73
1204203209680889 62.72
1204203209740744 62.72
1204203209800597 62.72
1204203209860452 62.72
1204203209920307 62.72
1204203209980163 62.72
1204203300040274 62.72
1204203300100127 62.72
1204203300160983 62.72
1204203300220839 62.72
1204203300280694 62.72
1204203300340697 62.72
1204203300400402 62.72
1204203300460257 62.72
1204203300520112 62.72
1204203300580968 62.68
1204203300640823 62.6
1204203300700675 62.55
1204203300760530 62.47
1204203300820383 62.42
1204203300880242 62.36
1204203300940176 62.32
1204203301000950 62.31
1204203301060805 62.27
1204203301120658 62.25
1204203301180516 62.21
1204203301240369 62.19
1204203301300222 62.18
1204203301360077 62.14
1204203301420934 62.14
1204203301480793 62.12
1204203301540824 62.12
1204203301600503 62.08
1204203301660359 62.08
1204203301720212 62.08
1204203301780066 62.06
1204203301840923 62.08
1204203301900778 62.08
1204203301960632 62.06
1204203302020485 62.06
1204203302080342 62.08
1204203302140211 62.08
1204203302200053 62.08
1204203302260909 62.08
1204203302320764 62.08
1204203302380615 62.06
1204203302440472 62.08
1204203302500326 62.06
1204203302520254 62.08
1204203302570156 62.06
1204203302630013 62.08
1204203302690869 62.08
1204203302750723 62.06
1204203302810578 62.06
1204203302870431 62.06
1204203302930288 62.08
1204203302990143 62.08
1204203303050999 62.08
1204203303110852 62.08
1204203303170708 62.08
1204203303230563 62.08
1204203303290430 62.06
1204203303350273 62.08
1204203303410127 62.08
1204203303470981 62.06
1204203303530838 62.08
1204203303590694 62.08
1204203303650541 62.1
1204203303710396 62.14
1204203303770252 62.18
1204203303830105 62.19
1204203303890961 62.19
1204203303950817 62.19
1204203304010674 62.21
1204203304070529 62.21
1204203304130382 62.21
1204203304190237 62.21
1204203304250093 62.21
1204203304310949 62.21
1204203304370804 62.21
1204203304430659 62.21
1204203304490514 62.21
1204203304550368 62.23
1204203304610223 62.23
1204203304670076 62.25
1204203304730934 62.23
1204203304790799 62.25
1204203304850641 62.25
1204203304910495 62.25
1204203304970351 62.25
1204203305030206 62.25
1204203305090061 62.25
1204203305150915 62.25
1204203305210770 62.25
1204203305270626 62.25
1204203305330481 62.25
1204203305390339 62.27
1204203305450190 62.25
1204203305510046 62.27
1204203305530321 62.25
1204203305580877 62.25
1204203305640731 62.25
1204203305700588 62.27
1204203305760441 62.25
1204203305820295 62.25
1204203305880150 62.25
1204203305940005 62.25
1204203306000862 62.25
1204203306060715 62.25
1204203306120570 62.25
1204203306180425 62.25
1204203306240280 62.25
1204203306300138 62.27
1204203306360992 62.25
1204203306420845 62.25
1204203306480702 62.27
1204203306540555 62.25
1204203306600410 62.25
1204203306660266 62.27
1204203306720121 62.27
1204203306780975 62.25
1204203306840831 62.25
1204203306900686 62.25
1204203306960541 62.27
1204203307020394 62.25
1204203307080251 62.27
1204203307140105 62.25
1204203307200961 62.27
1204203307260816 62.27
1204203307320671 62.27
1204203307380527 62.27
1204203307440380 62.25
1204203307500235 62.25
1204203307560090 62.27
1204203307620946 62.27
1204203307680802 62.27
1204203307740655 62.27
1204203307800510 62.27
1204203307860366 62.27
1204203307920221 62.27
1204203307980076 62.27
1204203308040932 62.27
1204203308100785 62.27
1204203308160640 62.27
1204203308220494 62.25
1204203308280351 62.27
1204203308340204 62.27
1204203308400059 62.27
1204203308460915 62.27
1204203308520768 62.25
1204203308540695 62.29
1204203308590602 62.27
1204203308650457 62.27
1204203308710308 62.25
1204203308770165 62.21
1204203308830019 62.18
1204203308890876 62.18
1204203308950728 62.18
1204203309010583 62.18
1204203309070439 62.18
1204203309130296 62.16
1204203309190149 62.14
1204203309250002 62.14
1204203309310858 62.14
1204203309370718 62.12
1204203309430570 62.1
1204203309490428 62.08
1204203309550283 62.08
1204203309610139 62.08
1204203309670995 62.08
1204203309730993 62.08
1204203309790717 62.08
1204203309850558 62.08
1204203309910414 62.08
1204203309970269 62.08
1204203400030379 62.08
1204203400090234 62.08
1204203400150088 62.06
1204203400210940 62.05
1204203400270795 62.01
1204203400330787 62.01
1204203400390505 62.01
1204203400450357 61.99
1204203400510212 61.99
1204203400570067 61.99
1204203400630923 61.99
1204203400690778 61.99
1204203400750636 61.95
1204203400810491 61.88
1204203400870342 61.86
1204203400930351 61.86
1204203400990053 61.86
1204203401050907 61.86
1204203401110762 61.86
1204203401170617 61.86
1204203401230473 61.86
1204203401290339 61.86
1204203401350181 61.86
1204203401410036 61.86
1204203401470893 61.86
1204203401530748 61.86
1204203401550677 61.86
1204203401600578 61.86
1204203401660433 61.86
1204203401720288 61.86
1204203401780141 61.86
1204203401840998 61.86
1204203401900853 61.82
1204203401960708 61.78
1204203402020563 61.77
1204203402080416 61.73
1204203402140273 61.75
1204203402200126 61.73
1204203402260983 61.71
1204203402320838 61.71
1204203402380695 61.69
1204203402440549 61.69
1204203402500404 61.69
1204203402560259 61.69
1204203402620114 61.69
1204203402680970 61.69
1204203402740821 61.67
1204203402800678 61.69
1204203402860533 61.69
1204203402920388 61.69
1204203402980242 61.67
1204203403040097 61.69
1204203403100953 61.69
1204203403160809 61.69
1204203403220662 61.67
1204203403280519 61.69
1204203403340372 61.69
1204203403400227 61.69
1204203403460083 61.69
1204203403520939 61.69
1204203403580792 61.67
1204203403640645 61.67
1204203403700502 61.69
1204203403760356 61.67
1204203403820213 61.69
1204203403880064 61.67
1204203403940921 61.67
1204203404000778 61.69
1204203404060632 61.69
1204203404120487 61.69
1204203404180341 61.67
1204203404240198 61.69
1204203404300051 61.67
1204203404360905 61.67
1204203404420760 61.67
1204203404480616 61.67
1204203404540469 61.67
1204203404560397 61.67
1204203404610301 61.67
1204203404670156 61.67
1204203404730027 61.69
1204203404790879 61.67
1204203404850721 61.67
1204203404910576 61.67
1204203404970431 61.67
1204203405030286 61.67
1204203405090141 61.67
1204203405150996 61.67
1204203405210851 61.67
1204203405270708 61.65
1204203405330571 61.62
1204203405390419 61.6
1204203405450270 61.58
1204203405510129 61.56
1204203405570986 61.56
1204203405630840 61.56
1204203405690693 61.56
1204203405750548 61.52
1204203405810401 61.54
1204203405870259 61.52
1204203405930126 61.54
1204203405990968 61.52
1204203406050824 61.52
1204203406110678 61.52
1204203406170534 61.52
1204203406230387 61.51
1204203406290257 61.52
1204203406350097 61.52
1204203406410953 61.52
1204203406470808 61.52
1204203406530664 61.52
1204203406590517 61.51
1204203406650372 61.52
1204203406710225 61.51
1204203406770080 61.51
1204203406830937 61.49
1204203406890794 61.47
1204203406950649 61.47
1204203407010500 61.49
1204203407070358 61.47
1204203407130213 61.47
1204203407190068 61.47
1204203407250924 61.47
1204203407310777 61.47
1204203407370633 61.47
1204203407430488 61.47
1204203407490343 61.47
1204203407550199 61.47
1204203407570125 61.49
1204203407620028 61.47
1204203407680884 61.47
1204203407740739 61.47
1204203407800592 61.47
1204203407860447 61.47
1204203407920302 61.47
1204203407980158 61.47
1204203408040013 61.47
1204203408100869 61.47
1204203408160722 61.47
1204203408220577 61.47
1204203408280432 61.47
1204203408340288 61.47
1204203408400143 61.47
1204203408460997 61.47
1204203408520852 61.52
1204203408580706 61.54
1204203408640563 61.56
1204203408700418 61.56
1204203408760267 61.58
1204203408820122 61.58
1204203408880982 61.6
1204203408940834 61.58
1204203409000693 61.6
1204203409060546 61.6
1204203409120398 61.58
1204203409180257 61.6
1204203409240112 61.6
1204203409300964 61.58
1204203409360822 61.6
1204203409420677 61.6
1204203409480532 61.6
1204203409540386 61.6
1204203409600241 61.6
1204203409660096 61.6
1204203409720952 61.6
1204203409780807 61.6
1204203409840659 61.58
1204203409900515 61.6
1204203409960371 61.6
1204203500020483 61.6
1204203500080338 61.6
1204203500140193 61.6
1204203500200046 61.6
1204203500260902 61.6
1204203500320758 61.6
1204203500380611 61.6
1204203500440466 61.6
1204203500500322 61.6
1204203500560177 61.6
1204203500580105 61.6
1204203500630007 61.6
1204203500690863 61.6
1204203500750718 61.6
1204203500810573 61.6
1204203500870423 61.62
1204203500930292 61.62
1204203500990137 61.6
1204203501050990 61.62
1204203501110847 61.6
1204203501170702 61.6
1204203501230557 61.6
1204203501290426 61.6
1204203501350266 61.6
1204203501410117 61.62
1204203501470973 61.62
1204203501530829 61.62
1204203501590688 61.6
1204203501650543 61.6
1204203501710393 61.62
1204203501770248 61.62
1204203501830103 61.62
1204203501890963 61.6
1204203501950816 61.6
1204203502010671 61.6
1204203502070522 61.62
1204203502130382 61.6
1204203502190237 61.6
1204203502250088 61.62
1204203502310948 61.6
1204203502370797 61.62
1204203502430656 61.6
1204203502490512 61.6
1204203502550361 61.62
1204203502610217 61.62
1204203502670072 61.62
1204203502730928 61.62
1204203502790795 61.62
1204203502850637 61.62
1204203502910492 61.58
1204203502970351 61.52
1204203503030204 61.52
1204203503090057 61.51
1204203503150914 61.51
1204203503210770 61.49
1204203503270623 61.43
1204203503330477 61.39
1204203503390334 61.38
1204203503450189 61.38
1204203503510046 61.36
1204203503570900 61.36
1204203503590831 61.36
1204203503640732 61.36
1204203503700586 61.36
1204203503760440 61.36
1204203503820295 61.36
1204203503880149 61.34
1204203503940004 61.36
1204203504000858 61.3
1204203504060714 61.3
1204203504120572 61.28
1204203504180421 61.26
1204203504240276 61.26
1204203504300131 61.25
1204203504360988 61.23
1204203504420842 61.21
1204203504480697 61.21
1204203504540551 61.19
1204203504600406 61.19
1204203504660261 61.15
1204203504720117 61.1
1204203504780971 61.06
1204203504840824 61.02
1204203504900679 61.02
1204203504960537 61
1204203505020390 61
1204203505080245 61
1204203505140100 61
1204203505200957 61
1204203505260812 61
1204203505320665 61
1204203505380520 61
1204203505440376 61
1204203505500230 61
1204203505560086 61
1204203505620942 61
1204203505680795 61
1204203505740651 61
1204203505800506 61
1204203505860361 61
1204203505920216 61
1204203505980069 61
1204203506040925 61
1204203506100781 61
1204203506160634 61
1204203506220489 61
1204203506280345 61
1204203506340200 61
1204203506400055 61
1204203506460909 61
1204203506520764 61.04
1204203506580619 61.06
1204203506600548 61.08
1204203506650455 61.12
1204203506710318 61.15
1204203506770162 61.17
1204203506830015 61.19
1204203506890871 61.19
1204203506950726 61.21
1204203507010581 61.21
1204203507070434 61.23
1204203507130289 61.25
1204203507190148 61.28
1204203507250002 61.34
1204203507310860 61.36
1204203507370711 61.38
1204203507430566 61.38
1204203507490421 61.38
1204203507550275 61.39
1204203507610130 61.39
1204203507670984 61.39
1204203507730839 61.39
1204203507790708 61.39
1204203507850550 61.39
1204203507910405 61.41
1204203507970258 61.41
1204203508030113 61.41
1204203508090969 61.41
1204203508150825 61.41
1204203508210682 61.43
1204203508270533 61.41
1204203508330388 61.41
1204203508390244 61.41
1204203508450099 61.41
1204203508510953 61.41
1204203508570811 61.43
1204203508630664 61.41
1204203508690519 61.41
1204203508750372 61.41
1204203508810230 61.43
1204203508870083 61.41
1204203508930953 61.41
1204203508990794 61.41
1204203509050651 61.43
1204203509110504 61.43
1204203509170358 61.41
1204203509230215 61.43
1204203509290084 61.43
1204203509350926 61.43
1204203509410779 61.43
1204203509470634 61.43
1204203509530490 61.43
1204203509590344 61.43
1204203509610273 61.43
1204203509660175 61.43
1204203509720031 61.43
1204203509780885 61.43
1204203509840740 61.43
1204203509900595 61.43
1204203509960451 61.43
1204203600020560 61.43
1204203600080415 61.43
1204203600140270 61.43
1204203600200125 61.43
1204203600260980 61.43
1204203600320835 61.45
1204203600380691 61.43
1204203600440546 61.45
1204203600500401 61.45
1204203600560254 61.45
1204203600620109 61.45
1204203600680967 61.47
1204203600740821 61.47
1204203600800675 61.49
1204203600860530 61.49
1204203600920384 61.49
1204203600980240 61.49
1204203601040095 61.49
1204203601100950 61.49
1204203601160806 61.49
1204203601220659 61.49
1204203601280516 61.52
1204203601340370 61.54
1204203601400224 61.54
1204203601460082 61.6
1204203601520934 61.65
1204203601580789 61.69
1204203601640644 61.75
1204203601700497 61.78
1204203601760353 61.84
1204203601820208 61.92
1204203601880066 61.95
1204203601940918 61.97
1204203602000773 62.03
1204203602060632 62.08
1204203602120481 62.1
1204203602180341 62.12
1204203602240194 62.16
1204203602300207 62.18
1204203602360902 62.18
1204203602420759 62.21
1204203602480614 62.23
1204203602540469 62.23
1204203602600322 62.25
1204203602620249 62.25
1204203602670152 62.29
1204203602730011 62.32
1204203602790879 62.36
1204203602850717 62.38
1204203602910576 62.4
1204203602970427 62.42
1204203603030282 62.45
1204203603090137 62.49
1204203603150993 62.55
1204203603210850 62.6
1204203603270706 62.66
1204203603330559 62.7
1204203603390415 62.7
1204203603450267 62.73
1204203603510123 62.77
1204203603570979 62.77
1204203603630834 62.77
1204203603690689 62.77
1204203603750543 62.77
1204203603810398 62.77
1204203603870252 62.79
1204203603930120 62.77
1204203603990961 62.79
1204203604050818 62.77
1204203604110671 62.79
1204203604170526 62.79
1204203604230382 62.79
1204203604290249 62.79
1204203604350090 62.79
1204203604410947 62.79
1204203604470800 62.79
1204203604530657 62.77
1204203604590510 62.79
1204203604650365 62.79
1204203604710220 62.79
1204203604770075 62.79
1204203604830932 62.81
1204203604890785 62.81
1204203604950640 62.79
1204203605010495 62.79
1204203605070351 62.79
1204203605130204 62.81
1204203605190059 62.79
1204203605250915 62.79
1204203605310770 62.79
1204203605370626 62.79
1204203605430481 62.79
1204203605490335 62.79
1204203605550190 62.81
1204203605610045 62.81
1204203605630360 62.81
1204203605680875 62.81
1204203605740731 62.81
1204203605800586 62.79
1204203605860439 62.81
1204203605920295 62.81
1204203605980150 62.81
1204203606040005 62.81
1204203606100863 62.83
1204203606160715 62.81
1204203606220570 62.81
1204203606280425 62.81
1204203606340282 62.83
1204203606400135 62.83
1204203606460992 62.83
1204203606520846 62.83
1204203606580700 62.81
1204203606640555 62.81
1204203606700410 62.81
1204203606760265 62.83
1204203606820120 62.83
1204203606880976 62.83