1204305502130944 60.33
1204305502190799 60.33
1204305502250653 60.37
1204305502310643 60.39
1204305502370361 60.43
1204305502430216 60.45
1204305502490071 60.46
1204305502550930 60.48
1204305502610783 60.48
1204305502670636 60.5
1204305502730491 60.5
1204305502790346 60.5
1204305502850206 60.52
1204305502910139 60.52
1204305502970915 60.56
1204305503030769 60.61
1204305503090622 60.69
1204305503150479 60.78
1204305503210334 60.84
1204305503270186 60.89
1204305503330041 60.95
1204305503390899 60.98
1204305503450750 61.02
1204305503510621 61.06
1204305503570463 61.1
1204305503630320 61.13
1204305503690175 61.17
1204305503750028 61.17
1204305503810882 61.19
1204305503870737 61.21
1204305503930593 61.23
1204305503990448 61.23
1204305504050303 61.23
1204305504110166 61.23
1204305504170011 61.25
1204305504230867 61.25
1204305504290721 61.26
1204305504330000 61.25
1204305504360553 61.26
1204305504420408 61.26
1204305504480266 61.28
1204305504540120 61.3
1204305504600976 61.32
1204305504660833 61.36
1204305504720684 61.38
1204305504780537 61.41
1204305504840393 61.41
1204305504900250 61.43
1204305504960103 61.45
1204305505020959 61.45
1204305505080816 61.47
1204305505140670 61.49
1204305505200527 61.52
1204305505260378 61.54
1204305505320231 61.58
1204305505380087 61.62
1204305505440009 61.69
1204305505500799 61.75
1204305505560653 61.78
1204305505620506 61.82
1204305505680362 61.86
1204305505740221 61.9
1204305505800073 61.92
1204305505860932 61.95
1204305505920782 61.97
1204305505980639 62.01
1204305506040491 62.03
1204305506100351 62.06
1204305506160202 62.1
1204305506220056 62.14
1204305506280913 62.21
1204305506340767 62.25
1204305506400624 62.27
1204305506460476 62.29
1204305506520335 62.32
1204305506580185 62.38
1204305506640042 62.42
1204305506700895 62.49
1204305506760752 62.58
1204305506820612 62.64
1204305506880463 62.7
1204305506940318 62.73
1204305507000187 62.75
1204305507060028 62.75
1204305507120882 62.75
1204305507180737 62.77
1204305507240592 62.77
1204305507300447 62.77
1204305507320360 62.77
1204305507370277 62.77
1204305507430133 62.77
1204305507490989 62.77
1204305507550843 62.77
1204305507610699 62.77
1204305507670553 62.77
1204305507730408 62.77
1204305507790261 62.79
1204305507850117 62.77
1204305507910973 62.77
1204305507970826 62.79
1204305508030682 62.77
1204305508090536 62.79
1204305508150392 62.77
1204305508210245 62.79
1204305508270101 62.77
1204305508330958 62.77
1204305508390813 62.77
1204305508450665 62.79
1204305508510520 62.79
1204305508570376 62.77
1204305508630230 62.79
1204305508690086 62.79
1204305508750941 62.79
1204305508810796 62.77
1204305508870649 62.79
1204305508930507 62.77
1204305508990359 62.81
1204305509050214 62.79
1204305509110070 62.79
1204305509170927 62.77
1204305509230780 62.79
1204305509290634 62.79
1204305509350489 62.79
1204305509410345 62.79
1204305509470199 62.79
1204305509530054 62.79
1204305509590910 62.79
1204305509650765 62.79
1204305509710619 62.79
1204305509770475 62.79
1204305509830329 62.79
1204305509890183 62.79
1204305509950038 62.79
1204305600010150 62.79
1204305600070004 62.79
1204305600130859 62.79
1204305600190715 62.79
1204305600250569 62.79
1204305600310424 62.79
1204305600330337 62.79
1204305600380253 62.79
1204305600440108 62.79
1204305600500080 62.79
1204305600560820 62.81
1204305600620675 62.79
1204305600680529 62.79
1204305600740385 62.79
1204305600800240 62.81
1204305600860093 62.79
1204305600920949 62.79
1204305600980804 62.79
1204305601040660 62.79
1204305601100515 62.79
1204305601160368 62.79
1204305601220223 62.79
1204305601280078 62.79
1204305601340935 62.79
1204305601400789 62.81
1204305601460644 62.81
1204305601520499 62.79
1204305601580354 62.79
1204305601640207 62.79
1204305601700063 62.81
1204305601760919 62.81
1204305601820774 62.79
1204305601880629 62.79
1204305601940482 62.81
1204305602000351 62.81
1204305602060193 62.81
1204305602120048 62.81
1204305602180904 62.81
1204305602240758 62.81
1204305602300613 62.81
1204305602360469 62.81
1204305602420324 62.81
1204305602480179 62.81
1204305602540032 62.81
1204305602600889 62.81
1204305602660743 62.81
1204305602720598 62.81
1204305602780452 62.81
1204305602840307 62.81
1204305602900175 62.81
1204305602960017 62.81
1204305603020873 62.81
1204305603080729 62.83
1204305603140582 62.81
1204305603200437 62.81
1204305603260292 62.81
1204305603320150 62.83
1204305603340060 62.81
1204305603390980 62.83
1204305603450834 62.81
1204305603510687 62.81
1204305603570545 62.83
1204305603630398 62.81
1204305603690253 62.83
1204305603750107 62.81
1204305603810963 62.81
1204305603870817 62.81
1204305603930675 62.83
1204305603990529 62.83
1204305604050384 62.83
1204305604110239 62.83
1204305604170092 62.81
1204305604230948 62.81
1204305604290806 62.83
1204305604350659 62.83
1204305604410514 62.83
1204305604470369 62.83
1204305604530224 62.83
1204305604590079 62.83
1204305604650934 62.83
1204305604710788 62.83
1204305604770644 62.83
1204305604830499 62.83
1204305604890353 62.83
1204305604950209 62.83
1204305605010063 62.83
1204305605070920 62.83
1204305605130772 62.83
1204305605190627 62.85
1204305605250481 62.85
1204305605310339 62.83
1204305605370194 62.83
1204305605430047 62.83
1204305605490903 62.83
1204305605550758 62.83
1204305605610613 62.83
1204305605670465 62.85
1204305605730320 62.85
1204305605790176 62.85
1204305605850032 62.83
1204305605910889 62.83
1204305605970743 62.83
1204305606030599 62.83
1204305606090453 62.83
1204305606150307 62.83
1204305606210160 62.85
1204305606270015 62.85
1204305606330871 62.85
1204305606360470 62.85
1204305606400702 62.83
1204305606460558 62.83
1204305606520411 62.85
1204305606580265 62.85
1204305606640120 62.85
1204305606700976 62.85
1204305606760832 62.83
1204305606820686 62.85
1204305606880541 62.85
1204305606940394 62.85
1204305607000265 62.83
1204305607060105 62.85
1204305607120963 62.83
1204305607180816 62.85
1204305607240671 62.85
1204305607300525 62.85
1204305607360382 62.83
1204305607420234 62.85
1204305607480090 62.85
1204305607540945 62.85
1204305607600800 62.85
1204305607660656 62.85
1204305607720510 62.85
1204305607780364 62.85
1204305607840219 62.85
1204305607900074 62.85
1204305607960929 62.85
1204305608020784 62.85
1204305608080639 62.85
1204305608140495 62.85
1204305608200349 62.85
1204305608260203 62.85
1204305608320059 62.85
1204305608380915 62.85
1204305608440771 62.85
1204305608500625 62.85
1204305608560479 62.85
1204305608620336 62.86
1204305608680191 62.86
1204305608740043 62.85
1204305608800901 62.86
1204305608860754 62.85
1204305608920612 62.86
1204305608980463 62.85
1204305609040320 62.86
1204305609100176 62.86
1204305609160029 62.85
1204305609220884 62.85
1204305609280740 62.86
1204305609340592 62.85
1204305609360507 62.86
1204305609410425 62.85
1204305609470281 62.86
1204305609530134 62.85
1204305609590991 62.86
1204305609650847 62.86
1204305609710700 62.86
1204305609770556 62.86
1204305609830412 62.86
1204305609890266 62.86
1204305609950120 62.85
1204305700010231 62.86
1204305700070086 62.86
1204305700130941 62.86
1204305700190797 62.86
1204305700250650 62.86
1204305700310506 62.86
1204305700370361 62.86
1204305700430215 62.86
1204305700490069 62.86
1204305700560088 62.86
1204305700610781 62.86
1204305700670635 62.86
1204305700730490 62.86
1204305700790345 62.86
1204305700850200 62.86
1204305700910055 62.86
1204305700970912 62.86
1204305701030765 62.86
1204305701090620 62.86
1204305701150474 62.86
1204305701210329 62.86
1204305701270184 62.86
1204305701330040 62.88
1204305701390898 62.88
1204305701450750 62.86
1204305701510605 62.86
1204305701570459 62.86
1204305701630316 62.88
1204305701690170 62.88
1204305701750025 62.86
1204305701810880 62.86
1204305701870734 62.86
1204305701930590 62.86
1204305701990446 62.88
1204305702050300 62.86
1204305702110156 62.88
1204305702170011 62.88
1204305702230866 62.88
1204305702290721 62.88
1204305702350576 62.88
1204305702380670 62.88
1204305702420405 62.86
1204305702480262 62.88
1204305702540118 62.88
1204305702600973 62.88
1204305702660826 62.88
1204305702720682 62.88
1204305702780537 62.88
1204305702840391 62.88
1204305702900247 62.88
1204305702960101 62.88
1204305703020957 62.88
1204305703080812 62.88
1204305703140667 62.88
1204305703200521 62.88
1204305703260377 62.88
1204305703320230 62.88
1204305703380085 62.88
1204305703440939 62.9
1204305703500795 62.9
1204305703560650 62.88
1204305703620505 62.88
1204305703680361 62.88
1204305703740216 62.88
1204305703800069 62.88
1204305703860924 62.9
1204305703920782 62.88
1204305703980636 62.88
1204305704040488 62.9
1204305704100343 62.9
1204305704160201 62.88
1204305704220054 62.88
1204305704290026 62.88
1204305704340765 62.88
1204305704400620 62.88
1204305704460475 62.88
1204305704520330 62.88
1204305704580184 62.88
1204305704640039 62.88
1204305704700893 62.9
1204305704760749 62.9
1204305704820602 62.9
1204305704880512 62.88
1204305704940314 62.88
1204305705000181 62.9
1204305705060025 62.88
1204305705120879 62.88
1204305705180734 62.88
1204305705240587 62.9
1204305705300444 62.88
1204305705360297 62.9
1204305705380208 62.9
1204305705430128 62.9
1204305705490984 62.9
1204305705550841 62.88
1204305705610694 62.9
1204305705670548 62.9
1204305705730403 62.9
1204305705790260 62.88
1204305705850112 62.9
1204305705910967 62.9
1204305705970824 62.9
1204305706030679 62.9
1204305706090533 62.92
1204305706150388 62.9
1204305706210242 62.9
1204305706270096 62.9
1204305706330953 62.9
1204305706390807 62.9
1204305706450663 62.9
1204305706510518 62.9
1204305706570373 62.9
1204305706630226 62.9
1204305706690081 62.9
1204305706750937 62.9
1204305706810791 62.9
1204305706870646 62.92
1204305706930503 62.9
1204305706990357 62.9
1204305707050213 62.9
1204305707110067 62.9
1204305707170921 62.9
1204305707230776 62.9
1204305707290631 62.9
1204305707350487 62.9
1204305707410341 62.9
1204305707470196 62.9
1204305707530050 62.9
1204305707590907 62.9
1204305707650761 62.9
1204305707710617 62.9
1204305707770472 62.9
1204305707830325 62.92
1204305707890181 62.9
1204305707950036 62.9
1204305708010890 62.92
1204305708070746 62.92
1204305708130601 62.9
1204305708190456 62.9
1204305708250311 62.9
1204305708310164 62.92
1204305708370020 62.9
1204305708390932 62.92
1204305708440851 62.92
1204305708500707 62.9
1204305708560560 62.9
1204305708620416 62.92
1204305708680270 62.92
1204305708740126 62.92
1204305708800981 62.9
1204305708860837 62.92
1204305708920691 62.92
1204305708980546 62.92
1204305709040401 62.92
1204305709100255 62.92
1204305709160111 62.92
1204305709220967 62.9
1204305709280821 62.92
1204305709340676 62.92
1204305709400530 62.92
1204305709460386 62.9
1204305709520241 62.92
1204305709580094 62.92
1204305709640950 62.92
1204305709700806 62.92
1204305709760660 62.92
1204305709820514 62.92
1204305709880369 62.92
1204305709940225 62.92
1204305800000349 62.92
1204305800060191 62.92
1204305800120045 62.92
1204305800190011 62.92
1204305800240756 62.92
1204305800300610 62.92
1204305800360466 62.92
1204305800420318 62.94
1204305800480175 62.92
1204305800540030 62.92
1204305800600887 62.92
1204305800660741 62.92
1204305800720595 62.92
1204305800780450 62.92
1204305800840305 62.92
1204305800900160 62.92
1204305800960015 62.92
1204305801020871 62.92
1204305801080724 62.92
1204305801140581 62.92
1204305801200435 62.92
1204305801260290 62.92
1204305801320142 62.94
1204305801390000 62.92
1204305801410627 62.92
1204305801450828 62.94
1204305801510684 62.94
1204305801570541 62.92
1204305801630395 62.92
1204305801690252 62.92
1204305801750106 62.92
1204305801810961 62.92
1204305801870880 62.92
1204305801930669 62.94
1204305801990526 62.92
1204305802050379 62.92
1204305802110235 62.92
1204305802170090 62.92
1204305802230946 62.92
1204305802290800 62.92
1204305802350654 62.94
1204305802410510 62.92
1204305802470379 62.92
1204305802530220 62.92
1204305802590073 62.92
1204305802650930 62.94
1204305802710784 62.94
1204305802770640 62.92
1204305802830495 62.92
1204305802890350 62.92
1204305802950201 62.94
1204305803010057 62.94
1204305803070913 62.94
1204305803130770 62.92
1204305803190625 62.92
1204305803250479 62.96
1204305803310333 62.94
1204305803370187 62.94
1204305803430042 62.94
1204305803490897 62.94
1204305803550752 62.94
1204305803610607 62.94
1204305803670462 62.94
1204305803730317 62.94
1204305803790171 62.94
1204305803850026 62.94
1204305803910882 62.94
1204305803970736 62.94
1204305804030591 62.94
1204305804090447 62.94
1204305804150302 62.94
1204305804210156 62.94
1204305804270012 62.94
1204305804330866 62.94
1204305804390722 62.94
1204305804410634 62.94
1204305804460551 62.94
1204305804520407 62.94
1204305804580261 62.94
1204305804640117 62.94
1204305804700972 62.94
1204305804760828 62.94
1204305804820682 62.94
1204305804880537 62.94
1204305804940392 62.94
1204305805000260 62.94
1204305805060101 62.94
1204305805120957 62.94
1204305805180811 62.94
1204305805240667 62.94
1204305805300522 62.94
1204305805360379 62.96
1204305805420230 62.94
1204305805480086 62.94
1204305805540942 62.94
1204305805600799 62.9
1204305805660652 62.94
1204305805720506 62.94
1204305805780361 62.94
1204305805840215 62.94
1204305805900072 62.96
1204305805960926 62.94
1204305806020782 62.96
1204305806080636 62.94
1204305806140492 62.96
1204305806200345 62.94
1204305806260202 62.96
1204305806320057 62.96
1204305806380912 62.96
1204305806440766 62.94
1204305806500621 62.98
1204305806560477 62.96
1204305806620330 62.94
1204305806680186 62.96
1204305806740040 62.94
1204305806800897 62.96
1204305806860751 62.96
1204305806920607 62.96
1204305806980462 62.96
1204305807040316 62.96
1204305807100172 62.96
1204305807160025 62.96
1204305807220881 62.96
1204305807280738 62.96
1204305807340591 62.96
1204305807400446 62.96
1204305807430541 62.96
1204305807470278 62.96
1204305807530129 62.94
1204305807590987 62.96
1204305807650841 62.94
1204305807710697 62.96
1204305807770553 62.96
1204305807830408 62.96
1204305807890262 62.96
1204305807950114 62.98
1204305808010971 62.98
1204305808070826 62.96
1204305808130681 62.96
1204305808190536 62.96
1204305808250391 62.96
1204305808310247 62.96
1204305808370100 62.96
1204305808430957 62.96
1204305808490812 62.96
1204305808550667 62.96
1204305808610521 62.96
1204305808670376 62.96
1204305808730230 62.96
1204305808790087 62.96
1204305808850943 62.96
1204305808910796 62.96
1204305808970650 62.96
1204305809030505 62.96
1204305809090358 62.98
1204305809150215 62.96
1204305809210070 62.96
1204305809270924 62.98
1204305809330782 62.96
1204305809390634 62.98
1204305809450490 62.96
1204305809510346 62.96
1204305809570201 62.96
1204305809630052 62.98
1204305809690910 62.96
1204305809750765 62.96
1204305809810619 62.98
1204305809870473 62.98
1204305809930329 62.96
1204305809990185 62.96
1204305900050294 62.98
1204305900110149 62.96
1204305900170004 62.96
1204305900230859 62.98
1204305900290715 62.96
1204305900350570 62.96
1204305900410424 62.96
1204305900440518 62.96
1204305900480255 62.96
1204305900540110 62.96
1204305900600966 62.96
1204305900660820 62.98
1204305900720676 62.99
1204305900780530 62.96
1204305900840386 62.96
1204305900900241 62.96
1204305900960092 62.98
1204305901020951 62.96
1204305901080804 62.98
1204305901140660 62.96
1204305901200514 62.98
1204305901260368 62.98
1204305901320222 62.98
1204305901380079 62.94
1204305901440933 62.98
1204305901500788 62.98
1204305901560642 62.98
1204305901620497 62.98
1204305901680353 62.98
1204305901740210 62.96
1204305901800062 62.98
1204305901860918 62.98
1204305901920773 62.98
1204305901980628 62.98
1204305902040483 62.98
1204305902100336 62.98
1204305902160193 62.98
1204305902220046 62.98
1204305902280905 62.99
1204305902340758 62.98
1204305902400612 62.98
1204305902460468 62.98
1204305902520321 62.98
1204305902580178 62.98
1204305902640031 62.98
1204305902700887 62.98
1204305902760742 62.98
1204305902820598 62.98
1204305902880452 62.98
1204305902940308 62.98
1204305903000174 62.98
1204305903060015 62.98
1204305903120871 62.98
1204305903180726 62.98
1204305903240582 62.98
1204305903300437 62.98
1204305903360292 62.98
1204305903420147 62.98
1204305903450239 62.98
1204305903490978 62.98
1204305903550833 62.99
1204305903610687 62.98
1204305903670542 62.98
1204305903730397 62.98
1204305903790252 62.98
1204305903850107 62.98
1204305903910964 62.96
1204305903970818 62.98
1204305904030671 62.98
1204305904090526 62.98
1204305904150382 62.98
1204305904210236 62.98
1204305904270092 62.98
1204305904330946 62.98
1204305904390805 62.96
1204305904450656 62.98
1204305904510510 62.98
1204305904570367 62.98
1204305904630220 62.98
1204305904690076 62.98
1204305904750932 62.96
1204305904810786 62.98
1204305904870640 62.98
1204305904930497 62.98
1204305904990350 62.98
1204305905050205 62.98
1204305905110061 62.98
1204305905170917 62.98
1204305905230772 62.98
1204305905290625 62.98
1204305905350481 62.98
1204305905410336 62.98
1204305905470189 62.98
1204305905530044 62.98
1204305905590900 62.98
1204305905660922 62.98
1204305905710610 62.98
1204305905770465 62.98
1204305905830320 62.98
1204305905890175 63.01
1204305905950030 62.98
1204305906010884 62.98
1204305906070739 62.98
1204305906130595 62.98
1204305906190449 62.98
1204305906260367 62.98
1204305906310160 62.98
1204305906370014 62.98
1204305906430871 62.98
1204305906460146 62.98
1204305906500700 62.98
1204305906560556 62.98
1204305906620410 62.98
1204305906680264 62.98
1204305906740119 62.98
1204305906800975 62.98
1204305906860831 62.98
1204305906920685 62.98
1204305906980540 62.98
1204305907040395 62.98
1204305907100249 62.98
1204305907160105 62.99
1204305907230093 62.98
1204305907280815 62.98
1204305907340669 62.98
1204305907400525 62.98
1204305907460379 62.98
1204305907520234 62.98
1204305907580089 62.98
1204305907640944 62.98
1204305907700802 62.96
1204305907760655 62.98
1204305907820509 62.98
1204305907880364 62.98
1204305907940219 62.98
1204305908000089 62.96
1204305908060930 62.98
1204305908120784 62.98
1204305908180639 62.98
1204305908240493 62.98
1204305908300348 62.98
1204305908360203 62.98
1204305908420058 62.98
1204305908480915 62.98
1204305908540770 62.98
1204305908600623 62.98
1204305908660478 62.98
1204305908720333 62.98
1204305908780188 62.98
1204305908840043 62.98
1204305908900899 62.98
1204305908960752 62.98
1204305909020609 62.98
1204305909080463 62.98
1204305909140318 62.98
1204305909200173 62.98
1204305909260028 62.98
1204305909320882 62.98
1204305909380738 62.98
1204305909440593 62.98
1204305909460504 62.98
1204305909510425 62.98
1204305909570278 62.98
1204305909630134 62.98
1204305909690989 62.98
1204305909750844 62.98
1204305909810698 62.98
1204305909870553 62.98
1204305909930408 62.98
1204305909990263 62.98
1204400000050374 62.98
1204400000110227 62.98
1204400000170085 62.99
1204400000230938 62.98
1204400000290794 62.98
1204400000350649 62.98
1204400000410503 62.98
1204400000470358 62.98
1204400000530212 62.98
1204400000590067 62.98
1204400000650924 62.98
1204400000710778 62.98
1204400000770634 62.98
1204400000830488 62.98
1204400000890342 62.98
1204400000950198 62.98
1204400001010055 62.96
1204400001070909 62.99
1204400001130762 62.98
1204400001190618 62.98
1204400001250473 62.98
1204400001310326 62.98
1204400001370181 62.98
1204400001430036 62.98
1204400001490892 62.98
1204400001550748 62.98
1204400001610603 62.98
1204400001670456 62.98
1204400001730312 62.98
1204400001790167 62.98
1204400001850022 62.98
1204400001910878 62.98
1204400001970732 62.98
1204400002030588 62.98
1204400002090441 62.98
1204400002150296 62.98
1204400002210152 62.98
1204400002270005 62.98
1204400002330862 62.98
1204400002390716 62.98
1204400002450571 62.98
1204400002480664 62.98
1204400002520401 62.98
1204400002580256 62.98
1204400002640112 62.98
1204400002700966 62.98
1204400002760822 62.98
1204400002820678 62.98
1204400002880531 62.98
1204400002940386 62.98
1204400003000251 62.98
1204400003060096 62.98
1204400003120952 62.98
1204400003180807 62.98
1204400003250740 62.98
1204400003300517 62.98
1204400003360370 62.98
1204400003420225 62.98
1204400003480081 62.98
1204400003540937 62.98
1204400003600792 62.98
1204400003660647 62.98
1204400003720502 62.98
1204400003780357 62.98
1204400003840223 62.98
1204400003900067 62.99
1204400003960921 62.98
1204400004020776 62.98
1204400004080631 62.98
1204400004140487 62.98
1204400004200341 62.98
1204400004260197 62.99
1204400004320051 62.98
1204400004380906 62.98
1204400004440776 62.99
1204400004500615 62.98
1204400004560470 62.98
1204400004620326 62.98
1204400004680181 62.98
1204400004740034 62.98
1204400004800890 62.98
1204400004860745 62.98
1204400004920600 62.98
1204400004980456 62.99
1204400005040309 62.98
1204400005100164 62.98
1204400005160022 62.99
1204400005220877 62.99
1204400005280732 62.99
1204400005340585 62.98
1204400005400440 62.98
1204400005460294 62.98
1204400005490389 62.99
1204400005530126 62.98
1204400005590980 62.98
1204400005650836 62.98
1204400005710690 62.98
1204400005770544 62.98
1204400005830402 62.99
1204400005890258 62.99
1204400005950111 62.99
1204400006010968 62.99
1204400006070823 62.99
1204400006130675 62.98
1204400006190531 62.99
1204400006250386 62.99
1204400006310242 62.99
1204400006370096 62.99
1204400006430951 62.99
1204400006490808 62.99
1204400006550661 62.99
1204400006610517 62.99
1204400006670371 62.99
1204400006730227 62.99
1204400006790081 62.99
1204400006860420 62.99
1204400006910792 62.99
1204400006970644 62.98
1204400007030501 62.99
1204400007090355 62.98
1204400007150212 62.99
1204400007210066 62.99
1204400007270921 62.99
1204400007330777 62.99
1204400007390632 62.99
1204400007450483 63.01
1204400007510340 62.99
1204400007570195 62.99
1204400007630049 62.99
1204400007690907 62.99
1204400007750761 62.99
1204400007810614 62.98
1204400007870471 62.99
1204400007930324 62.99
1204400007990180 62.99
1204400008050034 62.99
1204400008110891 62.99
1204400008170744 62.98
1204400008230601 62.99
1204400008290456 62.99
1204400008350309 62.99
1204400008410164 62.99
1204400008470020 62.99
1204400008500118 62.99
1204400008540852 62.99
1204400008610772 62.99
1204400008660561 62.99
1204400008720415 62.99
1204400008780271 62.99
1204400008840124 62.99
1204400008900978 62.98
1204400008960835 62.99
1204400009020691 62.99
1204400009080544 62.99
1204400009140399 62.99
1204400009200254 62.99
1204400009270109 62.99
1204400009320964 62.98
1204400009380819 62.98
1204400009450674 62.99
1204400009500528 62.98
1204400009570384 62.99
1204400009630239 62.99
1204400009690094 62.99
1204400009750949 62.99
1204400009810805 62.99
1204400009870659 62.99
1204400009930515 62.99
1204400009990369 62.99
1204400100050480 62.99
1204400100100331 62.98
1204400100170189 62.99
1204400100230044 62.99
1204400100290900 62.99
1204400100350754 62.99
1204400100410609 62.99
1204400100470464 62.99
1204400100530319 62.99
1204400100590174 62.99
1204400100650029 62.99
1204400100710884 62.99
1204400100770739 62.99
1204400100830594 62.99
1204400100890448 62.99
1204400100950370 62.99
1204400101010172 62.99
1204400101070012 62.99
1204400101130870 62.99
1204400101190876 62.99
1204400101250579 62.99
1204400101310432 62.99
1204400101370288 62.99
1204400101430143 62.99
1204400101490999 62.99
1204400101510790 62.99
1204400101560829 62.99
1204400101620683 62.99
1204400101680539 62.99
1204400101740394 62.99
1204400101800250 62.99
1204400101860104 62.99
1204400101920959 62.99
1204400101980814 62.99
1204400102040669 62.99
1204400102100524 62.99
1204400102160379 62.99
1204400102220232 62.99
1204400102280089 62.99
1204400102340943 62.99
1204400102400798 62.99
1204400102460653 62.99
1204400102520507 62.99
1204400102580361 63.01
1204400102640217 62.99
1204400102700073 62.99
1204400102760928 62.99
1204400102820783 62.99
1204400102880638 62.99
1204400102940493 62.99
1204400103000346 62.99
1204400103060202 62.99
1204400103120057 62.99
1204400103180913 62.99
1204400103240768 62.99
1204400103300624 62.99
1204400103360478 62.99
1204400103420333 62.99
1204400103480186 62.99
1204400103540039 63.01
1204400103600898 62.99
1204400103660752 62.99
1204400103720607 62.99
1204400103780460 63.01
1204400103840315 63.01
1204400103900170 63.01
1204400103960027 62.99
1204400104020881 63.01
1204400104080734 63.01
1204400104140590 63.01
1204400104200447 62.99
1204400104260302 62.99
1204400104320155 63.01
1204400104380009 63.01
1204400104440867 62.99
1204400104500720 63.01
1204400104510631 63.01
1204400104570552 62.99
1204400104630404 63.01
1204400104690262 62.99
1204400104750117 62.99
1204400104810970 63.01
1204400104870825 63.01
1204400104930680 63.01
1204400104990536 62.99
1204400105050392 62.99
1204400105110247 62.99
1204400105170100 62.99
1204400105230955 63.01
1204400105290810 63.01
1204400105350665 63.01
1204400105410520 62.99
1204400105470374 63.01
1204400105530230 62.99
1204400105590085 62.99
1204400105650940 63.01
1204400105710796 62.99
1204400105770649 63.01
1204400105830504 63.01
1204400105890359 63.01
1204400105950214 63.01
1204400106010081 63.01
1204400106070925 63.01
1204400106130780 63.01
1204400106190635 63.01
1204400106250488 63.01
1204400106310344 63.01
1204400106370200 63.01
1204400106430052 63.01
1204400106490908 63.01
1204400106550765 63.01
1204400106610618 63.01
1204400106670474 63.01
1204400106730327 63.01
1204400106790183 63.01
1204400106850039 63.01
1204400106910894 63.01
1204400106970749 63.01
1204400107030731 63.01
1204400107090458 63.01
1204400107150313 63.01
1204400107210168 63.01
1204400107270023 63.01
1204400107330878 63.01
1204400107390734 63.01
1204400107450589 63.01
1204400107510443 63.01
1204400107530544 62.99
1204400107580274 63.01
1204400107640128 63.01
1204400107700984 63.01
1204400107760838 63.01
1204400107820693 63.01
1204400107880549 63.01
1204400107940403 63.01
1204400108000258 63.01
1204400108060113 63.01
1204400108120969 63.01
1204400108180824 63.01
1204400108240679 63.01
1204400108300533 63.01
1204400108360387 63.01
1204400108420242 63.01
1204400108480098 63.01
1204400108540953 63.01
1204400108600808 63.01
1204400108660662 63.01
1204400108720517 63.01
1204400108780372 63.01
1204400108840228 63.01
1204400108900082 63.01
1204400108960939 63.01
1204400109020792 63.01
1204400109080648 63.01
1204400109140504 63.03
1204400109200359 63.03
1204400109260213 63.03
1204400109320067 63.01
1204400109380924 63.01
1204400109440777 63.01
1204400109500631 63.01
1204400109560486 63.01
1204400109620344 63.03
1204400109680196 63.01
1204400109740053 63.03
1204400109800907 63.01
1204400109860764 63.03
1204400109920618 63.01
1204400109980474 63.03
1204400200040583 63.01
1204400200100437 63.01
1204400200160294 63.03
1204400200220147 63.01
1204400200280004 63.03
1204400200340859 63.03
1204400200400713 63.01
1204400200460568 63.01
1204400200520423 63.03
1204400200540516 63.03
1204400200590253 63.01
1204400200650107 63.01
1204400200710963 63.01
1204400200770818 63.01
1204400200830672 63.01
1204400200890527 63.01
1204400200950383 63.01
1204400201010258 63.01
1204400201070093 63.03
1204400201130948 63.01
1204400201190803 63.01
1204400201250658 63.01
1204400201310513 63.01
1204400201370368 63.01
1204400201430222 63.01
1204400201490078 63.01
1204400201550935 63.03
1204400201610789 63.03
1204400201670643 63.03
1204400201730499 63.03
1204400201790354 63.03
1204400201850207 63.01
1204400201910062 63.03
1204400201970919 63.03
1204400202030774 63.03
1204400202090628 63.03
1204400202150481 63.01
1204400202210339 63.03
1204400202270194 63.03
1204400202330047 63.03
1204400202390904 63.03
1204400202450757 63.01
1204400202510613 63.03
1204400202570468 63.03
1204400202630324 63.03
1204400202690179 63.03
1204400202750032 63.03
1204400202810888 63.03
1204400202870742 63.01
1204400202930599 63.03
1204400202990450 63.01
1204400203050307 63.03
1204400203110161 63.01
1204400203170016 63.01
1204400203230872 63.01
1204400203290729 63.03
1204400203350582 63.03
1204400203410437 63.03
1204400203470291 63.01
1204400203530147 63.03
1204400203550240 63.03
1204400203600980 63.03
1204400203660831 63.01
1204400203720688 63.03
1204400203780543 63.03
1204400203840398 63.03
1204400203900253 63.03
1204400203960107 63.03
1204400204020963 63.03
1204400204080816 63.01
1204400204140673 63.03
1204400204200527 63.01
1204400204260382 63.03
1204400204320237 63.03
1204400204380092 63.03
1204400204440946 63.01
1204400204500804 63.03
1204400204560655 63.01
1204400204620512 63.03
1204400204680366 63.03
1204400204740222 63.03
1204400204800075 63.01
1204400204860933 63.03
1204400204920786 63.03
1204400204980640 63.01
1204400205040495 63.01
1204400205100352 63.03
1204400205160205 63.01
1204400205220059 63.01
1204400205280917 63.03
1204400205340770 63.01
1204400205400627 63.03
1204400205460482 63.03
1204400205520336 63.03
1204400205580191 63.03
1204400205640046 63.03
1204400205700902 63.03
1204400205760756 63.01
1204400205820611 63.03
1204400205880466 63.03
1204400205940320 63.01
1204400206000175 63.03
1204400206060031 63.03
1204400206120887 63.03
1204400206180740 63.03
1204400206240596 63.03
1204400206300451 63.03
1204400206360306 63.03
1204400206420161 63.03
1204400206480014 63.03
1204400206540871 63.03
1204400206560962 63.03
1204400206610702 63.03
1204400206670557 63.03
1204400206730412 63.03
1204400206790267 63.03
1204400206850121 63.03
1204400206910979 63.03
1204400206970830 63.05
1204400207030686 63.03
1204400207090541 63.03
1204400207150395 63.03
1204400207210250 63.03
1204400207270106 63.03
1204400207330961 63.03
1204400207390814 63.01
1204400207450671 63.03
1204400207510526 63.03
1204400207570382 63.03
1204400207630235 63.03
1204400207690090 63.03
1204400207750947 63.03
1204400207810801 63.03
1204400207870656 63.03
1204400207930510 63.03
1204400207990365 63.03
1204400208050221 63.03
1204400208110088 63.03
1204400208170930 63.03
1204400208230786 63.03
1204400208290639 63.01
1204400208350496 63.03
1204400208410349 63.03
1204400208470204 63.03
1204400208530059 63.03
1204400208590914 63.01
1204400208650769 63.03
1204400208710628 63.03
1204400208770479 63.03
1204400208830335 63.03
1204400208890188 63.03
1204400208950044 63.03
1204400209010925 63.03
1204400209070755 63.03
1204400209130609 63.03
1204400209190465 63.03
1204400209250319 63.03
1204400209310174 63.03
1204400209370029 63.03
1204400209430885 63.03
1204400209490740 63.03
1204400209550594 63.03
1204400209570685 63.03
1204400209620426 63.03
1204400209680280 63.03
1204400209740134 63.03
1204400209800990 63.03
1204400209860844 63.03
1204400209920699 63.03
1204400209980554 63.03
1204400300040664 63.03
1204400300100520 63.03
1204400300160375 63.03
1204400300220228 63.03
1204400300280085 63.03
1204400300340939 63.03
1204400300400794 63.03
1204400300460648 63.03
1204400300520503 63.03
1204400300580360 63.03
1204400300640214 63.03
1204400300700068 63.03
1204400300760925 63.03
1204400300820780 63.03
1204400300880631 63.01
1204400300940486 63.05
1204400301000343 63.03
1204400301060198 63.03
1204400301120054 63.03
1204400301180909 63.03
1204400301240762 63.05
1204400301300619 63.03
1204400301360473 63.03
1204400301420329 63.03
1204400301480184 63.03
1204400301540038 63.03
1204400301600894 63.03
1204400301660748 63.03
1204400301720601 63.05
1204400301780458 63.03
1204400301840313 63.03
1204400301900168 63.03
1204400301960022 63.03
1204400302020878 63.03
1204400302080733 63.03
1204400302140587 63.05
1204400302200442 63.03
1204400302260297 63.03
1204400302320152 63.03
1204400302380008 63.03
1204400302440862 63.05
1204400302500717 63.03
1204400302560571 63.05
1204400302580814 63.03
1204400302630403 63.03
1204400302690258 63.03
1204400302750112 63.03
1204400302810067 63.05
1204400302870822 63.05
1204400302930677 63.03
1204400302990532 63.03
1204400303050386 63.05
1204400303110242 63.03
1204400303170098 63.03
1204400303230954 63.03
1204400303290807 63.03
1204400303350662 63.03
1204400303410633 63.03
1204400303470372 63.03
1204400303530225 63.05
1204400303590079 63.05
1204400303650937 63.05
1204400303710794 63.03
1204400303770648 63.03
1204400303830501 63.03
1204400303890356 63.03
1204400303950212 63.03
1204400304010303 63.05
1204400304070923 63.03
1204400304130777 63.03
1204400304190632 63.03
1204400304250487 63.03
1204400304310342 63.03
1204400304370197 63.03
1204400304430051 63.03
1204400304490908 63.03
1204400304550759 63.05
1204400304610716 63.05
1204400304670469 63.05
1204400304730326 63.03
1204400304790179 63.05
1204400304850035 63.03
1204400304910904 63.05
1204400304970745 63.05
1204400305030602 63.03
1204400305090454 63.05
1204400305150309 63.05
1204400305210184 63.03
1204400305270021 63.03
1204400305330876 63.03
1204400305390728 63.05
1204400305450584 63.05
1204400305510440 63.03
1204400305570295 63.03
1204400305590204 63.05
1204400305640127 63.03
1204400305700982 63.03
1204400305760835 63.01
1204400305820691 63.03
1204400305880544 63.05
1204400305940402 63.03
1204400306000253 63.05
1204400306060111 63.03
1204400306120965 63.05
1204400306180822 63.03
1204400306240675 63.05
1204400306300528 63.05
1204400306360383 63.05
1204400306420240 63.03
1204400306480096 63.03
1204400306540951 63.03
1204400306600960 63.03
1204400306660661 63.03
1204400306720515 63.05
1204400306780370 63.05
1204400306840226 63.03
1204400306900080 63.03
1204400306960935 63.03
1204400307020791 63.03
1204400307080645 63.05
1204400307140498 63.05
1204400307200405 63.05
1204400307260210 63.03
1204400307320063 63.05
1204400307380920 63.03
1204400307440774 63.05
1204400307500627 63.05
1204400307560483 63.05
1204400307620337 63.05
1204400307680192 63.05
1204400307740048 63.05
1204400307800080 63.03
1204400307860757 63.05
1204400307920612 63.05
1204400307980470 63.03
1204400308040322 63.05
1204400308100177 63.05
1204400308160032 63.05
1204400308220888 63.05
1204400308280742 63.05
1204400308340598 63.05
1204400308400451 63.05
1204400308460307 63.05
1204400308520163 63.03
1204400308580017 63.05
1204400308610109 63.05
1204400308650848 63.05
1204400308710710 63.05
1204400308770560 63.03
1204400308830413 63.05
1204400308890268 63.05
1204400308950121 63.05
1204400309010005 63.05
1204400309070832 63.05
1204400309130687 63.05
1204400309190543 63.05
1204400309250399 63.03
1204400309310255 63.05
1204400309370110 63.03
1204400309430962 63.05
1204400309490817 63.05
1204400309550672 63.05
1204400309610540 63.05
1204400309670381 63.05
1204400309730237 63.05
1204400309790094 63.03
1204400309850947 63.05
1204400309910802 63.05
1204400309970657 63.05
1204400400030769 63.03
1204400400090622 63.05
1204400400150479 63.03
1204400400210332 63.05
1204400400270187 63.05
1204400400330044 63.03
1204400400390897 63.05
1204400400450753 63.09
1204400400510609 63.05
1204400400570462 63.05
1204400400630315 63.05
1204400400690170 63.05
1204400400750026 63.05
1204400400810885 63.05
1204400400870736 63.05
1204400400930591 63.05
1204400400990446 63.05
1204400401050302 63.05
1204400401110155 63.05
1204400401170009 63.05
1204400401230867 63.05
1204400401290721 63.05
1204400401350576 63.05
1204400401410443 63.05
1204400401470286 63.05
1204400401530139 63.05
1204400401590995 63.05
1204400401610648 63.05
1204400401660826 63.05
1204400401720681 63.05
1204400401780536 63.05
1204400401840392 63.05
1204400401900246 63.05
1204400401960102 63.05
1204400402020972 63.05
1204400402080810 63.05
1204400402140665 63.05
1204400402200521 63.05
1204400402260376 63.05
1204400402320231 63.05
1204400402380086 63.05
1204400402440942 63.05
1204400402500797 63.05
1204400402560651 63.05
1204400402620505 63.05
1204400402680360 63.05
1204400402740215 63.05
1204400402800070 63.05
1204400402860927 63.05
1204400402920781 63.05
1204400402980636 63.05
1204400403040489 63.05
1204400403100344 63.05
1204400403160200 63.05
1204400403220055 63.05
1204400403280910 63.05
1204400403340765 63.05
1204400403400619 63.05
1204400403460475 63.05
1204400403520330 63.05
1204400403580185 63.05
1204400403640040 63.05
1204400403700896 63.05
1204400403760749 63.05
1204400403820604 63.05
1204400403880460 63.05
1204400403940313 63.05
1204400404000170 63.05
1204400404060024 63.05
1204400404120879 63.05
1204400404180734 63.05
1204400404240590 63.05
1204400404300447 63.03
1204400404360299 63.07
1204400404420153 63.05
1204400404480009 63.05
1204400404540865 63.05
1204400404600719 63.05
1204400404620634 63.05
1204400404670549 63.05
1204400404730405 63.05
1204400404790272 63.05
1204400404850115 63.05
1204400404910985 63.03
1204400404970825 63.05
1204400405030680 63.05
1204400405090535 63.05
1204400405150388 63.05
1204400405210243 63.05
1204400405270099 63.05
1204400405330955 63.05
1204400405390811 63.05
1204400405450664 63.05
1204400405510519 63.05
1204400405570373 63.05
1204400405630229 63.05
1204400405690084 63.05
1204400405750940 63.05
1204400405810804 63.05
1204400405870649 63.05
1204400405930505 63.05
1204400405990357 63.05
1204400406050291 63.05
1204400406110067 63.05
1204400406170923 63.05
1204400406230778 63.05
1204400406290632 63.05
1204400406350488 63.05
1204400406410350 63.05
1204400406470198 63.05
1204400406530052 63.05
1204400406590909 63.05
1204400406650765 63.05
1204400406710631 63.05
1204400406770473 63.05
1204400406830327 63.05
1204400406890182 63.05
1204400406950037 63.05
1204400407010922 63.05
1204400407070748 63.05
1204400407130603 63.05
1204400407190457 63.05
1204400407250312 63.05
1204400407310167 63.05
1204400407370022 63.05