1204304008720787 60.52
1204304008780726 60.54
1204304008840492 60.58
1204304008900348 60.63
1204304008960203 60.67
1204304009020057 60.69
1204304009080967 60.69
1204304009140768 60.71
1204304009200625 60.72
1204304009260480 60.74
1204304009320334 60.76
1204304009380249 60.76
1204304009440044 60.76
1204304009500899 60.8
1204304009560754 60.82
1204304009620608 60.82
1204304009680702 60.82
1204304009740317 60.82
1204304009800171 60.82
1204304009820355 60.84
1204304009870002 60.85
1204304009930859 60.87
1204304009990712 60.91
1204304100050825 60.91
1204304100110682 60.98
1204304100170534 61.02
1204304100230394 61.08
1204304100290250 61.12
1204304100350103 61.13
1204304100410957 61.19
1204304100470971 61.21
1204304100530666 61.23
1204304100590521 61.26
1204304100650376 61.26
1204304100710230 61.26
1204304100770085 61.26
1204304100830941 61.26
1204304100890800 61.28
1204304100950649 61.26
1204304101010510 61.28
1204304101070361 61.3
1204304101130217 61.32
1204304101190074 61.36
1204304101250925 61.39
1204304101310781 61.43
1204304101370640 61.47
1204304101430493 61.49
1204304101490347 61.54
1204304101550203 61.6
1204304101610055 61.62
1204304101670916 61.64
1204304101730765 61.67
1204304101790621 61.67
1204304101850475 61.67
1204304101910329 61.67
1204304101970184 61.67
1204304102030039 61.71
1204304102090896 61.69
1204304102150749 61.71
1204304102210604 61.73
1204304102270460 61.73
1204304102330315 61.73
1204304102390171 61.75
1204304102450025 61.75
1204304102510878 61.77
1204304102570734 61.78
1204304102630588 61.78
1204304102690443 61.78
1204304102750299 61.78
1204304102810157 61.8
1204304102840943 61.8
1204304102880048 61.8
1204304102940842 61.84
1204304103000695 61.82
1204304103060549 61.82
1204304103120405 61.84
1204304103180311 61.84
1204304103240116 61.84
1204304103300972 61.84
1204304103360825 61.86
1204304103420680 61.84
1204304103480613 61.84
1204304103540391 61.84
1204304103600367 61.86
1204304103660099 61.86
1204304103720954 61.86
1204304103780880 61.86
1204304103840667 61.88
1204304103900520 61.92
1204304103960373 61.93
1204304104020227 61.93
1204304104080147 61.97
1204304104140939 61.97
1204304104200792 61.99
1204304104260648 61.99
1204304104320503 61.99
1204304104380429 61.99
1204304104440213 61.99
1204304104500067 61.99
1204304104560923 61.99
1204304104620779 61.99
1204304104680696 62.01
1204304104740489 62.01
1204304104800345 62.01
1204304104860197 62.03
1204304104920054 62.01
1204304104980908 62.03
1204304105040764 62.03
1204304105100620 62.05
1204304105160477 62.06
1204304105220330 62.06
1204304105280266 62.1
1204304105340037 62.1
1204304105400897 62.12
1204304105460747 62.1
1204304105520605 62.12
1204304105580522 62.12
1204304105640315 62.12
1204304105700170 62.12
1204304105760022 62.14
1204304105820879 62.16
1204304105840793 62.18
1204304105890723 62.21
1204304105950565 62.27
1204304106010422 62.32
1204304106070277 62.36
1204304106130131 62.4
1204304106190984 62.44
1204304106250840 62.55
1204304106310695 62.62
1204304106370553 62.66
1204304106430403 62.7
1204304106490259 62.7
1204304106550114 62.73
1204304106610970 62.75
1204304106670825 62.75
1204304106730678 62.77
1204304106790533 62.77
1204304106850389 62.77
1204304106910244 62.77
1204304106970098 62.77
1204304107030955 62.77
1204304107090809 62.75
1204304107150664 62.77
1204304107210518 62.77
1204304107270370 62.79
1204304107330226 62.79
1204304107390082 62.79
1204304107450097 62.79
1204304107510794 62.77
1204304107570647 62.79
1204304107630500 62.79
1204304107690356 62.79
1204304107750364 62.79
1204304107810065 62.79
1204304107870923 62.79
1204304107930778 62.79
1204304107990631 62.79
1204304108050486 62.79
1204304108110341 62.81
1204304108170196 62.79
1204304108230051 62.81
1204304108290907 62.79
1204304108350761 62.81
1204304108410616 62.79
1204304108470470 62.81
1204304108530327 62.83
1204304108590180 62.81
1204304108650037 62.83
1204304108710891 62.85
1204304108770747 62.83
1204304108830601 62.81
1204304108850523 62.83
1204304108900434 62.83
1204304108960287 62.83
1204304109020143 62.83
1204304109080051 62.81
1204304109140850 62.85
1204304109200707 62.83
1204304109260562 62.83
1204304109320501 62.83
1204304109380339 62.83
1204304109440128 62.83
1204304109500983 62.83
1204304109560838 62.83
1204304109620690 62.85
1204304109680621 62.85
1204304109740400 62.85
1204304109800257 62.86
1204304109860109 62.85
1204304109920965 62.85
1204304109980820 62.85
1204304200040930 62.85
1204304200100786 62.85
1204304200160640 62.85
1204304200220495 62.85
1204304200280508 62.85
1204304200340207 62.83
1204304200400060 62.85
1204304200460916 62.85
1204304200520769 62.85
1204304200580726 62.85
1204304200640479 62.85
1204304200700334 62.85
1204304200760190 62.85
1204304200820043 62.85
1204304200880985 62.85
1204304200940757 62.86
1204304201000612 62.86
1204304201060466 62.86
1204304201120320 62.86
1204304201180233 62.85
1204304201240028 62.85
1204304201300887 62.86
1204304201360742 62.86
1204304201420596 62.86
1204304201480466 62.86
1204304201540306 62.86
1204304201600159 62.86
1204304201660014 62.86
1204304201720871 62.86
1204304201780787 62.86
1204304201840580 62.86
1204304201860500 62.86
1204304201910411 62.86
1204304201970266 62.86
1204304202030121 62.86
1204304202090976 62.86
1204304202150962 62.86
1204304202210686 62.86
1204304202270541 62.86
1204304202330397 62.86
1204304202390250 62.86
1204304202450106 62.86
1204304202510962 62.86
1204304202570818 62.88
1204304202630672 62.86
1204304202690527 62.88
1204304202750542 62.86
1204304202810236 62.86
1204304202870090 62.86
1204304202930947 62.86
1204304202990802 62.86
1204304203050657 62.86
1204304203110513 62.88
1204304203170367 62.88
1204304203230222 62.88
1204304203290077 62.88
1204304203350933 62.88
1204304203410786 62.86
1204304203470642 62.88
1204304203530496 62.88
1204304203590352 62.88
1204304203650207 62.88
1204304203710059 62.86
1204304203770916 62.9
1204304203830772 62.88
1204304203890628 62.88
1204304203950482 62.88
1204304204010478 62.88
1204304204070192 62.88
1204304204130046 62.88
1204304204190902 62.88
1204304204250757 62.88
1204304204310611 62.88
1204304204370467 62.88
1204304204430321 62.88
1204304204490176 62.88
1204304204550030 62.88
1204304204610887 62.88
1204304204670741 62.88
1204304204730597 62.88
1204304204790451 62.88
1204304204850305 62.88
1204304204880392 62.88
1204304204920136 62.88
1204304204980992 62.88
1204304205040848 62.88
1204304205100701 62.88
1204304205160557 62.88
1204304205220409 62.9
1204304205280352 62.9
1204304205340121 62.88
1204304205400975 62.9
1204304205460832 62.88
1204304205520684 62.9
1204304205580615 62.9
1204304205640396 62.88
1204304205700251 62.88
1204304205760105 62.9
1204304205820959 62.9
1204304205880921 62.9
1204304205940670 62.88
1204304206000523 62.9
1204304206060379 62.9
1204304206120233 62.9
1204304206180166 62.88
1204304206240945 62.88
1204304206300800 62.88
1204304206360654 62.9
1204304206420510 62.88
1204304206480431 62.9
1204304206540218 62.9
1204304206600072 62.9
1204304206660930 62.88
1204304206720783 62.9
1204304206780733 62.88
1204304206840493 62.9
1204304206900348 62.9
1204304206960204 62.88
1204304207020057 62.9
1204304207080996 62.9
1204304207140768 62.9
1204304207200623 62.9
1204304207260476 62.9
1204304207320781 62.9
1204304207380264 62.9
1204304207440042 62.9
1204304207500898 62.9
1204304207560752 62.9
1204304207620611 62.88
1204304207680548 62.9
1204304207740317 62.9
1204304207800172 62.86
1204304207860026 62.9
1204304207880246 62.9
1204304207930858 62.9
1204304207990713 62.9
1204304208050569 62.9
1204304208110424 62.9
1204304208170279 62.9
1204304208230132 62.9
1204304208290988 62.9
1204304208350842 62.9
1204304208410698 62.9
1204304208470579 62.88
1204304208530407 62.9
1204304208590262 62.9
1204304208650117 62.9
1204304208710972 62.92
1204304208770827 62.9
1204304208830683 62.9
1204304208890537 62.9
1204304208950392 62.9
1204304209010247 62.9
1204304209070115 62.9
1204304209130958 62.9
1204304209190813 62.9
1204304209250666 62.9
1204304209310522 62.9
1204304209370377 62.92
1204304209430231 62.9
1204304209490085 62.9
1204304209550941 62.9
1204304209610796 62.9
1204304209670651 62.9
1204304209730507 62.9
1204304209790360 62.9
1204304209850216 62.92
1204304209910070 62.9
1204304209970055 62.92
1204304300030035 62.9
1204304300090892 62.9
1204304300150747 62.9
1204304300210602 62.92
1204304300270457 62.92
1204304300330312 62.9
1204304300390296 62.9
1204304300450021 62.9
1204304300510876 62.9
1204304300570731 62.9
1204304300630586 62.9
1204304300690440 62.92
1204304300750296 62.92
1204304300810151 62.92
1204304300870005 62.9
1204304300890929 62.9
1204304300940837 62.92
1204304301000691 62.9
1204304301060546 62.92
1204304301120401 62.9
1204304301180256 62.9
1204304301240111 62.9
1204304301300966 62.9
1204304301360822 62.92
1204304301420676 62.92
1204304301480627 62.94
1204304301540386 62.9
1204304301600241 62.92
1204304301660097 62.92
1204304301720951 62.92
1204304301780881 62.92
1204304301840661 62.9
1204304301900516 62.92
1204304301960370 62.9
1204304302020224 62.92
1204304302080197 62.92
1204304302140935 62.9
1204304302200791 62.9
1204304302260645 62.92
1204304302320501 62.92
1204304302380438 62.92
1204304302440210 62.92
1204304302500063 62.9
1204304302560920 62.9
1204304302620775 62.92
1204304302680711 62.9
1204304302740485 62.9
1204304302800339 62.92
1204304302860195 62.92
1204304302920049 62.92
1204304302980906 62.92
1204304303040759 62.92
1204304303100615 62.9
1204304303160469 62.9
1204304303220325 62.92
1204304303280267 62.92
1204304303340034 62.92
1204304303400889 62.92
1204304303460744 62.92
1204304303520598 62.92
1204304303580541 62.92
1204304303640308 62.92
1204304303700163 62.92
1204304303760018 62.92
1204304303820875 62.92
1204304303880830 62.92
1204304303900646 62.92
1204304303950559 62.92
1204304304010414 62.92
1204304304070270 62.92
1204304304130123 62.92
1204304304190980 62.92
1204304304250835 62.92
1204304304310689 62.92
1204304304370544 62.92
1204304304430400 62.92
1204304304490254 62.92
1204304304550108 62.92
1204304304610965 62.92
1204304304670818 62.92
1204304304730675 62.92
1204304304790529 62.92
1204304304850384 62.92
1204304304910238 62.92
1204304304970093 62.92
1204304305030949 62.9
1204304305090804 62.92
1204304305150659 62.92
1204304305210514 62.92
1204304305270367 62.92
1204304305330223 62.92
1204304305390075 62.94
1204304305450933 62.92
1204304305510788 62.92
1204304305570644 62.92
1204304305630498 62.92
1204304305690353 62.92
1204304305750208 62.92
1204304305810063 62.92
1204304305870919 62.92
1204304305930773 62.92
1204304305990628 62.92
1204304306050483 62.92
1204304306110338 62.92
1204304306170191 62.92
1204304306230049 62.92
1204304306290903 62.92
1204304306350759 62.92
1204304306410612 62.92
1204304306470468 62.92
1204304306530322 62.92
1204304306590177 62.92
1204304306650031 62.92
1204304306710886 62.94
1204304306770742 62.94
1204304306830598 62.92
1204304306890452 62.92
1204304306910374 62.92
1204304306960282 62.92
1204304307020137 62.92
1204304307080069 62.92
1204304307140848 62.92
1204304307200703 62.92
1204304307260556 62.94
1204304307320411 62.94
1204304307380356 62.92
1204304307440121 62.94
1204304307500978 62.92
1204304307560989 62.92
1204304307620686 62.94
1204304307680641 62.92
1204304307740395 62.94
1204304307800252 62.92
1204304307860259 62.94
1204304307920961 62.94
1204304307980816 62.94
1204304308040672 62.92
1204304308100526 62.94
1204304308160380 62.94
1204304308220237 62.92
1204304308280093 62.92
1204304308340947 62.92
1204304308400801 62.94
1204304308460657 62.92
1204304308520510 62.94
1204304308580483 62.92
1204304308640219 62.94
1204304308700073 62.94
1204304308760933 62.92
1204304308820784 62.94
1204304308880721 62.92
1204304308940495 62.94
1204304309000349 62.94
1204304309060204 62.94
1204304309120058 62.94
1204304309180915 62.92
1204304309240769 62.94
1204304309300626 62.92
1204304309360479 62.94
1204304309420334 62.94
1204304309480278 62.94
1204304309540045 62.92
1204304309600899 62.94
1204304309660756 62.92
1204304309720608 62.94
1204304309780559 62.94
1204304309840318 62.94
1204304309900173 62.94
1204304309920089 62.94
1204304309970004 62.94
1204304400030114 62.94
1204304400090969 62.94
1204304400150826 62.92
1204304400210682 62.92
1204304400270534 62.94
1204304400330388 62.94
1204304400390243 62.94
1204304400450099 62.94
1204304400510957 62.92
1204304400570809 62.94
1204304400630666 62.92
1204304400690518 62.94
1204304400750373 62.94
1204304400810228 62.94
1204304400870084 62.94
1204304400930940 62.92
1204304400990794 62.94
1204304401050649 62.94
1204304401110505 62.96
1204304401170358 62.94
1204304401230213 62.94
1204304401290069 62.96
1204304401350925 62.94
1204304401410778 62.94
1204304401470633 62.94
1204304401530488 62.94
1204304401590344 62.94
1204304401650341 62.94
1204304401710052 62.94
1204304401770909 62.94
1204304401830762 62.94
1204304401890618 62.94
1204304401950473 62.94
1204304402010327 62.94
1204304402070182 62.94
1204304402130038 62.96
1204304402190895 62.96
1204304402250785 62.94
1204304402310601 62.94
1204304402370458 62.94
1204304402430313 62.96
1204304402490166 62.94
1204304402550022 62.94
1204304402610880 62.96
1204304402670830 62.94
1204304402730587 62.94
1204304402790442 62.94
1204304402850313 62.96
1204304402910152 62.94
1204304402930078 62.96
1204304402980985 62.96
1204304403040837 62.94
1204304403100692 62.94
1204304403160548 62.96
1204304403220404 62.96
1204304403280355 62.96
1204304403340113 62.96
1204304403400968 62.94
1204304403460825 62.96
1204304403520677 62.94
1204304403580629 62.96
1204304403640387 62.94
1204304403700241 62.94
1204304403760096 62.94
1204304403820952 62.94
1204304403880923 62.96
1204304403940664 62.96
1204304404000516 62.94
1204304404060499 62.96
1204304404120227 62.96
1204304404180169 62.94
1204304404240936 62.94
1204304404300793 62.96
1204304404360649 62.96
1204304404420503 62.96
1204304404480458 62.96
1204304404540211 62.94
1204304404600067 62.96
1204304404660922 62.94
1204304404720778 62.96
1204304404780738 62.94
1204304404840487 62.96
1204304404900342 62.96
1204304404960197 62.96
1204304405020052 62.96
1204304405080002 62.94
1204304405140762 62.96
1204304405200617 62.96
1204304405260471 62.94
1204304405320327 62.96
1204304405380182 62.96
1204304405440038 62.96
1204304405500893 62.96
1204304405560748 62.96
1204304405620602 62.96
1204304405680457 62.96
1204304405740309 62.94
1204304405800166 62.96
1204304405860022 62.96
1204304405920878 62.96
1204304405940797 62.94
1204304405990708 62.96
1204304406050564 62.96
1204304406110417 62.96
1204304406170272 62.96
1204304406230128 62.96
1204304406290984 62.96
1204304406350837 62.94
1204304406410692 62.96
1204304406470547 62.96
1204304406530403 62.96
1204304406590256 62.96
1204304406650112 62.96
1204304406710968 62.96
1204304406770822 62.96
1204304406830678 62.96
1204304406890533 62.96
1204304406950388 62.96
1204304407010404 62.96
1204304407070096 62.96
1204304407130952 62.96
1204304407190808 62.96
1204304407250662 62.96
1204304407310516 62.96
1204304407370372 62.96
1204304407430227 62.96
1204304407490081 62.96
1204304407550935 62.98
1204304407610791 62.96
1204304407670808 62.96
1204304407730502 62.96
1204304407790357 62.96
1204304407850210 62.96
1204304407910066 62.96
1204304407970923 62.96
1204304408030778 62.96
1204304408090629 62.94
1204304408150485 62.96
1204304408210341 62.96
1204304408270195 62.96
1204304408330050 62.96
1204304408390904 62.98
1204304408450761 62.96
1204304408510614 62.98
1204304408570468 62.98
1204304408630326 62.96
1204304408690180 62.96
1204304408750034 62.96
1204304408810890 62.96
1204304408870746 62.96
1204304408930600 62.96
1204304408950515 62.96
1204304409000432 62.96
1204304409060286 62.96
1204304409120140 62.96
1204304409180997 62.96
1204304409240865 62.96
1204304409300706 62.96
1204304409360561 62.96
1204304409420413 62.98
1204304409480380 62.96
1204304409540125 62.96
1204304409600979 62.98
1204304409660836 62.96
1204304409720690 62.96
1204304409780647 62.98
1204304409840405 62.98
1204304409900256 62.96
1204304409960111 62.96
1204304500020222 62.96
1204304500080188 62.98
1204304500140932 62.96
1204304500200786 62.96
1204304500260642 62.96
1204304500320496 62.96
1204304500380458 62.96
1204304500440204 62.98
1204304500500061 62.96
1204304500560915 62.98
1204304500620769 62.98
1204304500680721 62.96
1204304500740480 62.96
1204304500800334 62.98
1204304500860188 62.98
1204304500920046 62.96
1204304500980901 62.96
1204304501040756 62.96
1204304501100608 62.98
1204304501160465 62.96
1204304501220321 62.96
1204304501280270 62.98
1204304501340028 62.98
1204304501400884 62.98
1204304501460741 62.96
1204304501520594 62.98
1204304501580449 62.98
1204304501640304 62.98
1204304501700157 62.98
1204304501760014 62.96
1204304501820871 62.96
1204304501880724 62.98
1204304501940579 62.96
1204304501960499 62.98
1204304502010409 62.98
1204304502070263 62.98
1204304502130118 62.98
1204304502190975 62.96
1204304502250829 62.98
1204304502310684 62.98
1204304502370540 62.96
1204304502430393 62.98
1204304502490250 62.96
1204304502550106 62.96
1204304502610959 62.98
1204304502670813 62.98
1204304502730671 62.96
1204304502790524 62.96
1204304502850378 62.98
1204304502910233 62.96
1204304502970090 62.96
1204304503030945 62.96
1204304503090798 62.98
1204304503150653 62.98
1204304503210508 62.98
1204304503270362 62.98
1204304503330217 62.98
1204304503390073 62.98
1204304503450928 62.98
1204304503510782 62.98
1204304503570640 62.96
1204304503630493 62.98
1204304503690347 62.98
1204304503750202 62.98
1204304503810056 62.98
1204304503870913 62.98
1204304503930767 62.98
1204304503990622 62.98
1204304504050479 62.96
1204304504110335 62.96
1204304504170186 62.98
1204304504230043 62.96
1204304504290898 62.98
1204304504350753 62.98
1204304504410606 62.98
1204304504470462 62.98
1204304504530318 62.96
1204304504590171 62.98
1204304504650028 62.96
1204304504710881 62.98
1204304504770737 62.98
1204304504830592 62.98
1204304504890446 62.98
1204304504950300 62.98
1204304504970222 62.98
1204304505020131 62.98
1204304505080094 62.98
1204304505140843 62.98
1204304505200697 62.98
1204304505260553 62.98
1204304505320407 62.98
1204304505380261 62.98
1204304505440115 62.98
1204304505500971 62.98
1204304505560827 62.98
1204304505620682 62.98
1204304505680538 62.98
1204304505740392 62.98
1204304505800247 62.96
1204304505860100 62.98
1204304505920957 62.98
1204304505980814 62.96
1204304506040666 62.98
1204304506100520 62.98
1204304506160376 62.98
1204304506220230 62.98
1204304506280086 62.98
1204304506340942 62.98
1204304506400797 62.98
1204304506460650 62.98
1204304506520506 62.98
1204304506580361 62.98
1204304506640216 62.98
1204304506700069 62.98
1204304506760926 62.98
1204304506820780 62.98
1204304506880740 62.98
1204304506940490 62.98
1204304507000345 62.98
1204304507060200 62.98
1204304507120053 62.98
1204304507180911 62.98
1204304507240766 62.98
1204304507300620 62.98
1204304507360474 62.98
1204304507420330 62.98
1204304507480286 62.98
1204304507540041 62.99
1204304507600894 62.98
1204304507660750 62.98
1204304507720606 62.98
1204304507780573 62.98
1204304507840315 62.98
1204304507900168 62.98
1204304507960023 62.98
1204304507980945 62.98
1204304508030854 62.98
1204304508090709 62.98
1204304508150565 62.98
1204304508210421 62.98
1204304508270274 62.98
1204304508330130 62.98
1204304508390986 62.96
1204304508450839 62.98
1204304508510697 62.96
1204304508570550 62.98
1204304508630405 62.98
1204304508690262 62.96
1204304508750113 62.98
1204304508810970 62.98
1204304508870824 62.98
1204304508930680 62.98
1204304508990535 62.98
1204304509050389 62.98
1204304509110243 62.98
1204304509170099 62.98
1204304509230955 62.98
1204304509290810 62.98
1204304509350665 62.98
1204304509410520 62.98
1204304509470373 62.98
1204304509530228 62.98
1204304509590084 62.98
1204304509650941 62.99
1204304509710795 62.98
1204304509770648 62.98
1204304509830503 62.98
1204304509890359 62.98
1204304509950213 62.98
1204304600010324 62.98
1204304600070178 62.98
1204304600130032 62.98
1204304600190889 62.98
1204304600250744 62.98
1204304600310601 62.96
1204304600370454 62.98
1204304600430307 62.98
1204304600490162 62.98
1204304600550017 62.98
1204304600610874 62.98
1204304600670729 62.98
1204304600730582 62.98
1204304600790438 62.98
1204304600850293 62.98
1204304600910148 62.98
1204304600970003 62.98
1204304600990309 62.98
1204304601040834 62.98
1204304601100689 62.98
1204304601160544 62.98
1204304601220399 62.98
1204304601280362 62.98
1204304601340107 62.98
1204304601400964 62.98
1204304601460819 62.98
1204304601520672 62.98
1204304601580528 62.98
1204304601640383 62.98
1204304601700238 62.98
1204304601760093 62.98
1204304601820949 62.98
1204304601880803 62.98
1204304601940658 62.98
1204304602000513 62.98
1204304602060368 62.98
1204304602120221 62.98
1204304602180190 62.98
1204304602240933 62.98
1204304602300790 62.96
1204304602360643 62.98
1204304602420496 62.98
1204304602480352 62.98
1204304602540207 62.98
1204304602600063 62.98
1204304602660917 62.98
1204304602720772 62.98
1204304602780628 62.98
1204304602840482 62.98
1204304602900338 62.98
1204304602960191 62.98
1204304603020202 62.98
1204304603080019 62.98
1204304603140756 62.98
1204304603200611 62.98
1204304603260467 62.98
1204304603320322 62.98
1204304603380177 62.98
1204304603440030 62.98
1204304603500886 62.98
1204304603560742 62.98
1204304603620710 62.98
1204304603680452 62.98
1204304603740306 62.98
1204304603800161 62.98
1204304603860016 62.98
1204304603920871 62.98
1204304603980727 62.98
1204304604000644 62.96
1204304604050557 62.98
1204304604110412 62.98
1204304604170267 62.98
1204304604230122 62.98
1204304604290977 62.98
1204304604350831 62.98
1204304604410687 62.98
1204304604470542 62.98
1204304604530395 62.98
1204304604590251 62.98
1204304604650106 62.98
1204304604710962 62.98
1204304604770817 62.98
1204304604830671 62.98
1204304604890526 62.98
1204304604950381 62.98
1204304605010234 62.98
1204304605070090 62.98
1204304605130945 62.98
1204304605190802 62.96
1204304605250656 62.98
1204304605310511 62.98
1204304605370366 62.98
1204304605430221 62.98
1204304605490076 62.98
1204304605550930 62.98
1204304605610786 62.98
1204304605670641 62.98
1204304605730495 62.98
1204304605790350 62.98
1204304605850206 62.98
1204304605910059 62.98
1204304605970915 62.98
1204304606030770 62.98
1204304606090625 62.98
1204304606150480 62.98
1204304606210336 62.98
1204304606270189 62.98
1204304606330045 62.98
1204304606390899 62.98
1204304606450754 62.98
1204304606510609 62.98
1204304606570464 62.98
1204304606630319 62.98
1204304606690174 62.98
1204304606750029 62.98
1204304606810885 62.98
1204304606870739 62.98
1204304606930594 62.98
1204304606990449 62.98
1204304607010370 62.98
1204304607060279 62.98
1204304607120134 62.98
1204304607180991 62.98
1204304607240845 62.98
1204304607300700 62.98
1204304607360556 62.98
1204304607420409 62.98
1204304607480379 62.98
1204304607540119 62.98
1204304607600975 62.98
1204304607660830 62.98
1204304607720685 62.98
1204304607780538 62.98
1204304607840394 62.98
1204304607900250 62.98
1204304607960104 62.98
1204304608020960 62.98
1204304608080814 62.98
1204304608140669 62.98
1204304608200524 62.98
1204304608260379 62.98
1204304608320234 62.98
1204304608380088 62.98
1204304608440944 62.98
1204304608500801 62.99
1204304608560654 62.98
1204304608620509 62.98
1204304608680364 62.98
1204304608740218 62.98
1204304608800073 62.98
1204304608860929 62.98
1204304608920783 62.98
1204304608980638 62.98
1204304609040493 62.98
1204304609100348 62.98
1204304609160203 62.98
1204304609220058 62.98
1204304609280031 62.98
1204304609340771 62.99
1204304609400623 62.98
1204304609460478 62.98
1204304609520333 62.98
1204304609580188 62.98
1204304609640043 62.98
1204304609700897 62.98
1204304609760752 62.98
1204304609820608 62.98
1204304609880465 62.99
1204304609940317 62.98
1204304700000428 62.98
1204304700020342 62.98
1204304700070259 62.99
1204304700130113 62.98
1204304700190971 62.96
1204304700250825 62.99
1204304700310678 62.98
1204304700370533 62.98
1204304700430391 62.99
1204304700490243 62.98
1204304700550098 62.98
1204304700610121 62.99
1204304700670808 62.98
1204304700730663 62.98
1204304700790520 62.99
1204304700850373 62.98
1204304700910227 62.98
1204304700970083 62.98
1204304701030937 62.98
1204304701090792 62.98
1204304701150647 62.98
1204304701210557 62.98
1204304701270357 62.98
1204304701330214 62.99
1204304701390069 62.99
1204304701450922 62.98
1204304701510777 62.98
1204304701570635 62.99
1204304701630488 62.98
1204304701690343 62.98
1204304701750196 62.98
1204304701810065 62.98
1204304701870908 62.98
1204304701930762 62.98
1204304701990619 62.99
1204304702050473 62.98
1204304702110326 62.98
1204304702170181 62.98
1204304702230036 62.98
1204304702290893 62.98
1204304702350746 62.98
1204304702410601 62.98
1204304702470457 62.98
1204304702530312 62.99
1204304702590168 62.99
1204304702650021 62.98
1204304702710876 62.98
1204304702770733 62.99
1204304702830585 62.98
1204304702890440 62.98
1204304702950296 62.98
1204304703010151 62.98
1204304703030067 62.98
1204304703080983 62.98
1204304703140838 62.98
1204304703200693 62.99
1204304703260546 62.98
1204304703320402 62.98
1204304703380257 62.99
1204304703440111 62.98
1204304703500970 62.99
1204304703560822 62.98
1204304703620676 62.98
1204304703680531 62.98
1204304703740387 62.98
1204304703800240 62.98
1204304703860097 62.99
1204304703920952 62.98
1204304703980807 62.98
1204304704040661 62.98
1204304704100518 62.99
1204304704160371 62.98
1204304704220226 62.98
1204304704280082 62.99
1204304704340935 62.98
1204304704400791 62.98
1204304704460646 62.98
1204304704520500 62.98
1204304704580355 62.98
1204304704640210 62.98
1204304704700066 62.98
1204304704760920 62.98
1204304704820778 62.99
1204304704880631 62.99
1204304704940484 62.98
1204304705000342 62.99
1204304705060195 62.98
1204304705120050 62.98
1204304705180904 62.98
1204304705240761 62.98
1204304705300616 62.98
1204304705360472 62.99
1204304705420325 62.98
1204304705480180 62.98
1204304705540034 62.98
1204304705600891 62.98
1204304705660746 62.98
1204304705720600 62.98
1204304705780457 62.99
1204304705840312 62.99
1204304705900163 62.98
1204304705960020 62.99
1204304706020876 62.98
1204304706040791 62.98
1204304706090708 62.99
1204304706150562 62.99
1204304706210415 62.98
1204304706270272 62.99
1204304706330125 62.99
1204304706390981 62.99
1204304706450837 62.99
1204304706510690 62.98
1204304706570544 62.98
1204304706630399 62.98
1204304706690257 62.99
1204304706750110 62.98
1204304706810967 62.99
1204304706870820 62.98
1204304706930677 62.99
1204304706990531 62.99
1204304707050387 62.99
1204304707110240 62.98
1204304707170093 62.98
1204304707230949 62.98
1204304707290806 62.99
1204304707350659 62.98
1204304707410515 62.98
1204304707470372 62.99
1204304707530226 62.99
1204304707590077 62.98
1204304707650935 62.98
1204304707710790 62.98
1204304707770643 62.98
1204304707830498 62.98
1204304707890354 62.98
1204304707950208 62.98
1204304708010065 62.99
1204304708070920 62.99
1204304708130775 62.99
1204304708190630 62.99
1204304708250485 62.99
1204304708310340 62.99
1204304708370194 62.99
1204304708430049 62.99
1204304708490904 62.98
1204304708550761 62.99
1204304708610615 62.99
1204304708670469 62.99
1204304708730325 62.99
1204304708790178 62.99
1204304708850034 62.99
1204304708910890 62.99
1204304708970743 62.98
1204304709030598 62.99
1204304709050517 62.99
1204304709100428 62.98
1204304709160284 62.98
1204304709220141 62.99
1204304709280996 62.99
1204304709340851 62.99
1204304709400718 62.98
1204304709460561 62.99
1204304709520412 62.98
1204304709580268 62.98
1204304709640122 62.98
1204304709700977 62.98
1204304709760835 62.99
1204304709820688 62.98
1204304709880545 62.99
1204304709940400 62.99
1204304800000525 62.98
1204304800060362 62.98
1204304800120220 62.99
1204304800180074 62.99
1204304800240929 62.98
1204304800300784 62.99
1204304800360638 62.98
1204304800420491 62.98
1204304800480348 62.99
1204304800540203 62.99
1204304800600059 62.99
1204304800660915 62.99
1204304800720770 62.99
1204304800780622 62.98
1204304800840479 62.99
1204304800900331 62.98
1204304800960188 62.99
1204304801020043 62.99
1204304801080899 62.99
1204304801140753 62.98
1204304801200608 62.99
1204304801260461 62.98
1204304801320318 62.99
1204304801380174 62.99
1204304801440026 62.98
1204304801500885 62.99
1204304801560738 62.99
1204304801620591 62.98
1204304801680448 62.99
1204304801740303 62.99
1204304801800158 62.99
1204304801860010 62.98
1204304801920866 62.98
1204304801980720 62.98
1204304802040578 62.99
1204304802060491 62.98
1204304802110409 62.99
1204304802170262 62.98
1204304802230115 62.98
1204304802290971 62.98
1204304802350828 62.99
1204304802410681 62.98
1204304802470536 62.98
1204304802530392 62.98
1204304802590246 62.98
1204304802650101 62.98
1204304802710959 62.99
1204304802770812 62.98
1204304802830665 62.98
1204304802890521 62.98
1204304802950375 62.98
1204304803010233 62.99
1204304803070086 62.98
1204304803130944 62.99
1204304803190798 62.99
1204304803250653 62.99
1204304803310506 62.98
1204304803370362 62.99
1204304803430215 62.98
1204304803490072 62.99
1204304803550925 62.98
1204304803610782 62.99
1204304803670638 62.99
1204304803730492 62.99
1204304803790346 62.99
1204304803850202 62.99
1204304803910056 62.99
1204304803970910 62.98
1204304804030767 62.99
1204304804090622 62.99
1204304804150477 62.99
1204304804210331 62.98
1204304804270188 62.99
1204304804330040 62.99
1204304804390895 62.98
1204304804450750 62.98
1204304804510607 62.99
1204304804570462 62.99
1204304804630316 62.99
1204304804690169 62.98
1204304804750024 62.98
1204304804810882 62.99
1204304804870735 62.98
1204304804930591 62.99
1204304804990444 62.98
1204304805050298 62.98
1204304805070215 62.98
1204304805120132 62.99
1204304805180986 62.98
1204304805240841 62.98
1204304805300695 62.98
1204304805360551 62.99
1204304805420404 62.98
1204304805480261 62.99
1204304805540113 62.98
1204304805600970 62.98
1204304805660827 62.99
1204304805720682 62.99
1204304805780537 62.99
1204304805840388 62.98
1204304805900246 62.99
1204304805960101 62.99
1204304806020956 62.99
1204304806080809 62.98
1204304806140665 62.99
1204304806200520 62.99
1204304806260377 62.99
1204304806320231 62.99
1204304806380085 62.99
1204304806440941 62.99
1204304806500795 62.99
1204304806560648 62.98
1204304806620506 62.99
1204304806680359 62.98
1204304806740215 62.99
1204304806800070 62.99
1204304806860926 62.99
1204304806920781 62.99
1204304806980636 62.99
1204304807040490 62.99
1204304807100344 62.99
1204304807160199 62.99
1204304807220055 62.99
1204304807280909 62.98
1204304807340763 62.98
1204304807400621 62.99
1204304807460472 62.98
1204304807520329 62.99
1204304807580183 62.98
1204304807640039 62.99
1204304807700893 62.98
1204304807760750 62.99
1204304807820605 62.99
1204304807880458 62.98
1204304807940314 62.99
1204304808000169 62.99
1204304808060023 62.99
1204304808080939 62.99
1204304808130855 62.99
1204304808190710 62.99
1204304808250563 62.98
1204304808310421 62.99
1204304808370274 62.99
1204304808430129 62.99
1204304808490985 62.99
1204304808550840 62.99
1204304808610694 62.99
1204304808670549 62.99
1204304808730404 62.99
1204304808790260 62.99
1204304808850114 62.99
1204304808910970 62.99
1204304808970826 62.99
1204304809030679 62.99
1204304809090532 62.98
1204304809150386 62.98
1204304809210245 62.99
1204304809270100 62.99
1204304809330954 62.99
1204304809390823 62.99
1204304809450662 62.98
1204304809510517 62.98
1204304809570372 62.98
1204304809630229 62.99
1204304809690083 62.99
1204304809750938 62.98
1204304809810794 62.99
1204304809870647 62.98
1204304809930503 62.99
1204304809990432 62.98
1204304900060468 62.98
1204304900120323 62.99
1204304900180179 62.99
1204304900240034 62.99
1204304900300889 62.98
1204304900360745 62.99
1204304900420597 62.98
1204304900480453 62.99
1204304900540308 62.99
1204304900600178 62.99
1204304900660019 62.99
1204304900720875 62.99
1204304900780727 62.98
1204304900840585 62.99
1204304900900439 62.99
1204304900960294 62.99
1204304901020149 62.99
1204304901080002 62.99
1204304901100199 62.98
1204304901150835 62.99
1204304901210688 62.98
1204304901270545 62.99
1204304901330400 62.99
1204304901390255 62.99
1204304901450110 62.99
1204304901510964 62.99
1204304901570819 62.99
1204304901630674 62.99
1204304901690529 62.99
1204304901750384 62.99
1204304901810240 62.99
1204304901870094 62.99
1204304901930949 62.99
1204304901990803 62.99
1204304902050659 62.99
1204304902110514 62.99
1204304902170369 62.99
1204304902230224 62.99
1204304902290078 62.99
1204304902350935 62.99
1204304902410788 62.99
1204304902470644 62.99
1204304902530498 62.99
1204304902590353 62.99
1204304902650209 62.99
1204304902710064 62.99
1204304902770918 62.99
1204304902830772 62.99
1204304902890628 62.99
1204304902950483 62.99
1204304903010338 62.99
1204304903070193 62.99
1204304903130047 62.99
1204304903190017 62.99
1204304903250758 62.99
1204304903310613 62.99
1204304903370468 62.99
1204304903430323 62.99
1204304903490178 62.99
1204304903550031 62.99
1204304903610888 62.99
1204304903670740 62.98
1204304903730597 62.99
1204304903790477 62.98
1204304903850307 62.99
1204304903910163 62.99
1204304903970017 62.99
1204304904030871 62.99
1204304904090726 62.99
1204304904110641 62.98
1204304904160558 62.99
1204304904220413 62.99
1204304904280268 62.99
1204304904340121 62.99
1204304904400979 62.99
1204304904460834 62.99
1204304904520687 62.99
1204304904580542 62.99
1204304904640398 62.99
1204304904700251 62.99
1204304904760106 62.99
1204304904820962 62.99
1204304904880817 62.99
1204304904940672 62.99
1204304905000527 62.99
1204304905060383 62.99
1204304905120234 62.98
1204304905180090 62.98
1204304905240947 62.99
1204304905300802 62.99
1204304905360656 62.98
1204304905420510 62.98
1204304905480368 62.99
1204304905540221 62.99
1204304905600075 62.99
1204304905660929 62.98
1204304905720787 62.99
1204304905780642 62.99
1204304905840496 62.99
1204304905900351 62.99
1204304905960207 62.99
1204304906020060 62.99
1204304906080916 62.99
1204304906140772 62.99
1204304906200627 62.99
1204304906260480 62.99
1204304906320337 62.99
1204304906380191 62.99
1204304906440045 62.99
1204304906500901 62.99
1204304906560756 62.99
1204304906620609 62.98
1204304906680463 62.98
1204304906740321 62.99
1204304906800175 62.99
1204304906860030 62.99
1204304906920886 62.99
1204304906980742 62.99
1204304907040595 62.99
1204304907100450 62.99
1204304907120367 62.99
1204304907170281 62.99
1204304907230135 62.99
1204304907290991 62.99
1204304907350845 62.99
1204304907410700 62.99
1204304907470556 62.99
1204304907530411 62.99
1204304907590265 62.99
1204304907650120 62.99
1204304907710976 62.99
1204304907770832 62.99
1204304907830685 62.99
1204304907890540 62.99
1204304907950396 62.99
1204304908010250 62.99
1204304908070105 62.99
1204304908130960 62.99
1204304908190815 62.99
1204304908250670 62.99
1204304908310525 62.99
1204304908370381 62.99
1204304908430234 62.99
1204304908490089 62.99
1204304908550945 62.99
1204304908610800 62.99
1204304908670655 62.99
1204304908730510 62.99
1204304908790365 62.99
1204304908850219 62.99
1204304908910074 62.99
1204304908970930 62.99
1204304909030785 62.99
1204304909090639 62.99
1204304909150492 63.01
1204304909210349 62.99
1204304909270204 62.99
1204304909330059 62.99
1204304909390914 62.99
1204304909450770 62.99
1204304909510625 62.99
1204304909570478 62.99
1204304909630333 62.99
1204304909690188 62.99
1204304909750043 62.99
1204304909810898 62.99
1204304909870754 62.99
1204304909930609 62.99
1204304909990464 62.99
1204305000050574 62.99
1204305000110429 62.99
1204305000130344 62.99
1204305000180427 62.99
1204305000240114 62.99
1204305000300969 62.99
1204305000360825 62.99
1204305000420679 62.99
1204305000480534 62.99
1204305000540390 62.99
1204305000600243 62.99
1204305000660099 62.99
1204305000720955 62.99
1204305000780886 62.99
1204305000840663 62.99
1204305000900518 62.99
1204305000960374 62.99
1204305001020227 62.99
1204305001080083 62.99
1204305001140939 62.99
1204305001200794 62.99
1204305001260648 62.99
1204305001320503 62.99
1204305001380377 62.99
1204305001440213 62.99
1204305001500068 62.99
1204305001560924 62.99
1204305001620776 62.98
1204305001680633 62.99
1204305001740488 62.99
1204305001800342 62.99
1204305001860197 62.99
1204305001920052 62.99
1204305001980920 63.01
1204305002040764 62.99
1204305002100618 62.99
1204305002160474 62.99
1204305002220327 62.99
1204305002280182 62.99
1204305002340038 62.99
1204305002400892 62.99
1204305002460747 62.99
1204305002520602 62.99
1204305002580458 62.99
1204305002640313 62.99
1204305002700166 62.99
1204305002760023 62.99
1204305002820877 62.99
1204305002880732 62.99
1204305002940588 62.99
1204305003000441 62.99
1204305003060297 62.99