1204201303400502 63.05
1204201303460344 63.05
1204201303520199 63.05
1204201303580068 63.05
1204201303640909 63.05
1204201303700785 63.05
1204201303760619 63.05
1204201303820474 63.05
1204201303840399 63.05
1204201303890304 63.05
1204201303950159 63.05
1204201304010014 63.05
1204201304070870 63.05
1204201304130724 63.05
1204201304190579 63.05
1204201304250434 63.05
1204201304310289 63.05
1204201304370145 63.05
1204201304430999 63.05
1204201304490854 63.05
1204201304550709 63.05
1204201304610565 63.05
1204201304670420 63.05
1204201304730273 63.05
1204201304790129 63.05
1204201304850985 63.05
1204201304910840 63.05
1204201304970695 63.05
1204201305030550 63.03
1204201305090404 63.05
1204201305150259 63.05
1204201305210112 63.05
1204201305270968 63.05
1204201305330824 63.05
1204201305390679 63.05
1204201305450535 63.05
1204201305510388 63.05
1204201305570243 63.05
1204201305630098 63.05
1204201305690954 63.05
1204201305750807 63.05
1204201305810663 63.05
1204201305870518 63.05
1204201305930373 63.05
1204201305990228 63.05
1204201306050083 63.05
1204201306110938 63.05
1204201306170793 63.05
1204201306230648 63.05
1204201306290503 63.05
1204201306350357 63.05
1204201306410212 63.05
1204201306470067 63.05
1204201306530923 63.05
1204201306590778 63.05
1204201306650632 63.05
1204201306710487 63.05
1204201306770342 63.05
1204201306830196 63.05
1204201306850123 63.05
1204201306900028 63.05
1204201306960884 63.05
1204201307020737 63.05
1204201307080592 63.05
1204201307140447 63.05
1204201307200308 63.05
1204201307260157 63.05
1204201307320013 63.05
1204201307380869 63.05
1204201307440723 63.05
1204201307500595 63.05
1204201307560432 63.05
1204201307620288 63.05
1204201307680143 63.05
1204201307740997 63.05
1204201307800866 63.05
1204201307860708 63.05
1204201307920563 63.05
1204201307980416 63.05
1204201308040271 63.05
1204201308100140 63.05
1204201308160983 63.05
1204201308220836 63.05
1204201308280691 63.05
1204201308340546 63.05
1204201308400411 63.05
1204201308460257 63.05
1204201308520112 63.05
1204201308580966 63.05
1204201308640821 63.05
1204201308700690 63.05
1204201308760531 63.05
1204201308820387 63.05
1204201308880240 63.05
1204201308940096 63.05
1204201309000966 63.05
1204201309060807 63.05
1204201309120660 63.05
1204201309180516 63.05
1204201309240371 63.05
1204201309300239 63.05
1204201309360081 63.05
1204201309420935 63.05
1204201309480791 63.05
1204201309540646 63.05
1204201309600515 63.05
1204201309660356 63.05
1204201309720209 63.05
1204201309780065 63.05
1204201309840921 63.05
1204201309860845 63.05
1204201309910751 63.05
1204201309970728 63.05
1204201400030718 63.05
1204201400090573 63.05
1204201400150428 63.05
1204201400210282 63.05
1204201400270137 63.05
1204201400330993 63.05
1204201400390848 63.05
1204201400450703 63.05
1204201400510557 63.05
1204201400570476 63.05
1204201400630267 63.05
1204201400690122 63.05
1204201400750976 63.05
1204201400810832 63.05
1204201400870687 63.05
1204201400930542 63.05
1204201400990398 63.05
1204201401050251 63.05
1204201401110106 63.05
1204201401170976 63.05
1204201401230817 63.05
1204201401290672 63.05
1204201401350526 63.05
1204201401410381 63.05
1204201401470236 63.05
1204201401530091 63.05
1204201401590947 63.05
1204201401650800 63.05
1204201401710656 63.05
1204201401770605 63.05
1204201401830366 63.05
1204201401890221 63.05
1204201401950075 63.05
1204201402010932 63.05
1204201402070787 63.05
1204201402130641 63.05
1204201402190497 63.05
1204201402250350 63.05
1204201402310205 63.05
1204201402370061 63.05
1204201402430915 63.05
1204201402490770 63.05
1204201402550626 63.05
1204201402610481 63.05
1204201402670335 63.05
1204201402730191 63.05
1204201402790044 63.05
1204201402850900 63.05
1204201402870826 63.05
1204201402920732 63.05
1204201402980587 63.05
1204201403040440 63.05
1204201403100309 63.05
1204201403160151 63.05
1204201403220006 63.05
1204201403280860 63.05
1204201403340715 63.05
1204201403400584 63.05
1204201403460426 63.05
1204201403520279 63.05
1204201403580135 63.05
1204201403640990 63.05
1204201403700865 63.05
1204201403760701 63.05
1204201403820554 63.05
1204201403880410 63.05
1204201403940265 63.05
1204201404000132 63.05
1204201404060975 63.05
1204201404120829 63.05
1204201404180684 63.05
1204201404240540 63.05
1204201404300416 63.05
1204201404360250 63.05
1204201404420103 63.05
1204201404480960 63.05
1204201404540815 63.05
1204201404600694 63.05
1204201404660525 63.05
1204201404720378 63.05
1204201404780234 63.05
1204201404840089 63.05
1204201404900945 63.05
1204201404960800 63.05
1204201405020653 63.05
1204201405080509 63.05
1204201405140364 63.05
1204201405200233 63.05
1204201405260074 63.05
1204201405320929 63.05
1204201405380784 63.05
1204201405440639 63.05
1204201405500512 63.05
1204201405560347 63.05
1204201405620203 63.05
1204201405680058 63.05
1204201405740914 63.05
1204201405800783 63.05
1204201405860624 63.05
1204201405880547 63.05
1204201405930454 63.05
1204201405990309 63.05
1204201406050164 63.05
1204201406110018 63.05
1204201406170874 63.05
1204201406230729 63.05
1204201406290584 63.05
1204201406350439 63.05
1204201406410293 63.05
1204201406470148 63.05
1204201406530003 63.05
1204201406590860 63.05
1204201406650713 63.05
1204201406710568 63.05
1204201406770423 63.05
1204201406830278 63.05
1204201406890133 63.05
1204201406950989 63.05
1204201407010843 63.05
1204201407070698 63.05
1204201407130553 63.05
1204201407190408 63.05
1204201407250263 63.05
1204201407310117 63.05
1204201407370973 63.05
1204201407430828 63.05
1204201407490685 63.03
1204201407550540 63.03
1204201407610394 63.03
1204201407670249 63.03
1204201407730104 63.03
1204201407790960 63.03
1204201407850812 63.01
1204201407910667 63.01
1204201407970524 63.03
1204201408030377 63.01
1204201408090234 63.03
1204201408150088 63.03
1204201408210942 63.01
1204201408270797 63.01
1204201408330653 63.01
1204201408390508 63.01
1204201408450361 63.01
1204201408510216 63.01
1204201408570071 63.01
1204201408630930 62.99
1204201408690783 63.01
1204201408750638 62.99
1204201408810491 63.01
1204201408870348 62.99
1204201408890271 62.99
1204201408940178 62.99
1204201409000045 62.99
1204201409060889 62.99
1204201409120743 63.01
1204201409180598 63.01
1204201409240452 63.01
1204201409300322 62.99
1204201409360164 62.99
1204201409420019 62.99
1204201409480873 62.99
1204201409540729 62.99
1204201409600590 62.99
1204201409660439 62.99
1204201409720293 63.01
1204201409780147 62.99
1204201409840003 62.99
1204201409900859 62.99
1204201409960714 62.99
1204201500020825 62.99
1204201500080678 62.99
1204201500140533 62.99
1204201500200402 62.99
1204201500260243 62.99
1204201500320099 62.99
1204201500380955 62.99
1204201500440808 62.99
1204201500500675 62.98
1204201500560518 62.99
1204201500620374 62.99
1204201500680227 62.94
1204201500740085 62.88
1204201500800962 62.86
1204201500860792 62.83
1204201500920647 62.83
1204201500980503 62.83
1204201501040358 62.83
1204201501100226 62.83
1204201501160066 62.81
1204201501220921 62.81
1204201501280775 62.81
1204201501340632 62.83
1204201501400517 62.83
1204201501460342 62.83
1204201501520194 62.79
1204201501580051 62.77
1204201501640907 62.75
1204201501700800 62.7
1204201501760620 62.68
1204201501820475 62.68
1204201501880328 62.66
1204201501900256 62.68
1204201501950160 62.66
1204201502010015 62.68
1204201502070869 62.66
1204201502130724 62.66
1204201502190579 62.66
1204201502250435 62.66
1204201502310290 62.68
1204201502370143 62.68
1204201502440000 62.68
1204201502490855 62.66
1204201502550710 62.68
1204201502610565 62.66
1204201502670418 62.68
1204201502730274 62.66
1204201502790128 62.68
1204201502850985 62.66
1204201502910840 62.66
1204201502970695 62.66
1204201503030548 62.66
1204201503090403 62.66
1204201503150259 62.66
1204201503210114 62.66
1204201503270968 62.66
1204201503330823 62.66
1204201503390678 62.66
1204201503450534 62.66
1204201503510387 62.66
1204201503570242 62.66
1204201503630098 62.66
1204201503690954 62.66
1204201503750808 62.62
1204201503810659 62.58
1204201503870518 62.57
1204201503930371 62.55
1204201503990226 62.53
1204201504050079 62.49
1204201504110933 62.45
1204201504170790 62.45
1204201504230646 62.44
1204201504290499 62.42
1204201504350536 62.4
1204201504410209 62.38
1204201504470062 62.38
1204201504530923 62.36
1204201504590778 62.32
1204201504650629 62.29
1204201504710486 62.23
1204201504770338 62.19
1204201504830195 62.16
1204201504890052 62.12
1204201504910043 62.12
1204201504960883 62.06
1204201505020734 62.03
1204201505080589 61.99
1204201505140445 61.97
1204201505200314 61.95
1204201505260154 61.93
1204201505320011 61.92
1204201505380866 61.92
1204201505440720 61.92
1204201505500606 61.9
1204201505560432 61.9
1204201505620287 61.9
1204201505680142 61.9
1204201505740998 61.9
1204201505800872 61.9
1204201505860707 61.9
1204201505920562 61.9
1204201505980417 61.88
1204201506040273 61.88
1204201506100151 61.88
1204201506160982 61.88
1204201506220837 61.88
1204201506280693 61.88
1204201506340548 61.88
1204201506400411 61.86
1204201506460252 61.86
1204201506520107 61.86
1204201506580964 61.86
1204201506640819 61.86
1204201506700689 61.84
1204201506760529 61.84
1204201506820383 61.82
1204201506880238 61.82
1204201506940096 61.8
1204201507000986 61.8
1204201507060806 61.8
1204201507120661 61.8
1204201507180516 61.8
1204201507240371 61.8
1204201507300249 61.8
1204201507360080 61.8
1204201507420936 61.8
1204201507480787 61.78
1204201507540643 61.78
1204201507600508 61.8
1204201507660355 61.8
1204201507720210 61.8
1204201507780062 61.78
1204201507840922 61.8
1204201507900771 61.78
1204201507920700 61.8
1204201507970607 61.8
1204201508030456 61.78
1204201508090311 61.78
1204201508150167 61.78
1204201508210026 61.8
1204201508270878 61.78
1204201508330737 61.8
1204201508390587 61.78
1204201508450441 61.78
1204201508510297 61.78
1204201508570152 61.78
1204201508630005 61.78
1204201508690861 61.78
1204201508750717 61.78
1204201508810572 61.78
1204201508870428 61.78
1204201508930282 61.78
1204201508990136 61.78
1204201509050992 61.78
1204201509110847 61.77
1204201509170702 61.78
1204201509230555 61.78
1204201509290411 61.78
1204201509350267 61.78
1204201509410121 61.78
1204201509470977 61.78
1204201509530831 61.77
1204201509590686 61.78
1204201509650541 61.78
1204201509710396 61.78
1204201509770250 61.78
1204201509830105 61.78
1204201509890961 61.78
1204201509950816 61.78
1204201600010927 61.78
1204201600070782 61.78
1204201600130635 61.78
1204201600190490 61.78
1204201600250345 61.78
1204201600310201 61.78
1204201600370056 61.78
1204201600430910 61.78
1204201600490765 61.78
1204201600550621 61.78
1204201600610476 61.78
1204201600670331 61.78
1204201600730185 61.78
1204201600790040 61.78
1204201600850896 61.78
1204201600910752 61.78
1204201600930678 61.77
1204201600980581 61.78
1204201601040436 61.78
1204201601100297 61.78
1204201601160146 61.77
1204201601230000 61.78
1204201601280855 61.78
1204201601340711 61.78
1204201601400593 61.78
1204201601460421 61.78
1204201601520274 61.77
1204201601580130 61.78
1204201601640986 61.78
1204201601700858 61.78
1204201601760696 61.78
1204201601820549 61.78
1204201601880405 61.77
1204201601940260 61.78
1204201602000134 61.78
1204201602060971 61.78
1204201602120824 61.78
1204201602180680 61.78
1204201602240535 61.78
1204201602300410 61.78
1204201602360245 61.78
1204201602420099 61.77
1204201602480955 61.78
1204201602540933 61.78
1204201602600693 61.77
1204201602660520 61.78
1204201602720374 61.77
1204201602780229 61.78
1204201602840084 61.78
1204201602900940 61.78
1204201602960794 61.77
1204201603020649 61.78
1204201603080504 61.78
1204201603140373 61.78
1204201603200244 61.77
1204201603260069 61.77
1204201603320924 61.78
1204201603380779 61.77
1204201603440634 61.77
1204201603500528 61.78
1204201603560342 61.78
1204201603620198 61.78
1204201603680053 61.78
1204201603740923 61.77
1204201603800771 61.77
1204201603860618 61.78
1204201603920473 61.77
1204201603940765 61.78
1204201603990305 61.78
1204201604050158 61.77
1204201604110013 61.77
1204201604170869 61.77
1204201604230724 61.78
1204201604290579 61.78
1204201604350435 61.78
1204201604410288 61.78
1204201604470143 61.78
1204201604530999 61.77
1204201604590855 61.77
1204201604650708 61.78
1204201604710563 61.78
1204201604770418 61.78
1204201604830273 61.78
1204201604890129 61.78
1204201604950985 61.78
1204201605010838 61.78
1204201605070693 61.78
1204201605130549 61.78
1204201605190404 61.77
1204201605250257 61.78
1204201605310112 61.78
1204201605370968 61.78
1204201605430824 61.78
1204201605490679 61.78
1204201605550532 61.78
1204201605610387 61.78
1204201605670242 61.78
1204201605730097 61.77
1204201605790954 61.78
1204201605850807 61.78
1204201605910662 61.77
1204201605970518 61.77
1204201606030373 61.78
1204201606090228 61.78
1204201606150081 61.77
1204201606210937 61.77
1204201606270792 61.77
1204201606330648 61.78
1204201606390503 61.78
1204201606450358 61.78
1204201606510212 61.78
1204201606570067 61.78
1204201606630923 61.78
1204201606690778 61.77
1204201606750631 61.78
1204201606810487 61.78
1204201606870342 61.78
1204201606930197 61.78
1204201606950123 61.77
1204201607000078 61.77
1204201607060883 61.78
1204201607120738 61.77
1204201607180593 61.78
1204201607240446 61.78
1204201607300329 61.77
1204201607360157 61.77
1204201607420012 61.78
1204201607480868 61.78
1204201607540724 61.78
1204201607600617 61.77
1204201607660432 61.77
1204201607720287 61.77
1204201607780142 61.77
1204201607840997 61.77
1204201607900852 61.77
1204201607960707 61.78
1204201608020563 61.77
1204201608080416 61.77
1204201608140271 61.77
1204201608200142 61.78
1204201608260982 61.77
1204201608320836 61.77
1204201608380691 61.77
1204201608440546 61.77
1204201608500437 61.77
1204201608560257 61.77
1204201608620112 61.77
1204201608680966 61.78
1204201608740821 61.77
1204201608800713 61.77
1204201608860531 61.77
1204201608920387 61.78
1204201608980240 61.77
1204201609040096 61.77
1204201609100979 61.77
1204201609160806 61.77
1204201609220660 61.77
1204201609280515 61.77
1204201609340371 61.77
1204201609400261 61.77
1204201609460081 61.77
1204201609520935 61.77
1204201609580791 61.77
1204201609640646 61.78
1204201609700528 61.77
1204201609760356 61.77
1204201609820209 61.77
1204201609880064 61.78
1204201609940921 61.77
1204201609960847 61.77
1204201700010006 61.77
1204201700070862 61.78
1204201700130803 61.77
1204201700190572 61.77
1204201700250427 61.77
1204201700310281 61.77
1204201700370136 61.77
1204201700430992 61.77
1204201700490847 61.77
1204201700550703 61.77
1204201700610556 61.77
1204201700670411 61.77
1204201700730278 61.77
1204201700790121 61.78
1204201700850976 61.77
1204201700910831 61.77
1204201700970686 61.77
1204201701030542 61.77
1204201701090397 61.77
1204201701150251 61.77
1204201701210105 61.77
1204201701270961 61.77
1204201701330830 61.78
1204201701390670 61.77
1204201701450525 61.78
1204201701510381 61.77
1204201701570236 61.78
1204201701630092 61.77
1204201701690945 61.78
1204201701750800 61.77
1204201701810656 61.77
1204201701870511 61.78
1204201701930366 61.77
1204201701990221 61.77
1204201702050074 61.78
1204201702110931 61.78
1204201702170786 61.77
1204201702230641 61.77
1204201702290496 61.77
1204201702350349 61.78
1204201702410205 61.77
1204201702470060 61.77
1204201702530916 61.77
1204201702590769 61.77
1204201702650625 61.77
1204201702710480 61.77
1204201702770346 61.77
1204201702830190 61.77
1204201702890045 61.77
1204201702950899 61.77
1204201702970830 61.77
1204201703020731 61.77
1204201703080586 61.77
1204201703140440 61.77
1204201703200361 61.77
1204201703260150 61.77
1204201703320005 61.77
1204201703380861 61.77
1204201703440714 61.78
1204201703500611 61.77
1204201703560425 61.77
1204201703620281 61.78
1204201703680136 61.77
1204201703740990 61.77
1204201703800865 61.77
1204201703860701 61.77
1204201703920554 61.77
1204201703980409 61.77
1204201704040264 61.78
1204201704100197 61.77
1204201704160974 61.78
1204201704220829 61.77
1204201704280684 61.78
1204201704340539 61.77
1204201704400428 61.77
1204201704460249 61.77
1204201704520103 61.77
1204201704580959 61.77
1204201704640815 61.77
1204201704700726 61.77
1204201704760525 61.77
1204201704820378 61.77
1204201704880233 61.77
1204201704940089 61.77
1204201705000986 61.77
1204201705060798 61.77
1204201705120653 61.77
1204201705180509 61.77
1204201705240364 61.77
1204201705300254 61.78
1204201705360072 61.78
1204201705420928 61.77
1204201705480783 61.77
1204201705540639 61.78
1204201705600529 61.77
1204201705660347 61.77
1204201705720203 61.78
1204201705780057 61.77
1204201705840914 61.78
1204201705900769 61.78
1204201705960622 61.77
1204201705980549 61.77
1204201706030454 61.77
1204201706090309 61.77
1204201706150164 61.77
1204201706210017 61.77
1204201706270873 61.77
1204201706330730 61.75
1204201706390585 61.75
1204201706450439 61.71
1204201706510294 61.65
1204201706570147 61.58
1204201706630004 61.43
1204201706690861 61.34
1204201706750714 61.21
1204201706810567 61.15
1204201706870424 61.13
1204201706930280 61.13
1204201706990135 61.13
1204201707050989 61.13
1204201707110844 61.13
1204201707170700 61.13
1204201707230555 61.13
1204201707290410 61.13
1204201707350267 61.12
1204201707410120 61.12
1204201707470974 61.13
1204201707530830 61.13
1204201707590684 61.13
1204201707650540 61.13
1204201707710393 61.13
1204201707770250 61.12
1204201707830103 61.13
1204201707890962 61.12
1204201707950815 61.13
1204201708010668 61.13
1204201708070523 61.13
1204201708130379 61.13
1204201708190234 61.13
1204201708250089 61.13
1204201708310944 61.13
1204201708370799 61.13
1204201708430654 61.13
1204201708490509 61.13
1204201708550362 61.13
1204201708610218 61.13
1204201708670071 61.06
1204201708730926 60.95
1204201708790778 60.93
1204201708850634 60.93
1204201708910489 60.93
1204201708970344 60.93
1204201708990269 60.93
1204201709040174 60.93
1204201709100060 60.93
1204201709160885 60.93
1204201709220741 60.93
1204201709280596 60.93
1204201709340449 60.93
1204201709400351 60.93
1204201709460159 60.91
1204201709520014 60.93
1204201709580869 60.93
1204201709640724 60.93
1204201709700620 60.97
1204201709760437 61
1204201709820289 61.02
1204201709880145 61.04
1204201709940002 61.08
1204201800000158 61.12
1204201800060969 61.13
1204201800120822 61.15
1204201800180676 61.19
1204201800240531 61.21
1204201800300470 61.25
1204201800360245 61.28
1204201800420096 61.3
1204201800480952 61.3
1204201800540808 61.3
1204201800600712 61.34
1204201800660518 61.34
1204201800720375 61.36
1204201800780229 61.36
1204201800840082 61.38
1204201800900938 61.38
1204201800960793 61.38
1204201801020648 61.38
1204201801080501 61.38
1204201801140357 61.38
1204201801200270 61.39
1204201801260067 61.38
1204201801320921 61.39
1204201801380775 61.39
1204201801440630 61.39
1204201801500534 61.39
1204201801560341 61.39
1204201801620194 61.39
1204201801680049 61.39
1204201801740905 61.39
1204201801800825 61.39
1204201801860616 61.39
1204201801920469 61.41
1204201801980324 61.39
1204201802000368 61.41
1204201802050155 61.39
1204201802110009 61.39
1204201802170865 61.41
1204201802230720 61.41
1204201802290576 61.41
1204201802350431 61.39
1204201802410284 61.41
1204201802470139 61.41
1204201802530995 61.41
1204201802590850 61.41
1204201802650705 61.41
1204201802710561 61.41
1204201802770414 61.41
1204201802830270 61.41
1204201802890125 61.41
1204201802950981 61.41
1204201803010836 61.41
1204201803070689 61.41
1204201803130544 61.41
1204201803190399 61.41
1204201803250254 61.41
1204201803310108 61.41
1204201803370966 61.41
1204201803430819 61.41
1204201803490674 61.41
1204201803550532 61.43
1204201803610383 61.41
1204201803670238 61.41
1204201803730095 61.43
1204201803790949 61.41
1204201803850805 61.41
1204201803910658 61.39
1204201803970515 61.38
1204201804030370 61.38
1204201804090225 61.38
1204201804150081 61.38
1204201804210937 61.36
1204201804270790 61.38
1204201804330646 61.38
1204201804390501 61.38
1204201804450358 61.36
1204201804510364 61.34
1204201804570067 61.36
1204201804630923 61.36
1204201804690778 61.36
1204201804750629 61.32
1204201804810485 61.32
1204201804870340 61.3
1204201804930195 61.3
1204201804990052 61.28
1204201805010993 61.28
1204201805060883 61.28
1204201805120738 61.28
1204201805180593 61.28
1204201805240445 61.26
1204201805300352 61.28
1204201805360157 61.28
1204201805420008 61.26
1204201805480864 61.26
1204201805540718 61.25
1204201805600620 61.25
1204201805660428 61.26
1204201805720283 61.25
1204201805780139 61.26
1204201805840993 61.25
1204201805900848 61.25
1204201805960703 61.25
1204201806020558 61.25
1204201806080414 61.23
1204201806140267 61.23
1204201806200157 61.23
1204201806260977 61.25
1204201806320833 61.23
1204201806380688 61.25
1204201806440543 61.23
1204201806500466 61.23
1204201806560251 61.25
1204201806620107 61.25
1204201806680963 61.25
1204201806740818 61.23
1204201806800722 61.23
1204201806860526 61.23
1204201806920382 61.23
1204201806980237 61.21
1204201807040092 61.21
1204201807100997 61.19
1204201807160801 61.21
1204201807220657 61.21
1204201807280512 61.21
1204201807340367 61.21
1204201807400310 61.21
1204201807460076 61.19
1204201807520932 61.19
1204201807580787 61.19
1204201807640642 61.19
1204201807700554 61.19
1204201807760350 61.19
1204201807820206 61.19
1204201807880061 61.19
1204201807940918 61.19
1204201808000813 61.19
1204201808020697 61.19
1204201808070603 61.17
1204201808130459 61.13
1204201808190316 61.12
1204201808250167 61.1
1204201808310022 61.06
1204201808370874 61.02
1204201808430730 61.02
1204201808490585 61.02
1204201808550440 61.02
1204201808610295 61.02
1204201808670149 61.02
1204201808730004 61.02
1204201808790860 61.02
1204201808850715 61.02
1204201808910584 61.04
1204201808970424 61.02
1204201809030279 61.02
1204201809090134 61.02
1204201809150990 61
1204201809210844 61.02
1204201809270701 61.04
1204201809330554 61.02
1204201809390411 61
1204201809450263 61.02
1204201809510118 61.02
1204201809570974 61.02
1204201809630829 61.02
1204201809690684 61.02
1204201809750540 61.02
1204201809810393 61.02
1204201809870248 61.02
1204201809930103 61.02
1204201809990960 61.02
1204201900050068 61.02
1204201900110924 61.02
1204201900170779 61.02
1204201900230634 61.02
1204201900290489 61.02
1204201900350343 61.02
1204201900410198 61.02
1204201900470054 61.02
1204201900530910 61.02
1204201900590763 61.02
1204201900650618 61.02
1204201900710473 61.02
1204201900770332 61.04
1204201900830182 61.02
1204201900890037 61.02
1204201900950893 61.02
1204201901010749 61.02
1204201901030673 61.02
1204201901080578 61.02
1204201901140433 61.02
1204201901200362 61.02
1204201901260143 61.02
1204201901330000 61.02
1204201901380853 61.02
1204201901440708 61.02
1204201901500646 61.02
1204201901560417 61.02
1204201901620272 61.02
1204201901680127 61.02
1204201901740983 61.02
1204201901800901 61.02
1204201901860694 61.02
1204201901920547 61.02
1204201901980405 61.04
1204201902040260 61.06
1204201902100121 61.06
1204201902160971 61.08
1204201902220827 61.08
1204201902280680 61.1
1204201902340537 61.13
1204201902400445 61.13
1204201902460243 61.19