1204205208100336 61.65
1204205208160190 61.73
1204205208180116 61.73
1204205208230023 61.8
1204205208290875 61.82
1204205208350733 61.84
1204205208410586 61.86
1204205208470439 61.86
1204205208530294 61.86
1204205208590154 61.88
1204205208650005 61.86
1204205208710859 61.86
1204205208770718 61.88
1204205208830573 61.88
1204205208890427 61.92
1204205208950280 61.93
1204205209010139 61.95
1204205209070993 61.95
1204205209130848 61.95
1204205209190703 61.95
1204205209250554 61.97
1204205209310413 61.95
1204205209370263 62.03
1204205209430123 62.12
1204205209490162 62.18
1204205209550829 62.25
1204205209610685 62.31
1204205209670540 62.34
1204205209730394 62.38
1204205209790252 62.4
1204205209850106 62.4
1204205209910958 62.42
1204205209970814 62.42
1204205300030927 62.44
1204205300090906 62.45
1204205300150637 62.47
1204205300210488 62.49
1204205300270343 62.51
1204205300330200 62.55
1204205300390056 62.57
1204205300450912 62.6
1204205300510765 62.62
1204205300570619 62.62
1204205300630475 62.62
1204205300690367 62.64
1204205300750188 62.64
1204205300810042 62.66
1204205300870899 62.64
1204205300930752 62.68
1204205300990607 62.68
1204205301050462 62.72
1204205301110316 62.72
1204205301170169 62.73
1204205301190096 62.73
1204205301240061 62.75
1204205301300883 62.75
1204205301360711 62.73
1204205301420565 62.75
1204205301480420 62.75
1204205301540307 62.75
1204205301600130 62.75
1204205301660986 62.75
1204205301720838 62.79
1204205301780695 62.77
1204205301840568 62.75
1204205301900405 62.77
1204205301960260 62.77
1204205302020115 62.77
1204205302080969 62.77
1204205302140875 62.77
1204205302200678 62.79
1204205302260535 62.77
1204205302320388 62.77
1204205302380244 62.77
1204205302440115 62.79
1204205302500955 62.77
1204205302560807 62.79
1204205302620662 62.79
1204205302680517 62.79
1204205302740405 62.79
1204205302800268 62.79
1204205302860084 62.77
1204205302920938 62.79
1204205302980791 62.79
1204205303040684 62.79
1204205303100502 62.79
1204205303160357 62.79
1204205303220212 62.79
1204205303280065 62.79
1204205303340959 62.79
1204205303400777 62.79
1204205303460632 62.79
1204205303520487 62.79
1204205303580340 62.79
1204205303640256 62.79
1204205303700051 62.81
1204205303760906 62.79
1204205303820761 62.81
1204205303880616 62.79
1204205303940633 62.79
1204205304000326 62.81
1204205304060181 62.81
1204205304120035 62.81
1204205304180891 62.81
1204205304200822 62.81
1204205304250721 62.81
1204205304310576 62.81
1204205304370431 62.81
1204205304430286 62.81
1204205304490141 62.81
1204205304550996 62.81
1204205304610851 62.81
1204205304670705 62.81
1204205304730562 62.81
1204205304790416 62.81
1204205304850273 62.83
1204205304910128 62.83
1204205304970981 62.81
1204205305030836 62.81
1204205305090693 62.83
1204205305150548 62.83
1204205305210403 62.83
1204205305270256 62.81
1204205305330110 62.81
1204205305390965 62.81
1204205305450821 62.81
1204205305510677 62.83
1204205305570530 62.81
1204205305630385 62.81
1204205305690243 62.83
1204205305750158 62.83
1204205305810950 62.81
1204205305870805 62.81
1204205305930660 62.81
1204205305990515 62.81
1204205306050370 62.85
1204205306110227 62.83
1204205306170082 62.83
1204205306230935 62.81
1204205306290791 62.83
1204205306350647 62.83
1204205306410503 62.83
1204205306470356 62.83
1204205306530211 62.83
1204205306590066 62.83
1204205306650919 62.85
1204205306710776 62.81
1204205306770632 62.83
1204205306830486 62.83
1204205306890341 62.83
1204205306950197 62.83
1204205307010049 62.85
1204205307070907 62.83
1204205307130761 62.83
1204205307190615 62.83
1204205307210545 62.85
1204205307260447 62.83
1204205307320300 62.85
1204205307380156 62.83
1204205307440059 62.83
1204205307500867 62.83
1204205307560721 62.83
1204205307620576 62.83
1204205307680508 62.83
1204205307740318 62.83
1204205307800190 62.83
1204205307860996 62.83
1204205307920851 62.83
1204205307980706 62.83
1204205308040594 62.83
1204205308100417 62.83
1204205308160269 62.85
1204205308220125 62.83
1204205308280996 62.83
1204205308340890 62.83
1204205308400691 62.83
1204205308460546 62.83
1204205308520401 62.83
1204205308580256 62.83
1204205308640140 62.83
1204205308700965 62.83
1204205308760821 62.83
1204205308820676 62.83
1204205308880542 62.83
1204205308940536 62.83
1204205309000239 62.83
1204205309060095 62.83
1204205309120949 62.85
1204205309180806 62.83
1204205309240710 62.86
1204205309300731 62.85
1204205309360371 62.83
1204205309420224 62.83
1204205309480080 62.83
1204205309540995 62.85
1204205309600789 62.85
1204205309660644 62.83
1204205309720501 62.83
1204205309780352 62.85
1204205309840231 62.85
1204205309900064 62.83
1204205309960920 62.83
1204205400020031 62.83
1204205400080883 62.85
1204205400140794 62.85
1204205400200593 62.85
1204205400220522 62.85
1204205400270423 62.85
1204205400330282 62.83
1204205400390136 62.83
1204205400450991 62.83
1204205400510845 62.85
1204205400570701 62.83
1204205400630553 62.85
1204205400690410 62.83
1204205400750263 62.85
1204205400810117 62.85
1204205400870974 62.85
1204205400930829 62.85
1204205400990685 62.85
1204205401050539 62.85
1204205401110393 62.85
1204205401170248 62.85
1204205401230103 62.85
1204205401290958 62.85
1204205401350815 62.85
1204205401410669 62.85
1204205401470524 62.85
1204205401530377 62.85
1204205401590232 62.85
1204205401650087 62.85
1204205401710944 62.85
1204205401770798 62.85
1204205401830653 62.85
1204205401890508 62.85
1204205401950477 62.85
1204205402010217 62.85
1204205402070074 62.86
1204205402130930 62.86
1204205402190782 62.85
1204205402250638 62.85
1204205402310492 62.85
1204205402370347 62.85
1204205402430203 62.85
1204205402490056 62.85
1204205402550915 62.86
1204205402610767 62.85
1204205402670622 62.85
1204205402730479 62.86
1204205402790331 62.85
1204205402850186 62.85
1204205402910044 62.86
1204205402970900 62.86
1204205403030755 62.86
1204205403090607 62.85
1204205403150462 62.85
1204205403210319 62.86
1204205403230247 62.85
1204205403280147 62.85
1204205403340045 62.85
1204205403400858 62.85
1204205403460713 62.85
1204205403520568 62.85
1204205403580423 62.85
1204205403640344 62.85
1204205403700133 62.86
1204205403760989 62.86
1204205403820845 62.86
1204205403880699 62.86
1204205403940752 62.86
1204205404000409 62.86
1204205404060263 62.86
1204205404120119 62.86
1204205404180975 62.86
1204205404240869 62.86
1204205404300746 62.88
1204205404360538 62.86
1204205404420395 62.88
1204205404480247 62.86
1204205404540185 62.86
1204205404600959 62.86
1204205404660814 62.86
1204205404720671 62.88
1204205404780523 62.86
1204205404840432 62.88
1204205404900235 62.88
1204205404960090 62.88
1204205405020946 62.88
1204205405080797 62.86
1204205405140690 62.88
1204205405200509 62.88
1204205405260365 62.88
1204205405320218 62.9
1204205405380073 62.9
1204205405440988 62.88
1204205405500783 62.9
1204205405560638 62.9
1204205405620493 62.9
1204205405680350 62.88
1204205405740238 62.9
1204205405800129 62.88
1204205405860913 62.9
1204205405920768 62.9
1204205405980623 62.9
1204205406040524 62.9
1204205406100332 62.9
1204205406160187 62.9
1204205406220042 62.9
1204205406250377 62.9
1204205406290873 62.9
1204205406350728 62.9
1204205406410583 62.9
1204205406470438 62.9
1204205406530291 62.9
1204205406590146 62.9
1204205406650002 62.9
1204205406710858 62.92
1204205406770713 62.92
1204205406830568 62.9
1204205406890422 62.9
1204205406950277 62.92
1204205407010132 62.92
1204205407070987 62.92
1204205407130842 62.92
1204205407190696 62.92
1204205407250553 62.92
1204205407310405 62.94
1204205407370262 62.92
1204205407430116 62.92
1204205407490972 62.92
1204205407550827 62.92
1204205407610682 62.92
1204205407670537 62.92
1204205407730392 62.92
1204205407790247 62.92
1204205407850100 62.92
1204205407910956 62.92
1204205407970812 62.92
1204205408030667 62.92
1204205408090520 62.94
1204205408150377 62.92
1204205408210230 62.92
1204205408270084 62.94
1204205408330940 62.94
1204205408390797 62.92
1204205408450648 62.94
1204205408510506 62.92
1204205408570359 62.94
1204205408630214 62.94
1204205408690071 62.92
1204205408750923 62.94
1204205408810779 62.94
1204205408870634 62.94
1204205408930489 62.94
1204205408990345 62.94
1204205409050200 62.96
1204205409110053 62.94
1204205409170909 62.94
1204205409230764 62.94
1204205409250692 62.94
1204205409300621 62.94
1204205409360451 62.96
1204205409420306 62.96
1204205409480161 62.96
1204205409540076 62.94
1204205409600871 62.96
1204205409660726 62.96
1204205409720581 62.96
1204205409780434 62.94
1204205409840371 62.94
1204205409900145 62.96
1204205409960000 62.96
1204205500020111 62.96
1204205500080964 62.98
1204205500140888 62.96
1204205500200675 62.96
1204205500260528 62.98
1204205500320383 62.98
1204205500380239 62.98
1204205500440139 62.98
1204205500500948 62.98
1204205500560806 62.96
1204205500620659 62.98
1204205500680514 62.98
1204205500740449 62.98
1204205500800252 62.98
1204205500860078 62.98
1204205500920934 62.98
1204205500980787 62.98
1204205501040691 62.98
1204205501100498 62.98
1204205501160353 62.98
1204205501220208 62.98
1204205501280063 62.98
1204205501340966 62.98
1204205501400773 62.98
1204205501460628 62.98
1204205501520483 62.98
1204205501580338 62.98
1204205501640275 62.98
1204205501700046 62.98
1204205501760903 62.98
1204205501820758 62.98
1204205501880613 62.98
1204205501940648 62.98
1204205502000322 62.98
1204205502060177 62.98
1204205502120032 62.98
1204205502180888 62.98
1204205502240784 62.98
1204205502270038 62.98
1204205502310573 62.98
1204205502370428 62.98
1204205502430283 62.98
1204205502490136 62.98
1204205502550993 62.98
1204205502610848 62.98
1204205502670705 62.99
1204205502730556 62.98
1204205502790412 62.98
1204205502850267 62.98
1204205502910124 62.99
1204205502970978 62.98
1204205503030833 62.99
1204205503090689 62.99
1204205503150542 62.98
1204205503210399 62.99
1204205503270254 62.99
1204205503330108 62.99
1204205503390964 62.99
1204205503450819 62.99
1204205503510674 62.99
1204205503570529 62.99
1204205503630385 62.99
1204205503690237 62.99
1204205503750093 62.99
1204205503810949 62.99
1204205503870804 62.99
1204205503930659 62.99
1204205503990512 62.99
1204205504050368 62.99
1204205504110223 62.99
1204205504170078 62.99
1204205504230932 62.99
1204205504290788 62.99
1204205504350643 62.99
1204205504410498 62.99
1204205504470352 63.01
1204205504530207 62.99
1204205504590062 62.99
1204205504650918 62.99
1204205504710773 62.99
1204205504770628 62.99
1204205504830482 62.99
1204205504890337 62.99
1204205504950192 62.99
1204205505010047 62.99
1204205505070901 63.01
1204205505130758 62.99
1204205505190610 63.01
1204205505250466 62.99
1204205505270395 62.99
1204205505320296 63.01
1204205505380151 63.01
1204205505440079 63.01
1204205505500862 62.99
1204205505560718 62.99
1204205505620571 63.01
1204205505680426 63.01
1204205505740346 62.99
1204205505800169 62.99
1204205505860990 63.01
1204205505920846 63.01
1204205505980703 62.99
1204205506040646 63.01
1204205506100409 63.01
1204205506160265 63.01
1204205506220120 63.01
1204205506280976 63.01
1204205506340898 63.01
1204205506400686 63.01
1204205506460539 63.01
1204205506520395 63.01
1204205506580250 63.01
1204205506640159 63.01
1204205506700960 63.01
1204205506760815 63.01
1204205506820670 63.01
1204205506880526 63.03
1204205506950606 63.01
1204205507000234 63.01
1204205507060090 63.01
1204205507120946 63.01
1204205507180799 63.01
1204205507240732 63.01
1204205507300552 63.01
1204205507360364 63.01
1204205507420219 63.01
1204205507480074 63.01
1204205507540991 63.03
1204205507600784 63.01
1204205507660640 63.01
1204205507720495 63.01
1204205507780350 63.03
1204205507840289 63.03
1204205507900058 63.01
1204205507960916 63.03
1204205508020768 63.01
1204205508080623 63.01
1204205508140539 63.01
1204205508200336 63.03
1204205508260191 63.03
1204205508280117 63.01
1204205508330018 63.01
1204205508390876 63.03
1204205508450732 63.03
1204205508510585 63.01
1204205508570440 63.03
1204205508630295 63.03
1204205508690151 63.03
1204205508750004 63.01
1204205508810862 63.03
1204205508870713 63.01
1204205508930571 63.03
1204205508990424 63.01
1204205509050279 63.03
1204205509110134 63.03
1204205509170990 63.03
1204205509230846 63.03
1204205509290701 63.03
1204205509350556 63.03
1204205509410411 63.03
1204205509470264 63.03
1204205509530119 63.03
1204205509590974 63.05
1204205509660004 63.03
1204205509710686 63.03
1204205509770539 63.03
1204205509830394 63.03
1204205509890250 63.03
1204205509950105 63.03
1204205600010216 63.03
1204205600070069 63.03
1204205600130923 63.01
1204205600190780 63.03
1204205600250722 63.03
1204205600310489 63.03
1204205600370344 63.03
1204205600430199 63.03
1204205600490054 63.03
1204205600550911 63.03
1204205600610764 63.03
1204205600670619 63.03
1204205600730473 63.05
1204205600790330 63.03
1204205600850247 63.03
1204205600910038 63.03
1204205600970892 63.05
1204205601030747 63.05
1204205601090605 63.03
1204205601150458 63.03
1204205601210313 63.05
1204205601270167 63.05
1204205601290097 63.03
1204205601340061 63.05
1204205601400854 63.03
1204205601460710 63.03
1204205601520562 63.05
1204205601580419 63.03
1204205601640350 63.03
1204205601700129 63.03
1204205601760986 63.03
1204205601820841 63.03
1204205601880694 63.03
1204205601950740 63.03
1204205602000402 63.05
1204205602060258 63.03
1204205602120111 63.05
1204205602180967 63.05
1204205602240877 63.03
1204205602300751 63.03
1204205602360534 63.03
1204205602420388 63.05
1204205602480243 63.03
1204205602540186 63.05
1204205602600954 63.03
1204205602660806 63.05
1204205602720661 63.05
1204205602780517 63.05
1204205602840460 63.03
1204205602900225 63.05
1204205602960082 63.03
1204205603020936 63.05
1204205603080793 63.03
1204205603140742 63.03
1204205603200502 63.03
1204205603260357 63.03
1204205603320213 63.03
1204205603380067 63.03
1204205603450000 63.03
1204205603500779 63.03
1204205603560630 63.05
1204205603620485 63.05
1204205603680340 63.05
1204205603740262 63.05
1204205603800127 63.05
1204205603860907 63.03
1204205603920760 63.05
1204205603980616 63.05
1204205604040576 63.05
1204205604100324 63.05
1204205604160179 63.05
1204205604220034 63.05
1204205604280891 63.05
1204205604310166 63.05
1204205604350720 63.05
1204205604410575 63.05
1204205604470431 63.05
1204205604530286 63.05
1204205604590139 63.05
1204205604650998 63.03
1204205604710853 63.03
1204205604770708 63.03
1204205604830562 63.05
1204205604890415 63.05
1204205604950270 63.05
1204205605010125 63.05
1204205605070981 63.03
1204205605130837 63.03
1204205605190690 63.05
1204205605250545 63.05
1204205605310401 63.05
1204205605370258 63.03
1204205605430111 63.05
1204205605490965 63.05
1204205605550820 63.05
1204205605610675 63.05
1204205605670531 63.05
1204205605730384 63.05
1204205605790241 63.03
1204205605850095 63.05
1204205605910951 63.05
1204205605970806 63.03
1204205606030659 63.05
1204205606090514 63.05
1204205606150370 63.05
1204205606210225 63.05
1204205606270078 63.05
1204205606330937 63.03
1204205606390790 63.05
1204205606450645 63.03
1204205606510500 63.05
1204205606570355 63.03
1204205606630208 63.05
1204205606690064 63.05
1204205606750922 63.03
1204205606810775 63.05
1204205606870629 63.05
1204205606930484 63.05
1204205606990341 63.03
1204205607050194 63.03
1204205607110047 63.05
1204205607170904 63.05
1204205607230759 63.05
1204205607290614 63.05
1204205607310542 63.05
1204205607360444 63.05
1204205607420299 63.05
1204205607480154 63.05
1204205607540081 63.05
1204205607600867 63.03
1204205607660720 63.03
1204205607720575 63.03
1204205607780430 63.03
1204205607840331 63.05
1204205607900139 63.05
1204205607960993 63.05
1204205608020848 63.05
1204205608080703 63.05
1204205608140619 63.03
1204205608200413 63.05
1204205608260269 63.05
1204205608320122 63.05
1204205608380980 63.03
1204205608440865 63.05
1204205608500689 63.05
1204205608560544 63.05
1204205608620397 63.05
1204205608680252 63.05
1204205608740194 63.03
1204205608800051 63.05
1204205608860817 63.05
1204205608920673 63.05
1204205608980528 63.05
1204205609040424 63.05
1204205609100238 63.05
1204205609160091 63.05
1204205609220947 63.05
1204205609280803 63.05
1204205609340718 63.05
1204205609400513 63.05
1204205609460366 63.05
1204205609520221 63.05
1204205609580078 63.03
1204205609640977 63.05
1204205609700790 63.03
1204205609760643 63.05
1204205609820500 63.03
1204205609880351 63.05
1204205609950404 63.05
1204205700000317 63.05
1204205700060171 63.05
1204205700120026 63.05
1204205700180882 63.05
1204205700240786 63.05
1204205700300631 63.03
1204205700320521 63.05
1204205700370424 63.03
1204205700430279 63.03
1204205700490133 63.05
1204205700550988 63.05
1204205700610842 63.05
1204205700670697 63.05
1204205700730552 63.05
1204205700790407 63.05
1204205700850262 63.05
1204205700910119 63.03
1204205700970974 63.05
1204205701030827 63.05
1204205701090682 63.05
1204205701150537 63.05
1204205701210392 63.05
1204205701270247 63.03
1204205701330101 63.05
1204205701390957 63.05
1204205701450812 63.05
1204205701510667 63.05
1204205701570522 63.05
1204205701630377 63.05
1204205701690232 63.05
1204205701750087 63.03
1204205701810941 63.05
1204205701870797 63.05
1204205701930652 63.05
1204205701990505 63.05
1204205702050360 63.05
1204205702110215 63.05
1204205702170070 63.05
1204205702230927 63.05
1204205702290782 63.05
1204205702350637 63.03
1204205702410490 63.05
1204205702470346 63.05
1204205702530201 63.05
1204205702590056 63.05
1204205702650910 63.05
1204205702710765 63.05
1204205702770623 63.03
1204205702830476 63.05
1204205702890333 63.03
1204205702950186 63.05
1204205703010040 63.05
1204205703070896 63.05
1204205703130751 63.05
1204205703190606 63.05
1204205703250460 63.05
1204205703310317 63.03
1204205703330245 63.03
1204205703380144 63.05
1204205703440084 63.05
1204205703500856 63.05
1204205703560713 63.03
1204205703620566 63.05
1204205703680421 63.03
1204205703740349 63.05
1204205703800165 63.05
1204205703860986 63.05
1204205703920840 63.05
1204205703980696 63.05
1204205704040660 63.05
1204205704100406 63.05
1204205704160259 63.05
1204205704220114 63.05
1204205704280971 63.05
1204205704340924 63.05
1204205704400681 63.05
1204205704460534 63.05
1204205704520390 63.05
1204205704580245 63.05
1204205704640176 63.03
1204205704700954 63.05
1204205704760812 63.03
1204205704820665 63.05
1204205704880520 63.05
1204205704950590 63.05
1204205705000229 63.05
1204205705060084 63.05
1204205705120940 63.05
1204205705180795 63.05
1204205705240727 63.05
1204205705300551 63.05
1204205705360359 63.05
1204205705420216 63.03
1204205705480069 63.05
1204205705540001 63.05
1204205705600779 63.05
1204205705660634 63.05
1204205705720489 63.05
1204205705780347 63.03
1204205705840289 63.05
1204205705900053 63.05
1204205705960911 63.03
1204205706020764 63.05
1204205706080620 63.05
1204205706140560 63.05
1204205706200328 63.05
1204205706260183 63.05
1204205706320038 63.05
1204205706350375 63.05
1204205706390870 63.05
1204205706450724 63.05
1204205706510579 63.05
1204205706570435 63.05
1204205706630289 63.05
1204205706690142 63.05
1204205706750999 63.05
1204205706810854 63.05
1204205706870709 63.05
1204205706930564 63.05
1204205706990418 63.05
1204205707050274 63.05
1204205707110129 63.05
1204205707170985 63.05
1204205707230840 63.05
1204205707290693 63.05
1204205707350548 63.05
1204205707410403 63.05
1204205707470259 63.05
1204205707530112 63.05
1204205707590969 63.05
1204205707650823 63.05
1204205707710679 63.05
1204205707770532 63.05
1204205707830387 63.05
1204205707890242 63.05
1204205707950098 63.05
1204205708010954 63.05
1204205708070807 63.05
1204205708130662 63.05
1204205708190517 63.05
1204205708250372 63.05
1204205708310229 63.03
1204205708370083 63.05
1204205708430937 63.05
1204205708490792 63.05
1204205708550648 63.05
1204205708610503 63.05
1204205708670356 63.05
1204205708730211 63.05
1204205708790066 63.05
1204205708850923 63.05
1204205708910780 63.03
1204205708970631 63.05
1204205709030486 63.05
1204205709090342 63.05
1204205709150197 63.05
1204205709210052 63.05
1204205709270906 63.05
1204205709330761 63.05
1204205709350690 63.05
1204205709400591 63.05
1204205709460447 63.05
1204205709520302 63.05
1204205709580157 63.05
1204205709640108 63.05
1204205709700870 63.03
1204205709760722 63.05
1204205709820579 63.03
1204205709880432 63.05
1204205709950506 63.05
1204205800000399 63.05
1204205800060252 63.05
1204205800120107 63.05
1204205800180964 63.05
1204205800250940 63.05
1204205800300732 63.03
1204205800360529 63.05
1204205800420382 63.05
1204205800480237 63.05
1204205800550212 63.05
1204205800600949 63.05
1204205800660803 63.05
1204205800720657 63.05
1204205800780513 63.05
1204205800840450 63.05
1204205800900221 63.05
1204205800960077 63.05
1204205801020933 63.05
1204205801080788 63.05
1204205801150751 63.05
1204205801200497 63.05
1204205801260354 63.03
1204205801320209 63.03
1204205801380062 63.05
1204205801440007 63.05
1204205801500772 63.05
1204205801560627 63.05
1204205801620482 63.05
1204205801680338 63.05
1204205801740282 63.05
1204205801800108 63.05
1204205801860902 63.05
1204205801920757 63.05
1204205801980612 63.05
1204205802050571 63.03
1204205802100321 63.05
1204205802160176 63.05
1204205802230170 63.05
1204205802280887 63.05
1204205802340830 63.05
1204205802360671 63.03
1204205802410572 63.05
1204205802470425 63.05
1204205802530281 63.05
1204205802590136 63.05
1204205802650993 63.05
1204205802710848 63.05
1204205802770701 63.05
1204205802830556 63.05
1204205802890411 63.05
1204205802950266 63.05
1204205803010122 63.03
1204205803070978 63.03
1204205803130831 63.05
1204205803190687 63.05
1204205803250542 63.05
1204205803310397 63.05
1204205803370250 63.05
1204205803430107 63.03
1204205803490961 63.05
1204205803550817 63.05
1204205803610670 63.05
1204205803670526 63.05
1204205803730381 63.05
1204205803790235 63.05
1204205803850089 63.05
1204205803910945 63.05
1204205803970800 63.05
1204205804030655 63.05
1204205804090510 63.05
1204205804150366 63.05
1204205804210219 63.05
1204205804270074 63.05
1204205804330930 63.05
1204205804390786 63.05
1204205804450641 63.05
1204205804510494 63.05
1204205804570349 63.05
1204205804630206 63.03
1204205804690060 63.05
1204205804750916 63.05
1204205804810771 63.05
1204205804870624 63.05
1204205804930479 63.05
1204205804990335 63.05
1204205805050190 63.05
1204205805110043 63.05
1204205805170900 63.05
1204205805230757 63.03
1204205805290610 63.05
1204205805350466 63.05
1204205805370396 63.03
1204205805420295 63.05
1204205805480150 63.05
1204205805550099 63.05
1204205805600860 63.05
1204205805660715 63.05
1204205805720571 63.05
1204205805780426 63.05
1204205805850386 63.05
1204205805900134 63.05
1204205805960990 63.05
1204205806020847 63.03
1204205806080700 63.05
1204205806140633 63.05
1204205806200408 63.05
1204205806260265 63.03
1204205806320119 63.05
1204205806380975 63.05
1204205806450944 63.05
1204205806500683 63.05
1204205806560539 63.05
1204205806620394 63.05
1204205806680249 63.05
1204205806750202 63.05
1204205806810038 63.05
1204205806860814 63.05
1204205806920669 63.05
1204205806980524 63.05
1204205807050463 63.05
1204205807100233 63.05
1204205807160090 63.03
1204205807220946 63.03
1204205807280799 63.05
1204205807350790 63.05
1204205807400510 63.03
1204205807460363 63.05
1204205807520218 63.05
1204205807580072 63.05
1204205807650044 63.03
1204205807700783 63.05
1204205807760638 63.05
1204205807820494 63.05
1204205807880347 63.05
1204205807950421 63.05
1204205808000057 63.05
1204205808060913 63.05
1204205808120768 63.05
1204205808180623 63.05
1204205808250590 63.05
1204205808300373 63.05
1204205808360187 63.05
1204205808380115 63.05
1204205808430018 63.05
1204205808490874 63.05
1204205808550728 63.05
1204205808610585 63.03
1204205808670438 63.05
1204205808730293 63.05
1204205808790150 63.03
1204205808850002 63.05
1204205808910858 63.05
1204205808970713 63.05
1204205809030568 63.05
1204205809090423 63.05
1204205809150277 63.05
1204205809210132 63.05
1204205809270988 63.05
1204205809330843 63.05
1204205809390699 63.05
1204205809450552 63.05
1204205809510407 63.05
1204205809570262 63.05
1204205809630117 63.05
1204205809690973 63.05
1204205809750828 63.05
1204205809820862 63.05
1204205809870537 63.05
1204205809930392 63.05
1204205809990247 63.05
1204205900050358 63.05
1204205900110213 63.03
1204205900170068 63.03
1204205900230922 63.05
1204205900290778 63.05
1204205900350631 63.05
1204205900420580 63.05
1204205900470343 63.03
1204205900530196 63.05
1204205900590051 63.05
1204205900650908 63.05
1204205900710763 63.05
1204205900770616 63.05
1204205900830471 63.05
1204205900890327 63.05
1204205900950184 63.03
1204205901010088 63.05
1204205901070891 63.05
1204205901130746 63.05
1204205901190602 63.05
1204205901250455 63.05
1204205901310310 63.05
1204205901370166 63.05
1204205901390094 63.05
1204205901450103 63.05
1204205901500852 63.05
1204205901560707 63.05
1204205901620562 63.05
1204205901680416 63.05
1204205901750373 63.05
1204205901800163 63.05
1204205901860981 63.05
1204205901920836 63.05
1204205901980691 63.05
1204205902050663 63.05
1204205902100401 63.05
1204205902160256 63.05
1204205902220113 63.03
1204205902280967 63.03
1204205902350922 63.05
1204205902400676 63.05
1204205902460531 63.05
1204205902520386 63.05
1204205902580239 63.05
1204205902650187 63.05
1204205902700951 63.05
1204205902760806 63.05
1204205902820661 63.05
1204205902880517 63.03
1204205902940370 63.05
1204205903000225 63.05
1204205903060080 63.05
1204205903120936 63.05
1204205903180789 63.05
1204205903250737 63.05
1204205903300547 63.05
1204205903360355 63.05
1204205903420211 63.05
1204205903480066 63.03
1204205903550052 63.05
1204205903600775 63.05
1204205903660630 63.05
1204205903720485 63.05
1204205903780341 63.03
1204205903850302 63.05
1204205903900049 63.05
1204205903960906 63.03
1204205904020763 63.03
1204205904080614 63.05
1204205904150571 63.05
1204205904200324 63.05
1204205904260179 63.05
1204205904320034 63.05
1204205904380888 63.05
1204205904400819 63.05
1204205904450721 63.05
1204205904510578 63.03
1204205904570431 63.05
1204205904630284 63.05
1204205904690139 63.05
1204205904750995 63.05
1204205904810850 63.05
1204205904870705 63.05
1204205904930561 63.05
1204205904990414 63.05
1204205905050269 63.05
1204205905110124 63.05
1204205905170980 63.05
1204205905230834 63.05
1204205905290689 63.05
1204205905350544 63.05
1204205905410399 63.05
1204205905470255 63.05
1204205905530110 63.05
1204205905590964 63.05
1204205905650821 63.03
1204205905710675 63.05
1204205905770530 63.05
1204205905830383 63.05
1204205905890240 63.03
1204205905950093 63.05
1204205906010952 63.03
1204205906070807 63.03
1204205906130660 63.05
1204205906190513 63.05
1204205906250368 63.05
1204205906310223 63.05
1204205906370078 63.05
1204205906430934 63.05
1204205906490788 63.05
1204205906550643 63.05
1204205906610500 63.03
1204205906670353 63.05
1204205906730208 63.05
1204205906790063 63.05
1204205906850918 63.05
1204205906910773 63.05
1204205906970628 63.05
1204205907030484 63.05
1204205907090338 63.05
1204205907150192 63.05
1204205907210047 63.05
1204205907270903 63.05
1204205907330758 63.05
1204205907390613 63.05
1204205907410542 63.05
1204205907460443 63.05
1204205907520299 63.05
1204205907580153 63.05
1204205907650127 63.05
1204205907700864 63.05
1204205907760719 63.05
1204205907820574 63.05
1204205907880427 63.05
1204205907950507 63.05
1204205908010285 63.05
1204205908060994 63.05
1204205908120847 63.05
1204205908180702 63.05
1204205908250679 63.05
1204205908310473 63.05
1204205908360268 63.05
1204205908420123 63.05
1204205908480977 63.05
1204205908550963 63.05
1204205908610766 63.05
1204205908660542 63.05
1204205908720398 63.05
1204205908780251 63.05
1204205908850216 63.05
1204205908900963 63.05
1204205908960818 63.05
1204205909020673 63.05
1204205909080527 63.05
1204205909150504 63.05
1204205909200250 63.07
1204205909260092 63.05
1204205909320948 63.05
1204205909380801 63.05
1204205909450762 63.05
1204205909500511 63.05
1204205909560367 63.05
1204205909620222 63.05
1204205909680075 63.05
1204205909750036 63.05
1204205909800787 63.05
1204205909860642 63.05
1204205909920495 63.05
1204205909980350 63.05
1204300000050585 63.05
1204300000100317 63.05
1204300000160172 63.05
1204300000220025 63.05
1204300000280881 63.05
1204300000350853 63.05
1204300000400591 63.05
1204300000420520 63.05
1204300000470421 63.05
1204300000530276 63.05
1204300000590131 63.05
1204300000650987 63.05
1204300000710842 63.05
1204300000770697 63.05
1204300000830552 63.05
1204300000890406 63.05
1204300000950261 63.05
1204300001010116 63.05
1204300001070973 63.05
1204300001130828 63.05
1204300001190680 63.05
1204300001250536 63.05
1204300001310391 63.05
1204300001370246 63.05
1204300001430101 63.05
1204300001490957 63.05
1204300001550810 63.05
1204300001610666 63.05
1204300001670521 63.05
1204300001730376 63.05
1204300001790231 63.05
1204300001850084 63.05
1204300001910940 63.05
1204300001970796 63.05
1204300002030651 63.05
1204300002090507 63.05
1204300002150360 63.05
1204300002210217 63.03
1204300002270070 63.05
1204300002330926 63.05
1204300002390781 63.05
1204300002450635 63.05
1204300002510490 63.05
1204300002570345 63.05
1204300002630200 63.05
1204300002690055 63.05
1204300002750910 63.05
1204300002810767 63.03
1204300002870620 63.05
1204300002930475 63.05
1204300002990330 63.05
1204300003050185 63.03
1204300003110039 63.05
1204300003170895 63.05
1204300003230752 63.03
1204300003290605 63.05
1204300003350458 63.05
1204300003410313 63.05
1204300003430242 63.05
1204300003480145 63.05
1204300003550157 63.03
1204300003600855 63.05
1204300003660710 63.05
1204300003720565 63.05
1204300003780420 63.05
1204300003850393 63.05
1204300003900128 63.05
1204300003960985 63.05
1204300004020842 63.03
1204300004080695 63.05
1204300004150662 63.05
1204300004200404 63.05
1204300004260259 63.05
1204300004320114 63.05
1204300004380970 63.05
1204300004450948 63.03
1204300004500678 63.05
1204300004560534 63.05
1204300004620389 63.05
1204300004680244 63.05
1204300004750259 63.05
1204300004810029 63.05
1204300004860809 63.05
1204300004920664 63.05
1204300004980519 63.05
1204300005050486 63.05
1204300005100227 63.05
1204300005160083 63.05
1204300005220939 63.05
1204300005280794 63.05
1204300005350772 63.03
1204300005400502 63.05
1204300005460360 63.03
1204300005520213 63.05
1204300005580068 63.05
1204300005650041 63.05
1204300005700778 63.05
1204300005760633 63.05
1204300005820488 63.05
1204300005880343 63.05
1204300005940198 63.05
1204300006000051 63.05
1204300006060908 63.05
1204300006120765 63.03
1204300006180619 63.05
1204300006250601 63.05
1204300006310413 63.05
1204300006360184 63.03
1204300006420037 63.05
1204300006450386 63.03
1204300006490868 63.05
1204300006550723 63.05
1204300006610578 63.05
1204300006670433 63.05
1204300006730289 63.05
1204300006790156 63.05
1204300006850998 63.05
1204300006910853 63.05
1204300006970708 63.05
1204300007030564 63.05
1204300007090417 63.05
1204300007150272 63.05
1204300007210128 63.05
1204300007270983 63.05
1204300007330838 63.05
1204300007390696 63.03
1204300007450547 63.05
1204300007510402 63.05
1204300007570257 63.05
1204300007630112 63.05
1204300007690967 63.05
1204300007750822 63.05
1204300007810677 63.05
1204300007870532 63.05
1204300007930387 63.05
1204300007990241 63.05
1204300008050096 63.05
1204300008110952 63.05
1204300008170807 63.05
1204300008230663 63.05
1204300008290516 63.05
1204300008350371 63.05
1204300008410226 63.05
1204300008470082 63.05
1204300008530938 63.05
1204300008590791 63.05
1204300008650646 63.05
1204300008710504 63.03
1204300008770357 63.05
1204300008830212 63.05
1204300008890065 63.05
1204300008950921 63.05
1204300009010776 63.05
1204300009070631 63.05
1204300009130486 63.05
1204300009190340 63.05
1204300009250196 63.05
1204300009310050 63.05
1204300009370906 63.05
1204300009430761 63.05
1204300009450690 63.05
1204300009500591 63.05
1204300009560447 63.05
1204300009620302 63.05
1204300009680155 63.05
1204300009750147 63.03
1204300009810945 63.05
1204300009860722 63.05
1204300009920577 63.05
1204300009980432 63.05
1204300100050671 63.05
1204300100100397 63.05
1204300100160254 63.03
1204300100220107 63.05
1204300100280964 63.05
1204300100350944 63.05
1204300100400672 63.05
1204300100460527 63.05
1204300100530384 63.03
1204300100580238 63.03
1204300100650230 63.05
1204300100710949 63.03
1204300100770803 63.05
1204300100820656 63.05
1204300100880511 63.05
1204300100940366 63.05
1204300101000221 63.05
1204300101070077 63.05
1204300101120931 63.05
1204300101190788 63.03
1204300101250756 63.05
1204300101310545 63.05
1204300101370351 63.05
1204300101430208 63.03
1204300101490059 63.05
1204300101550063 63.05
1204300101610771 63.05
1204300101670626 63.05
1204300101730481 63.05
1204300101790337 63.05
1204300101850330 63.05
1204300101910045 63.05
1204300101970901 63.05
1204300102030756 63.05
1204300102090610 63.05
1204300102150594 63.05
1204300102210320 63.05
1204300102270175 63.05
1204300102330031 63.05
1204300102390886 63.03
1204300102450871 63.05
1204300102460668 63.05
1204300102520572 63.05
1204300102580427 63.05
1204300102640280 63.05
1204300102700137 63.03
1204300102760992 63.05
1204300102820845 63.05
1204300102880701 63.05
1204300102940555 63.05
1204300103000413 63.03
1204300103060266 63.05
1204300103120121 63.05
1204300103180975 63.05
1204300103240830 63.05
1204300103300685 63.05
1204300103360541 63.05
1204300103420398 63.03
1204300103480249 63.05
1204300103540104 63.05
1204300103600960 63.05
1204300103660815 63.05
1204300103720670 63.07
1204300103780526 63.05
1204300103840381 63.03
1204300103900234 63.05
1204300103960089 63.05
1204300104020947 63.03
1204300104080801 63.05
1204300104140654 63.05
1204300104200509 63.05
1204300104260364 63.05
1204300104320220 63.05
1204300104380073 63.05
1204300104440929 63.05
1204300104500784 63.05
1204300104560639 63.05
1204300104620494 63.05
1204300104680350 63.05
1204300104740203 63.05
1204300104800058 63.05
1204300104860915 63.05
1204300104920770 63.05
1204300104980623 63.05
1204300105040478 63.05
1204300105100333 63.05
1204300105160188 63.05
1204300105220044 63.05
1204300105280900 63.05
1204300105340753 63.05
1204300105400611 63.03
1204300105460464 63.05
1204300105470392 63.05
1204300105530293 63.05
1204300105590148 63.05
1204300105650135 63.05
1204300105710860 63.05
1204300105770713 63.05
1204300105830568 63.05
1204300105890424 63.05
1204300105950278 63.05
1204300106010133 63.05
1204300106070990 63.05
1204300106130845 63.05
1204300106190698 63.05
1204300106250696 63.05
1204300106310461 63.05
1204300106370264 63.05
1204300106430119 63.05
1204300106490973 63.05
1204300106550949 63.05
1204300106610683 63.05
1204300106670539 63.05
1204300106730394 63.05
1204300106790247 63.05
1204300106850253 63.03
1204300106910959 63.05
1204300106970814 63.05
1204300107030669 63.05
1204300107090524 63.03
1204300107150512 63.05
1204300107210235 63.03
1204300107270088 63.05
1204300107330942 63.05
1204300107390798 63.05
1204300107450780 63.05
1204300107510508 63.05
1204300107570363 63.05
1204300107630216 63.05
1204300107690071 63.05
1204300107750077 63.05
1204300107810834 63.05
1204300107870638 63.05
1204300107930492 63.05
1204300107990347 63.05
1204300108050352 63.05
1204300108110057 63.05
1204300108170913 63.05
1204300108230766 63.05
1204300108290621 63.05
1204300108350602 63.05
1204300108410334 63.03
1204300108470187 63.05
1204300108490115 63.05
1204300108540017 63.05
1204300108600873 63.05
1204300108660728 63.05
1204300108720585 63.03
1204300108780436 63.05
1204300108840292 63.05
1204300108900147 63.05
1204300108960002 63.05
1204300109020858 63.05
1204300109080712 63.05
1204300109140567 63.05
1204300109200422 63.05
1204300109260277 63.05
1204300109320133 63.03
1204300109380987 63.05
1204300109440842 63.05
1204300109500698 63.05
1204300109560553 63.05
1204300109620406 63.05
1204300109680261 63.05
1204300109740116 63.05
1204300109800972 63.05
1204300109860827 63.05
1204300109920681 63.05
1204300109980536 63.05
1204300200040647 63.05
1204300200100502 63.05
1204300200160357 63.05
1204300200220210 63.05
1204300200280067 63.03
1204300200340921 63.05
1204300200400776 63.05
1204300200460632 63.05
1204300200520485 63.05
1204300200580340 63.05
1204300200640195 63.05
1204300200700051 63.05
1204300200760907 63.05
1204300200820762 63.03
1204300200880615 63.05
1204300200940470 63.05
1204300201000326 63.05
1204300201060181 63.03
1204300201120034 63.05
1204300201180038 63.05
1204300201240746 63.05
1204300201300601 63.05
1204300201360456 63.05
1204300201420309 63.05
1204300201480165 63.05
1204300201500094 63.05
1204300201550163 63.03
1204300201610851 63.05
1204300201670706 63.05
1204300201730561 63.05
1204300201790417 63.05
1204300201850393 63.05
1204300201910125 63.05
1204300201970981 63.05
1204300202030835 63.05
1204300202090690 63.05
1204300202150682 63.05
1204300202210402 63.03
1204300202270255 63.05
1204300202330110 63.05
1204300202390965 63.05
1204300202450978 63.03
1204300202510676 63.05
1204300202570530 63.05
1204300202630386 63.05
1204300202690239 63.05
1204300202750233 63.05
1204300202810022 63.05
1204300202870806 63.05
1204300202930661 63.05
1204300202990514 63.05
1204300203050516 63.05
1204300203110224 63.05
1204300203170079 63.05
1204300203230936 63.05
1204300203290793 63.03
1204300203350801 63.05
1204300203410499 63.05
1204300203470355 63.05
1204300203530208 63.05
1204300203590063 63.05
1204300203650051 63.05
1204300203710775 63.05
1204300203770630 63.05
1204300203830483 63.05
1204300203890338 63.05
1204300203950193 63.05
1204300204010049 63.05
1204300204070903 63.05
1204300204130758 63.05
1204300204190613 63.05
1204300204250619 63.05
1204300204310400 63.03
1204300204370181 63.03
1204300204430034 63.03
1204300204490888 63.05
1204300204510818 63.05
1204300204560722 63.03
1204300204620575 63.05
1204300204680428 63.05
1204300204740283 63.05
1204300204800138 63.05
1204300204860994 63.05
1204300204920849 63.05
1204300204980705 63.05
1204300205040560 63.03
1204300205100414 63.05
1204300205160269 63.05
1204300205220123 63.05
1204300205280980 63.05
1204300205340833 63.05
1204300205400690 63.03
1204300205460543 63.05
1204300205520398 63.05
1204300205580254 63.05
1204300205640109 63.05
1204300205700965 63.03
1204300205760819 63.05
1204300205820676 63.03
1204300205880527 63.05
1204300205940382 63.05
1204300206000237 63.05
1204300206060093 63.05
1204300206120949 63.05
1204300206180802 63.05
1204300206240657 63.05
1204300206300515 63.03
1204300206360370 63.03
1204300206420223 63.05
1204300206480076 63.05
1204300206540932 63.05
1204300206600788 63.05
1204300206660643 63.05
1204300206720497 63.05
1204300206780353 63.05
1204300206840208 63.05
1204300206900061 63.05
1204300206960917 63.05
1204300207020772 63.05
1204300207080628 63.05
1204300207140483 63.05
1204300207200336 63.05
1204300207260191 63.05
1204300207320048 63.03
1204300207380903 63.05
1204300207440758 63.05
1204300207500611 63.05
1204300207520539 63.05
1204300207570443 63.05
1204300207630298 63.05
1204300207690153 63.03
1204300207750153 63.05
1204300207810948 63.05
1204300207870718 63.05
1204300207930573 63.05
1204300207990428 63.03
1204300208050436 63.05
1204300208110137 63.05
1204300208170993 63.05
1204300208230848 63.05
1204300208290701 63.05
1204300208350689 63.05
1204300208410414 63.03
1204300208470267 63.05
1204300208530120 63.05
1204300208590977 63.05
1204300208650992 63.05
1204300208710687 63.05
1204300208770542 63.05
1204300208830395 63.05
1204300208890250 63.05
1204300208950105 63.05
1204300209010961 63.05
1204300209070816 63.05
1204300209130672 63.05
1204300209190525 63.05
1204300209250523 63.05
1204300209310339 63.05
1204300209370090 63.05
1204300209430946 63.05
1204300209490802 63.05
1204300209550823 63.03
1204300209610510 63.05
1204300209670366 63.05
1204300209730220 63.05
1204300209790078 63.03
1204300209850076 63.05
1204300209910785 63.05
1204300209970779 63.03
1204300300030752 63.05
1204300300090607 63.05
1204300300150597 63.05
1204300300210315 63.05
1204300300270170 63.05
1204300300330027 63.03
1204300300390883 63.03
1204300300450901 63.03
1204300300510590 63.05
1204300300530548 63.05
1204300300580420 63.05
1204300300640275 63.05
1204300300700133 63.03
1204300300760987 63.05
1204300300820844 63.03
1204300300880697 63.05
1204300300940550 63.05
1204300301000405 63.05
1204300301060261 63.05
1204300301120116 63.05
1204300301180972 63.05
1204300301240826 63.05
1204300301300680 63.05
1204300301360538 63.03
1204300301420391 63.05
1204300301480246 63.03
1204300301540099 63.05
1204300301600957 63.03
1204300301660813 63.03
1204300301720666 63.05
1204300301780519 63.05
1204300301840374 63.05
1204300301900230 63.05
1204300301960085 63.05
1204300302020941 63.03
1204300302080794 63.05
1204300302140650 63.05
1204300302200505 63.05
1204300302260360 63.05
1204300302320213 63.05
1204300302380069 63.05
1204300302440925 63.05
1204300302500780 63.05
1204300302560633 63.05
1204300302620488 63.05
1204300302680346 63.03
1204300302740199 63.05
1204300302800054 63.05
1204300302860910 63.05
1204300302920765 63.03
1204300302980619 63.05
1204300303040473 63.05
1204300303100330 63.03
1204300303160184 63.05
1204300303220039 63.05
1204300303280893 63.05
1204300303340750 63.03
1204300303400603 63.05
1204300303460459 63.05
1204300303520314 63.05
1204300303540244 63.03
1204300303590145 63.03
1204300303650145 63.03
1204300303710855 63.05
1204300303770708 63.05
1204300303830563 63.05
1204300303890418 63.05
1204300303950273 63.05
1204300304010130 63.03
1204300304070985 63.05
1204300304130838 63.05
1204300304190693 63.05
1204300304250732 63.03
1204300304310460 63.03
1204300304370259 63.05
1204300304430114 63.05
1204300304490968 63.05
1204300304550986 63.05
1204300304610679 63.05
1204300304670534 63.05
1204300304730388 63.05
1204300304790243 63.05
1204300304850262 63.03
1204300304910954 63.05
1204300304970808 63.05
1204300305030663 63.05
1204300305090518 63.05
1204300305150551 63.05
1204300305210228 63.05
1204300305270082 63.05
1204300305330938 63.05
1204300305390793 63.05
1204300305450802 63.03
1204300305510503 63.05
1204300305570357 63.05
1204300305630212 63.05
1204300305690067 63.05
1204300305750081 63.05
1204300305810837 63.05
1204300305870632 63.05
1204300305930487 63.05
1204300305990342 63.05
1204300306050351 63.03
1204300306110054 63.03
1204300306170909 63.03
1204300306230762 63.05
1204300306290617 63.05
1204300306350634 63.05
1204300306410328 63.05
1204300306470181 63.05
1204300306530038 63.03
1204300306550384 63.05
1204300306600868 63.05
1204300306660722 63.05
1204300306720577 63.05
1204300306780432 63.05
1204300306840287 63.05
1204300306900142 63.05
1204300306960999 63.03
1204300307020852 63.05
1204300307080707 63.05
1204300307140562 63.05
1204300307200418 63.05
1204300307260271 63.05
1204300307320127 63.05
1204300307380983 63.05
1204300307440837 63.05
1204300307500693 63.05
1204300307560546 63.05
1204300307620401 63.05
1204300307680256 63.05
1204300307740111 63.05
1204300307800970 63.03
1204300307860823 63.03
1204300307920676 63.05
1204300307980531 63.05
1204300308040386 63.05
1204300308100241 63.05
1204300308160095 63.05
1204300308220953 63.03
1204300308280806 63.05
1204300308340662 63.05
1204300308400517 63.05
1204300308460370 63.05
1204300308520225 63.05
1204300308580081 63.05
1204300308640937 63.05
1204300308700790 63.05
1204300308760794 63.05
1204300308820501 63.05
1204300308880356 63.05
1204300308940211 63.05
1204300309000064 63.05
1204300309060922 63.03
1204300309120777 63.03
1204300309180633 63.03
1204300309240486 63.05
1204300309300339 63.05
1204300309360374 63.05
1204300309420050 63.05
1204300309480906 63.05
1204300309540759 63.05
1204300309560690 63.03
1204300309610593 63.03
1204300309670446 63.05
1204300309730299 63.05
1204300309790155 63.05
1204300309850161 63.05
1204300309910866 63.05
1204300309970721 63.05
1204300400030830 63.05
1204300400090685 63.05
1204300400150710 63.05
1204300400210395 63.05
1204300400270250 63.05
1204300400330105 63.05
1204300400390964 63.03
1204300400450001 63.05
1204300400510670 63.05
1204300400570526 63.05
1204300400630381 63.05
1204300400690234 63.05
1204300400750249 63.05
1204300400810021 63.05
1204300400870803 63.03
1204300400930654 63.05
1204300400990509 63.05
1204300401050540 63.03
1204300401110221 63.03
1204300401170075 63.05
1204300401230931 63.05
1204300401290784 63.05
1204300401350817 63.05
1204300401410495 63.05
1204300401470350 63.05
1204300401530203 63.05
1204300401590058 63.05
1204300401650068 63.05
1204300401710770 63.05
1204300401770623 63.05
1204300401830478 63.05
1204300401890334 63.05
1204300401950191 63.03
1204300402010044 63.05
1204300402070898 63.05
1204300402130753 63.05
1204300402190608 63.05
1204300402250624 63.05
1204300402310397 63.05
1204300402370174 63.05