1204302607890618 59.81
1204302607950474 59.81
1204302608010329 59.83
1204302608070182 59.85
1204302608130037 59.89
1204302608190892 59.89
1204302608250748 59.89
1204302608310605 59.91
1204302608330529 59.91
1204302608380436 59.92
1204302608440290 59.92
1204302608500144 59.92
1204302608560004 59.96
1204302608620854 60.02
1204302608680708 60.09
1204302608740565 60.13
1204302608800420 60.17
1204302608860274 60.18
1204302608920131 60.2
1204302608980984 60.22
1204302609040842 60.24
1204302609100697 60.32
1204302609160548 60.3
1204302609220407 60.32
1204302609280261 60.32
1204302609340115 60.33
1204302609400969 60.33
1204302609460824 60.35
1204302609520677 60.37
1204302609580534 60.39
1204302609640388 60.39
1204302609700242 60.45
1204302609760101 60.52
1204302609830101 60.56
1204302609880806 60.59
1204302609940664 60.61
1204302700000775 60.61
1204302700060628 60.61
1204302700120482 60.63
1204302700180336 60.67
1204302700240191 60.67
1204302700300047 60.71
1204302700360905 60.8
1204302700420757 60.89
1204302700480612 60.95
1204302700540468 61
1204302700600322 61.02
1204302700660177 61.06
1204302700720034 61.1
1204302700780891 61.13
1204302700840744 61.19
1204302700900598 61.25
1204302700960509 61.34
1204302701020309 61.43
1204302701080166 61.47
1204302701140020 61.51
1204302701200875 61.51
1204302701260731 61.54
1204302701330730 61.58
1204302701340510 61.6
1204302701390420 61.64
1204302701450270 61.65
1204302701510124 61.73
1204302701570979 61.77
1204302701630834 61.78
1204302701690689 61.78
1204302701750547 61.8
1204302701810399 61.82
1204302701870255 61.84
1204302701930111 61.88
1204302701990965 61.93
1204302702050820 62.01
1204302702110679 62.08
1204302702170529 62.16
1204302702230385 62.21
1204302702290239 62.23
1204302702350093 62.25
1204302702410950 62.27
1204302702470805 62.31
1204302702530663 62.36
1204302702590518 62.4
1204302702650370 62.47
1204302702710225 62.53
1204302702770081 62.57
1204302702830934 62.58
1204302702890788 62.58
1204302702950644 62.62
1204302703010500 62.62
1204302703070358 62.64
1204302703130208 62.7
1204302703190063 62.75
1204302703250919 62.77
1204302703310774 62.77
1204302703370627 62.79
1204302703430481 62.79
1204302703490337 62.79
1204302703550192 62.81
1204302703610047 62.81
1204302703670902 62.81
1204302703730758 62.81
1204302703790611 62.79
1204302703850469 62.83
1204302703910324 62.83
1204302703970178 62.83
1204302704030032 62.85
1204302704090888 62.85
1204302704150742 62.85
1204302704210597 62.85
1204302704270453 62.86
1204302704330307 62.85
1204302704350234 62.86
1204302704400139 62.86
1204302704460995 62.86
1204302704520850 62.86
1204302704580704 62.86
1204302704640556 62.85
1204302704700413 62.86
1204302704760269 62.86
1204302704830270 62.86
1204302704880978 62.86
1204302704940834 62.86
1204302705000690 62.86
1204302705060543 62.86
1204302705120397 62.86
1204302705180254 62.86
1204302705240107 62.86
1204302705300963 62.86
1204302705360818 62.86
1204302705420674 62.88
1204302705480528 62.86
1204302705540385 62.88
1204302705600238 62.86
1204302705660095 62.88
1204302705720951 62.88
1204302705780805 62.88
1204302705840661 62.88
1204302705900514 62.88
1204302705960388 62.88
1204302706020224 62.88
1204302706080080 62.88
1204302706140936 62.88
1204302706200789 62.88
1204302706260644 62.88
1204302706330966 62.88
1204302706380354 62.88
1204302706440209 62.88
1204302706500064 62.88
1204302706560929 62.88
1204302706620775 62.88
1204302706680629 62.88
1204302706750621 62.88
1204302706800338 62.88
1204302706860206 62.88
1204302706920047 62.88
1204302706980904 62.88
1204302707040760 62.88
1204302707100613 62.88
1204302707160470 62.9
1204302707220323 62.88
1204302707280178 62.88
1204302707340031 62.9
1204302707370953 62.88
1204302707410863 62.9
1204302707470720 62.88
1204302707530572 62.9
1204302707590429 62.88
1204302707650283 62.88
1204302707710137 62.9
1204302707770992 62.9
1204302707830849 62.88
1204302707890702 62.9
1204302707950558 62.88
1204302708010411 62.9
1204302708070267 62.9
1204302708130122 62.9
1204302708190980 62.88
1204302708250834 62.88
1204302708310689 62.88
1204302708370541 62.9
1204302708430397 62.9
1204302708490252 62.92
1204302708550106 62.9
1204302708610963 62.9
1204302708670816 62.9
1204302708730671 62.9
1204302708790526 62.9
1204302708850381 62.9
1204302708910237 62.9
1204302708970091 62.9
1204302709030946 62.9
1204302709090802 62.9
1204302709150657 62.9
1204302709210510 62.9
1204302709270365 62.9
1204302709330221 62.9
1204302709390075 62.9
1204302709450932 62.88
1204302709510786 62.9
1204302709570641 62.92
1204302709630495 62.9
1204302709690350 62.9
1204302709750204 62.9
1204302709810060 62.9
1204302709870916 62.9
1204302709930771 62.9
1204302709990625 62.9
1204302800050735 62.9
1204302800110591 62.92
1204302800170445 62.92
1204302800230301 62.92
1204302800290154 62.9
1204302800350009 62.9
1204302800370938 62.9
1204302800420842 62.9
1204302800480695 62.9
1204302800540551 62.9
1204302800600405 62.92
1204302800660260 62.9
1204302800720116 62.9
1204302800780971 62.9
1204302800840826 62.92
1204302800900680 62.9
1204302800960572 62.92
1204302801020390 62.9
1204302801080245 62.9
1204302801140100 62.9
1204302801200956 62.9
1204302801260811 62.92
1204302801330825 62.92
1204302801380521 62.92
1204302801440374 62.92
1204302801500230 62.9
1204302801560085 62.92
1204302801620939 62.92
1204302801680795 62.92
1204302801740650 62.9
1204302801800505 62.92
1204302801860360 62.9
1204302801920215 62.92
1204302801980070 62.9
1204302802040924 62.92
1204302802100779 62.9
1204302802160634 62.92
1204302802220490 62.92
1204302802280343 62.92
1204302802340199 62.92
1204302802400053 62.92
1204302802460908 62.92
1204302802520764 62.9
1204302802580619 62.9
1204302802640475 62.92
1204302802700329 62.92
1204302802760183 62.9
1204302802830201 62.92
1204302802880895 62.9
1204302802940748 62.9
1204302803000603 62.9
1204302803060457 62.92
1204302803120313 62.92
1204302803180167 62.92
1204302803240024 62.92
1204302803300879 62.9
1204302803360734 62.9
1204302803380657 62.92
1204302803430563 62.92
1204302803490419 62.92
1204302803560436 62.92
1204302803610129 62.92
1204302803670985 62.92
1204302803730839 62.92
1204302803790694 62.92
1204302803850563 62.92
1204302803910403 62.92
1204302803970258 62.9
1204302804030113 62.92
1204302804090969 62.92
1204302804150825 62.92
1204302804210745 62.92
1204302804270532 62.92
1204302804330389 62.92
1204302804390242 62.92
1204302804450099 62.92
1204302804510954 62.92
1204302804570808 62.92
1204302804630663 62.92
1204302804690517 62.92
1204302804750372 62.92
1204302804810227 62.92
1204302804870082 62.92
1204302804930939 62.92
1204302804990792 62.92
1204302805050647 62.92
1204302805110502 62.92
1204302805170356 62.92
1204302805230212 62.92
1204302805290067 62.92
1204302805350923 62.92
1204302805410778 62.92
1204302805470633 62.92
1204302805530486 62.92
1204302805590341 62.92
1204302805650197 62.92
1204302805710052 62.92
1204302805770906 62.92
1204302805830762 62.92
1204302805890617 62.92
1204302805950471 62.92
1204302806010325 62.92
1204302806070181 62.92
1204302806130037 62.96
1204302806190890 62.94
1204302806250746 62.92
1204302806310601 62.92
1204302806370456 62.92
1204302806390383 62.92
1204302806440286 62.92
1204302806500142 62.92
1204302806560010 62.92
1204302806620852 62.92
1204302806680708 62.92
1204302806740561 62.94
1204302806800417 62.92
1204302806860272 62.92
1204302806920126 62.92
1204302806980981 62.92
1204302807040837 62.92
1204302807100691 62.92
1204302807160560 62.92
1204302807220402 62.92
1204302807280257 62.92
1204302807340111 62.92
1204302807400966 62.92
1204302807460822 62.92
1204302807520677 62.92
1204302807580532 62.92
1204302807640384 62.94
1204302807710372 62.92
1204302807760095 62.92
1204302807820951 62.92
1204302807880803 62.94
1204302807940660 62.94
1204302808000515 62.92
1204302808060378 62.94
1204302808120224 62.94
1204302808180081 62.92
1204302808240936 62.92
1204302808300792 62.92
1204302808360659 62.92
1204302808420500 62.92
1204302808480353 62.94
1204302808540209 62.94
1204302808600065 62.92
1204302808660920 62.94
1204302808720776 62.92
1204302808780628 62.94
1204302808840485 62.92
1204302808900406 62.92
1204302808960259 62.94
1204302809020049 62.94
1204302809080903 62.94
1204302809140758 62.94
1204302809200614 62.92
1204302809260470 62.9
1204302809330466 62.92
1204302809380179 62.92
1204302809400099 62.94
1204302809450008 62.94
1204302809510864 62.94
1204302809570718 62.94
1204302809630573 62.94
1204302809690429 62.94
1204302809750283 62.94
1204302809810139 62.94
1204302809870995 62.92
1204302809930848 62.94
1204302809990703 62.94
1204302900060814 62.94
1204302900120669 62.94
1204302900180524 62.94
1204302900240379 62.94
1204302900300234 62.94
1204302900360090 62.94
1204302900420944 62.94
1204302900480799 62.94
1204302900540654 62.94
1204302900600510 62.92
1204302900660364 62.94
1204302900720218 62.94
1204302900780074 62.94
1204302900840929 62.94
1204302900900785 62.96
1204302900960640 62.92
1204302901020493 62.94
1204302901080348 62.94
1204302901140204 62.94
1204302901200058 62.94
1204302901260913 62.94
1204302901320769 62.92
1204302901380624 62.94
1204302901440477 62.94
1204302901500335 62.92
1204302901560187 62.94
1204302901620043 62.94
1204302901680898 62.94
1204302901740753 62.94
1204302901800609 62.94
1204302901860464 62.94
1204302901920317 62.94
1204302901980173 62.94
1204302902040028 62.94
1204302902100883 62.94
1204302902160737 62.94
1204302902220593 62.94
1204302902290597 62.94
1204302902340303 62.94
1204302902400159 62.92
1204302902420081 62.94
1204302902470989 62.94
1204302902540002 62.94
1204302902590698 62.94
1204302902650553 62.94
1204302902710407 62.94
1204302902770272 62.94
1204302902830119 62.96
1204302902890975 62.94
1204302902950829 62.94
1204302903010686 62.96
1204302903070538 62.94
1204302903130392 62.94
1204302903190247 62.94
1204302903250103 62.94
1204302903310957 62.94
1204302903370827 62.94
1204302903430667 62.94
1204302903490524 62.96
1204302903550377 62.94
1204302903610234 62.96
1204302903670100 62.94
1204302903730944 62.96
1204302903790798 62.94
1204302903850652 62.94
1204302903910509 62.96
1204302903970390 62.94
1204302904030218 62.96
1204302904090071 62.94
1204302904150928 62.94
1204302904210784 62.96
1204302904270653 62.96
1204302904340648 62.96
1204302904390349 62.96
1204302904450203 62.96
1204302904510058 62.96
1204302904570926 62.94
1204302904630768 62.96
1204302904690623 62.96
1204302904750477 62.94
1204302904820485 62.94
1204302904870185 62.94
1204302904930040 62.94
1204302904990899 62.96
1204302905050753 62.96
1204302905110606 62.94
1204302905170477 62.96
1204302905230316 62.94
1204302905290170 62.94
1204302905350026 62.96
1204302905410881 62.94
1204302905430803 62.94
1204302905480712 62.94
1204302905540566 62.94
1204302905600422 62.96
1204302905660278 62.96
1204302905720131 62.94
1204302905780989 62.96
1204302905840844 62.96
1204302905900696 62.94
1204302905960553 62.96
1204302906020406 62.94
1204302906080263 62.96
1204302906140116 62.94
1204302906200974 62.96
1204302906260825 62.94
1204302906320683 62.96
1204302906380535 62.94
1204302906440391 62.94
1204302906500248 62.96
1204302906560101 62.96
1204302906620956 62.98
1204302906680812 62.96
1204302906740665 62.94
1204302906800523 62.96
1204302906860377 62.96
1204302906920232 62.96
1204302906980086 62.96
1204302907050119 62.96
1204302907100797 62.96
1204302907160653 62.96
1204302907220506 62.96
1204302907280362 62.96
1204302907340216 62.96
1204302907400070 62.96
1204302907460928 62.96
1204302907520781 62.96
1204302907580637 62.96
1204302907650602 62.96
1204302907700347 62.96
1204302907760202 62.96
1204302907820054 62.98
1204302907880911 62.96
1204302907940766 62.96
1204302908000619 62.94
1204302908060475 62.96
1204302908120332 62.96
1204302908180186 62.96
1204302908240053 62.96
1204302908300896 62.96
1204302908360750 62.96
1204302908420605 62.96
1204302908450895 62.96
1204302908490438 62.96
1204302908550292 62.96
1204302908610147 62.96
1204302908670001 62.96
1204302908730857 62.96
1204302908790712 62.96
1204302908850567 62.96
1204302908910421 62.96
1204302908980346 62.96
1204302909030131 62.96
1204302909090987 62.96
1204302909150841 62.96
1204302909210697 62.96
1204302909270551 62.96
1204302909340570 62.96
1204302909390261 62.96
1204302909450116 62.96
1204302909510972 62.96
1204302909570839 62.96
1204302909630679 62.98
1204302909690535 62.96
1204302909750388 62.98
1204302909810245 62.96
1204302909870111 62.98
1204302909930954 62.98
1204302909990811 62.96
1204303000050921 62.96
1204303000110775 62.96
1204303000170628 62.94
1204303000230485 62.96
1204303000290340 62.96
1204303000350196 62.96
1204303000410047 62.98
1204303000470919 62.96
1204303000530758 62.94
1204303000590615 62.96
1204303000650469 62.96
1204303000710324 62.96
1204303000770193 62.96
1204303000830031 62.98
1204303000890890 62.96
1204303000950745 62.96
1204303001010597 62.98
1204303001070460 62.96
1204303001130310 62.96
1204303001190164 62.96
1204303001250018 62.96
1204303001310874 62.96
1204303001370743 62.96
1204303001430584 62.96
1204303001450506 62.96
1204303001500414 62.96
1204303001560270 62.96
1204303001620125 62.96
1204303001680980 62.96
1204303001740835 62.96
1204303001800690 62.96
1204303001860543 62.98
1204303001920399 62.96
1204303001980252 62.98
1204303002040109 62.96
1204303002100963 62.98
1204303002160820 62.96
1204303002220674 62.96
1204303002280531 62.96
1204303002340384 62.96
1204303002400237 62.98
1204303002460094 62.96
1204303002520949 62.96
1204303002580804 62.96
1204303002640657 62.98
1204303002700514 62.96
1204303002760369 62.96
1204303002820221 62.98
1204303002880078 62.99
1204303002940931 62.98
1204303003000789 62.96
1204303003060643 62.98
1204303003120498 62.96
1204303003180354 62.96
1204303003240209 62.96
1204303003300062 62.98
1204303003360917 62.98
1204303003420773 62.92
1204303003480625 62.98
1204303003540482 62.96
1204303003600336 62.98
1204303003660190 62.98
1204303003720048 62.96
1204303003780901 62.98
1204303003840758 62.96
1204303003900611 62.98
1204303003960469 62.96
1204303004020321 62.98
1204303004090341 62.96
1204303004140030 62.98
1204303004200889 62.96
1204303004260742 62.96
1204303004320597 62.96
1204303004380452 62.96
1204303004440307 62.96
1204303004460227 62.98
1204303004510137 62.98
1204303004570003 62.98
1204303004640996 62.96
1204303004690703 62.96
1204303004750557 62.98
1204303004810412 62.98
1204303004870273 62.96
1204303004930120 62.98
1204303004990977 62.96
1204303005050834 62.96
1204303005110687 62.98
1204303005170556 62.96
1204303005240438 62.96
1204303005290252 62.96
1204303005350104 62.98
1204303005410960 62.98
1204303005470817 62.98
1204303005530673 62.99
1204303005590525 62.98
1204303005650382 62.96
1204303005710237 62.96
1204303005770104 62.96
1204303005830959 62.98
1204303005890800 62.98
1204303005950656 62.98
1204303006010510 62.98
1204303006080381 62.96
1204303006130222 62.96
1204303006190075 62.98
1204303006250932 62.96
1204303006310786 62.96
1204303006380653 62.98
1204303006430496 62.96
1204303006490352 62.96
1204303006550205 62.98
1204303006610061 62.96
1204303006680929 62.98
1204303006730772 62.96
1204303006790625 62.98
1204303006850479 62.98
1204303006910336 62.96
1204303006980268 62.98
1204303007030043 62.98
1204303007090900 62.98
1204303007150756 62.96
1204303007210611 62.96
1204303007270468 62.98
1204303007330321 62.96
1204303007390174 62.98
1204303007450029 62.98
1204303007480947 62.98
1204303007520862 62.96
1204303007580714 62.98
1204303007640570 62.98
1204303007700424 62.98
1204303007760280 62.98
1204303007820134 62.98
1204303007880990 62.98
1204303007940844 62.98
1204303008000701 62.96
1204303008060553 62.98
1204303008120408 62.98
1204303008180264 62.98
1204303008240118 62.98
1204303008300976 62.96
1204303008360830 62.96
1204303008420684 62.98
1204303008480538 62.98
1204303008540394 62.98
1204303008600249 62.98
1204303008660104 62.98
1204303008720959 62.98
1204303008780816 62.96
1204303008840669 62.98
1204303008900523 62.98
1204303008960377 62.98
1204303009020234 62.98
1204303009080088 62.98
1204303009140943 62.98
1204303009200799 62.98
1204303009260654 62.98
1204303009320507 62.98
1204303009380362 62.98
1204303009440218 62.98
1204303009500073 62.98
1204303009560928 62.98
1204303009620783 62.98
1204303009680638 62.98
1204303009740493 62.98
1204303009800348 62.98
1204303009870205 62.96
1204303009920056 62.98
1204303009980912 62.98
1204303100040022 62.98
1204303100100878 62.98
1204303100160733 62.98
1204303100230589 62.98
1204303100280442 62.98
1204303100350298 62.98
1204303100410152 62.98
1204303100460007 62.98
1204303100480930 62.98
1204303100540840 62.96
1204303100600693 62.98
1204303100660548 62.98
1204303100720404 62.98
1204303100780272 62.98
1204303100840112 62.98
1204303100900968 62.98
1204303100960823 62.98
1204303101020680 62.96
1204303101080547 62.98
1204303101140387 62.98
1204303101200243 62.98
1204303101260098 62.98
1204303101320952 62.98
1204303101380821 62.98
1204303101440662 62.98
1204303101500518 62.98
1204303101560373 62.98
1204303101620226 62.98
1204303101680095 62.98
1204303101740938 62.98
1204303101800795 62.99
1204303101860646 62.98
1204303101920502 62.98
1204303101980410 62.98
1204303102040212 62.98
1204303102100067 62.98
1204303102160922 62.98
1204303102220776 62.98
1204303102280646 62.98
1204303102340637 62.98
1204303102400340 62.98
1204303102460197 62.98
1204303102520051 62.98
1204303102580919 62.98
1204303102640761 62.98
1204303102700617 62.98
1204303102760471 62.98
1204303102820326 62.98
1204303102880195 62.98
1204303102940036 62.98
1204303103000891 62.98
1204303103060746 62.98
1204303103120600 62.98
1204303103180469 62.98
1204303103240310 62.98
1204303103300166 62.98
1204303103360021 62.98
1204303103420875 62.98
1204303103480743 62.98
1204303103490652 62.98
1204303103550561 62.98
1204303103610416 62.98
1204303103670272 62.98
1204303103730126 62.98
1204303103790983 62.98
1204303103850836 62.98
1204303103910691 62.98
1204303103970546 62.98
1204303104030401 62.98
1204303104090255 62.98
1204303104150110 62.98
1204303104210966 62.98
1204303104270821 62.98
1204303104330675 62.98
1204303104390531 62.98
1204303104450388 62.99
1204303104510240 62.98
1204303104570097 62.99
1204303104630950 62.98
1204303104690805 62.98
1204303104750660 62.98
1204303104810676 62.98
1204303104870370 62.98
1204303104930225 62.98
1204303104990080 62.98
1204303105050936 62.98
1204303105110790 62.98
1204303105170645 62.98
1204303105230501 62.99
1204303105290355 62.98
1204303105350210 62.98
1204303105410064 62.98
1204303105470920 62.98
1204303105530774 62.98
1204303105590632 62.99
1204303105650484 62.98
1204303105710339 62.98
1204303105770194 62.98
1204303105830050 62.98
1204303105890906 62.98
1204303105950761 62.99
1204303106010614 62.98
1204303106070469 62.98
1204303106130323 62.98
1204303106190182 62.99
1204303106250034 62.98
1204303106310891 62.99
1204303106370744 62.98
1204303106430600 62.98
1204303106490455 62.98
1204303106500378 62.99
1204303106560285 62.98
1204303106620141 62.99
1204303106680010 62.99
1204303106740849 62.98
1204303106800706 62.99
1204303106860563 62.99
1204303106920416 62.99
1204303106980361 62.99
1204303107040124 62.98
1204303107100982 62.99
1204303107160836 62.99
1204303107220690 62.98
1204303107280559 62.99
1204303107340553 62.99
1204303107400253 62.98
1204303107460108 62.98
1204303107520965 62.99
1204303107580835 62.99
1204303107640676 62.96
1204303107700529 62.98
1204303107760384 62.98
1204303107820240 62.99
1204303107880107 62.98
1204303107940951 62.99
1204303108000804 62.98
1204303108060657 62.98
1204303108120515 62.99
1204303108180383 62.99
1204303108240222 62.98
1204303108300078 62.98
1204303108360936 62.99
1204303108420791 62.99
1204303108480655 62.98
1204303108540498 62.98
1204303108600352 62.98
1204303108660208 62.98
1204303108720065 62.99
1204303108780934 62.99
1204303108840933 62.99
1204303108900630 62.99
1204303108960485 62.99
1204303109020338 62.99
1204303109080206 62.98
1204303109140046 62.98
1204303109200905 62.99
1204303109260759 62.99
1204303109320614 62.99
1204303109380481 62.98
1204303109440322 62.98
1204303109500179 62.99
1204303109520101 62.99
1204303109570006 62.98
1204303109630865 62.99
1204303109690719 62.96
1204303109750574 62.99
1204303109810427 62.98
1204303109870282 62.98
1204303109930139 62.99
1204303109990992 62.98
1204303200050103 62.98
1204303200110958 62.98
1204303200170816 62.99
1204303200230667 62.98
1204303200290525 62.99
1204303200350379 62.99
1204303200410233 62.98
1204303200470088 62.98
1204303200530944 62.99
1204303200590798 62.99
1204303200650654 62.99
1204303200710509 62.99
1204303200770361 62.98
1204303200830218 62.99
1204303200890074 62.99
1204303200950930 62.99
1204303201010783 62.99
1204303201070638 62.99
1204303201130493 62.99
1204303201190349 62.99
1204303201250204 62.99
1204303201310059 62.99
1204303201370915 62.99
1204303201430770 62.99
1204303201490623 62.99
1204303201550477 62.98
1204303201610332 62.99
1204303201670187 62.99
1204303201730043 62.99
1204303201790898 62.99
1204303201850752 62.99
1204303201910608 62.99
1204303201970463 62.99
1204303202030316 62.98
1204303202090172 62.99
1204303202150027 62.99
1204303202210882 62.98
1204303202270738 62.99
1204303202330594 62.99
1204303202390447 62.99
1204303202450303 62.99
1204303202510157 62.99
1204303202530078 62.99
1204303202580001 62.99
1204303202640843 62.99
1204303202700699 62.99
1204303202760554 62.99
1204303202820408 62.99
1204303202880276 62.99
1204303202940118 62.99
1204303203000974 62.99
1204303203060826 62.98
1204303203120683 62.99
1204303203180551 62.99
1204303203240392 62.99
1204303203300248 62.99
1204303203360102 62.99
1204303203420958 62.99
1204303203480824 62.98
1204303203540668 62.99
1204303203600521 62.98
1204303203660378 62.99
1204303203720229 62.98
1204303203780099 62.99
1204303203840942 62.99
1204303203900798 62.99
1204303203960653 62.99
1204303204020507 62.99
1204303204080374 62.98
1204303204140214 62.98
1204303204200072 62.99
1204303204260928 62.99
1204303204320781 62.98
1204303204380651 62.99
1204303204440492 62.99
1204303204500347 62.99
1204303204560202 62.99
1204303204620056 62.99
1204303204680925 62.99
1204303204740766 62.99
1204303204800622 62.99
1204303204860476 62.99
1204303204920330 62.99
1204303204980284 62.99
1204303205040042 62.99
1204303205100896 62.99
1204303205160750 62.98
1204303205220606 62.99
1204303205280475 62.99
1204303205340316 62.99
1204303205400171 62.99
1204303205460026 62.99
1204303205520882 62.99
1204303205540802 62.99
1204303205590712 62.99
1204303205650566 62.99
1204303205710422 62.99
1204303205770277 62.99
1204303205830132 62.99
1204303205890987 62.99
1204303205950841 62.99
1204303206010696 62.99
1204303206070553 62.99
1204303206130405 62.99
1204303206190260 62.99
1204303206250116 62.99
1204303206310972 62.99
1204303206370827 62.99
1204303206430680 62.99
1204303206490536 62.99
1204303206550390 62.99
1204303206610245 62.99
1204303206670101 62.99
1204303206730956 62.99
1204303206790810 62.99
1204303206850666 62.99
1204303206910520 62.99
1204303206970376 62.99
1204303207030229 62.99
1204303207090085 62.99
1204303207150940 62.99
1204303207210949 62.99
1204303207270651 62.99
1204303207330505 62.99
1204303207390360 62.99
1204303207450215 62.99
1204303207510070 62.99
1204303207570925 62.99
1204303207630780 62.99
1204303207690636 62.99
1204303207750491 62.99
1204303207810426 62.99
1204303207870198 62.99
1204303207930055 62.99
1204303207990910 62.99
1204303208050765 62.99
1204303208110619 62.99
1204303208170474 62.99
1204303208230329 62.99
1204303208290184 62.99
1204303208350037 62.98
1204303208410905 62.99
1204303208470750 62.99
1204303208530604 62.99
1204303208550526 62.99
1204303208600435 62.99
1204303208660290 62.99
1204303208720145 62.99
1204303208780013 62.99
1204303208840855 62.99
1204303208900710 62.99
1204303208960565 62.99
1204303209020420 62.99
1204303209080288 62.99
1204303209140129 62.99
1204303209200985 62.99
1204303209260840 62.99
1204303209320694 62.99
1204303209380562 62.99
1204303209440405 62.99
1204303209500259 62.99
1204303209560113 62.99
1204303209620971 62.99
1204303209680838 62.99
1204303209740679 62.99
1204303209800535 62.99
1204303209860388 62.99
1204303209920243 62.99
1204303209980173 62.99
1204303300040209 62.99
1204303300100065 62.99
1204303300160921 62.99
1204303300220776 62.99
1204303300280642 62.99
1204303300340485 62.99
1204303300400338 62.99
1204303300460195 62.99
1204303300520048 62.99
1204303300580919 62.99
1204303300640760 62.99
1204303300700614 62.99
1204303300760468 62.98
1204303300820325 62.99
1204303300880193 62.99
1204303300940033 62.99
1204303301000889 62.99
1204303301060744 62.99
1204303301120599 62.99
1204303301180467 62.99
1204303301240310 62.99
1204303301300164 62.99
1204303301360018 62.99
1204303301420873 62.99
1204303301480740 63.01
1204303301540583 62.99
1204303301560825 62.99
1204303301610414 62.99
1204303301670269 62.99
1204303301730125 62.99
1204303301790980 62.99
1204303301850835 62.99
1204303301910690 62.99
1204303301970545 62.99
1204303302030397 63.01
1204303302090253 62.99
1204303302150108 62.99
1204303302210963 62.99
1204303302270818 62.99
1204303302330673 62.99
1204303302390529 62.99
1204303302450381 63.01
1204303302510236 63.01
1204303302570094 62.99
1204303302630950 62.99
1204303302690802 63.01
1204303302750659 62.99
1204303302810511 63.01
1204303302870367 62.99
1204303302930223 62.99
1204303302990078 62.99
1204303303050934 62.99
1204303303110788 62.99
1204303303170643 62.99
1204303303230498 62.99
1204303303290353 62.99
1204303303350207 62.99
1204303303410063 62.99
1204303303470917 63.01
1204303303530772 62.99
1204303303590628 62.99
1204303303650483 62.99
1204303303710338 62.99
1204303303770193 62.99
1204303303830047 62.99
1204303303890901 63.01
1204303303950755 63.01
1204303304010610 63.01
1204303304070466 62.99
1204303304130323 62.99
1204303304190177 62.99
1204303304250032 62.99
1204303304310888 62.99
1204303304370742 62.99
1204303304430594 63.01
1204303304490451 62.99
1204303304550306 62.99
1204303304570231 62.99
1204303304620137 62.99
1204303304680003 63.01
1204303304740848 62.99
1204303304800857 62.99
1204303304860558 62.99
1204303304920413 62.99
1204303304980369 62.99
1204303305040122 62.99
1204303305100978 62.99
1204303305160831 63.01
1204303305220686 63.01
1204303305280555 62.99
1204303305340559 63.01
1204303305400329 62.99
1204303305460104 63.01
1204303305520960 63.01
1204303305580831 62.99
1204303305640672 62.99
1204303305700525 63.01
1204303305760380 63.01
1204303305820234 63.01
1204303305880102 63.01
1204303305940945 63.01
1204303306000875 63.01
1204303306060657 62.99
1204303306120511 62.99
1204303306180378 63.01
1204303306240219 63.01
1204303306300073 63.01
1204303306360929 63.01
1204303306420784 63.01
1204303306480653 63.01
1204303306540495 63.01
1204303306600363 62.99
1204303306660204 63.01
1204303306720059 62.99
1204303306780930 62.99
1204303306840929 63.01
1204303306900624 63.01
1204303306960479 63.01
1204303307020333 63.01
1204303307080203 62.99
1204303307140042 63.01
1204303307200900 62.99
1204303307260753 63.01
1204303307320610 63.01
1204303307380478 62.99
1204303307440319 62.99
1204303307500173 63.01
1204303307560027 63.01
1204303307580247 63.01
1204303307630862 62.99
1204303307690713 63.01
1204303307750569 63.01
1204303307810425 63.01
1204303307870281 62.99
1204303307930133 63.01
1204303307990991 62.99
1204303308050846 62.99
1204303308110700 62.99
1204303308170554 63.01
1204303308230409 63.01
1204303308290263 63.01
1204303308350119 63.01
1204303308410974 63.01
1204303308470829 63.01
1204303308530686 62.99
1204303308590538 63.01
1204303308650392 63.01
1204303308710248 63.01
1204303308770102 63.01
1204303308830961 62.99
1204303308890812 63.01
1204303308950670 62.99
1204303309010522 63.01
1204303309070377 63.01
1204303309130233 63.01
1204303309190087 63.01
1204303309250943 63.01
1204303309310798 63.01
1204303309370653 63.01
1204303309430509 63.01
1204303309490362 63.01
1204303309550219 62.99
1204303309610072 63.01
1204303309670930 62.99
1204303309730783 63.01
1204303309790637 63.01
1204303309850493 63.01
1204303309910348 63.01
1204303309970201 63.01
1204303400030311 63.01
1204303400090167 63.01
1204303400150021 63.01
1204303400210877 63.01
1204303400270891 63.01
1204303400330588 63.01
1204303400390441 63.01
1204303400450297 63.01
1204303400510150 63.01
1204303400570008 62.99
1204303400590932 63.01
1204303400640837 63.01
1204303400700692 63.01
1204303400760550 62.99
1204303400820403 62.99
1204303400880262 63.01
1204303400940112 63.01
1204303401000968 63.01
1204303401060823 63.01
1204303401120677 63.01
1204303401180545 63.01
1204303401240386 63.01
1204303401300243 63.03
1204303401360097 63.01
1204303401420953 63.01
1204303401480821 63.01
1204303401540661 63.01
1204303401600517 63.01
1204303401660372 63.01
1204303401720227 63.03
1204303401780094 63.01
1204303401840937 63.01
1204303401900792 63.01
1204303401960649 63.03
1204303402020501 63.01
1204303402080369 63.01
1204303402140212 63.01
1204303402200066 63.01
1204303402260920 63.01
1204303402320776 63.01
1204303402380644 63.01
1204303402440485 63.01
1204303402500341 63.01
1204303402560195 63.01
1204303402620051 63.01
1204303402680918 63.01
1204303402740761 63.01
1204303402800615 63.01
1204303402860470 63.01
1204303402920325 63.01
1204303402980273 63.01
1204303403040035 63.01
1204303403100890 63.01
1204303403160746 63.01
1204303403220600 63.01
1204303403280470 63.03
1204303403340310 63.01
1204303403400165 63.01
1204303403460019 63.01
1204303403520876 63.01
1204303403580744 63.01
1204303403600650 62.98
1204303403650561 63.01
1204303403710415 63.01
1204303403770271 63.01
1204303403830126 63.01
1204303403890980 63.01
1204303403950835 63.01
1204303404010693 62.99
1204303404070545 63.01
1204303404130399 63.01
1204303404190309 63.01
1204303404250109 63.01
1204303404310967 63.03
1204303404370821 63.01
1204303404430678 63.03
1204303404490530 63.01
1204303404550386 63.01
1204303404610239 63.01
1204303404670094 63.01
1204303404730950 63.01
1204303404790862 63.01
1204303404850659 63.01
1204303404910516 63.03
1204303404970371 63.03
1204303405030224 63.01
1204303405090079 63.01
1204303405150935 63.01
1204303405210791 63.03
1204303405270644 63.01
1204303405330499 63.01
1204303405390354 63.01
1204303405450208 63.01
1204303405510064 63.01
1204303405570921 63.03
1204303405630773 63.01
1204303405690629 63.01
1204303405750484 63.01
1204303405810340 63.01
1204303405870196 63.03
1204303405930048 63.01
1204303405990904 63.01
1204303406050759 63.01
1204303406110614 63.01
1204303406170470 63.03
1204303406230324 63.01
1204303406290177 63.01
1204303406350033 63.01
1204303406410888 63.01
1204303406470744 63.01
1204303406530757 63.01
1204303406590452 63.01
1204303406610374 63.01
1204303406660285 63.03
1204303406720139 63.01
1204303406780006 63.01
1204303406840852 63.03
1204303406900704 63.01
1204303406960559 63.01
1204303407020414 63.01
1204303407080283 63.01
1204303407140122 63.01
1204303407200978 63.01
1204303407260834 63.01
1204303407320688 63.01
1204303407380558 63.01
1204303407440398 63.01
1204303407500253 63.01
1204303407560108 63.01
1204303407620966 63.03
1204303407680835 63.03
1204303407740672 63.01
1204303407800528 63.01
1204303407860383 63.01
1204303407920240 63.03
1204303407980092 63.01
1204303408040951 63.03
1204303408100806 63.03
1204303408160660 63.03
1204303408220513 63.01
1204303408280384 63.03
1204303408340225 63.03
1204303408400076 63.01
1204303408460933 63.01
1204303408520790 63.03
1204303408580657 63.03
1204303408640500 63.03
1204303408700353 63.01
1204303408760208 63.03
1204303408820064 63.03
1204303408880085 63.03
1204303408940774 63.03
1204303409000627 63.05
1204303409060485 63.03
1204303409120337 63.01
1204303409180207 63.03
1204303409240046 63.01
1204303409300901 63.01
1204303409360758 63.03
1204303409420611 63.05
1204303409480482 63.03
1204303409540322 63.01
1204303409600177 63.03
1204303409620100 63.03
1204303409670008 63.03
1204303409730863 63.01
1204303409790718 63.01
1204303409850574 63.03
1204303409910427 63.01
1204303409970281 63.01
1204303500030395 63.03
1204303500090246 63.01
1204303500150101 63.01
1204303500210959 63.03
1204303500270813 63.03
1204303500330669 63.03
1204303500390524 63.03
1204303500450379 63.03
1204303500510233 63.03
1204303500570089 63.03
1204303500630942 63.01
1204303500690799 63.03
1204303500750653 63.03
1204303500810508 63.03
1204303500870363 63.03
1204303500930217 63.03
1204303500990073 63.03
1204303501050929 63.03
1204303501110781 63.01
1204303501170636 63.01
1204303501230492 63.03
1204303501290348 63.03
1204303501350203 63.03
1204303501410057 63.03
1204303501470912 63.01
1204303501530766 63.01
1204303501590624 63.03
1204303501650477 63.01
1204303501710332 63.03
1204303501770185 63.01
1204303501830042 63.03
1204303501890898 63.03
1204303501950751 63.01
1204303502010605 63.01
1204303502070460 63.01
1204303502130316 63.01
1204303502190171 63.01
1204303502250026 63.03
1204303502310883 63.03
1204303502370737 63.03
1204303502430751 63.01
1204303502490448 63.03
1204303502550302 63.03
1204303502610157 63.03
1204303502630077 63.03
1204303502680001 63.03
1204303502740842 63.03
1204303502800698 63.03
1204303502860551 63.01
1204303502920408 63.03
1204303502980368 63.01
1204303503040115 63.01
1204303503100135 63.03
1204303503160827 63.03
1204303503220682 63.03
1204303503280552 63.03
1204303503340391 63.03
1204303503400247 63.03
1204303503460101 63.03
1204303503520958 63.03
1204303503580850 63.01
1204303503640668 63.03
1204303503700522 63.03
1204303503760376 63.03
1204303503820231 63.03
1204303503880097 63.01
1204303503940941 63.03
1204303504000796 63.03
1204303504060652 63.03
1204303504120507 63.03
1204303504180375 63.03
1204303504240217 63.03
1204303504300069 63.01
1204303504360926 63.03
1204303504420780 63.01
1204303504480645 63.03
1204303504540491 63.03
1204303504600346 63.03
1204303504660202 63.03
1204303504720055 63.03
1204303504780925 63.03
1204303504840929 63.03
1204303504900620 63.01
1204303504960476 63.03
1204303505020331 63.03
1204303505080194 63.01
1204303505140040 63.03
1204303505200896 63.03
1204303505260751 63.03
1204303505320606 63.03
1204303505380467 63.01
1204303505440314 63.03
1204303505500169 63.03
1204303505560023 63.01
1204303505620881 63.03
1204303505640800 63.03
1204303505690712 63.03
1204303505750565 63.01
1204303505810421 63.03
1204303505870276 63.03
1204303505930130 63.03
1204303505990986 63.03
1204303506050842 63.03
1204303506110696 63.03
1204303506170552 63.03
1204303506230405 63.03
1204303506290260 63.03
1204303506350113 63.01
1204303506410972 63.03
1204303506470825 63.01
1204303506530678 63.01
1204303506590535 63.03
1204303506650388 63.01
1204303506710245 63.03
1204303506770099 63.03
1204303506830954 63.01
1204303506890811 63.03
1204303506950664 63.03
1204303507010520 63.03
1204303507070373 63.01
1204303507130228 63.01
1204303507190082 63.01
1204303507250938 63.01
1204303507310793 63.01
1204303507370650 63.03
1204303507430503 63.01
1204303507490356 63.01
1204303507550212 63.01
1204303507610069 63.03
1204303507670923 63.01