1204403603030154 60.04
1204403603090004 60.05
1204403603150862 60.07
1204403603210717 60.07
1204403603270570 60.09
1204403603330425 60.09
1204403603390282 60.07
1204403603450136 60.11
1204403603510992 60.11
1204403603570848 60.13
1204403603630703 60.13
1204403603690558 60.13
1204403603710627 60.13
1204403603760387 60.15
1204403603820242 60.15
1204403603880096 60.15
1204403603940952 60.15
1204403604000807 60.17
1204403604060663 60.17
1204403604120517 60.18
1204403604180372 60.18
1204403604240227 60.18
1204403604300083 60.2
1204403604360939 60.2
1204403604420794 60.2
1204403604480648 60.22
1204403604540503 60.22
1204403604600358 60.2
1204403604660211 60.22
1204403604720066 60.22
1204403604780925 60.24
1204403604840778 60.24
1204403604900633 60.24
1204403604960488 60.24
1204403605020341 60.26
1204403605080197 60.26
1204403605140050 60.26
1204403605200906 60.26
1204403605260762 60.28
1204403605320617 60.28
1204403605380471 60.28
1204403605440326 60.26
1204403605500180 60.28
1204403605560036 60.28
1204403605620890 60.3
1204403605680743 60.3
1204403605740598 60.3
1204403605800458 60.32
1204403605860309 60.3
1204403605920168 60.32
1204403605980021 60.32
1204403606040877 60.32
1204403606100733 60.32
1204403606160587 60.32
1204403606220442 60.32
1204403606280297 60.32
1204403606340151 60.32
1204403606400006 60.32
1204403606460860 60.33
1204403606520715 60.33
1204403606580571 60.33
1204403606640424 60.33
1204403606700279 60.35
1204403606720348 60.33
1204403606770109 60.37
1204403606830967 60.39
1204403606890820 60.39
1204403606950673 60.41
1204403607010529 60.45
1204403607070384 60.45
1204403607130237 60.46
1204403607190094 60.48
1204403607250953 60.52
1204403607310808 60.52
1204403607370661 60.54
1204403607430518 60.52
1204403607490371 60.56
1204403607550222 60.59
1204403607610086 60.63
1204403607670934 60.71
1204403607730791 60.8
1204403607790644 60.87
1204403607850498 60.91
1204403607910355 60.97
1204403607970210 60.98
1204403608030063 61.04
1204403608090922 61.08
1204403608150779 61.12
1204403608210632 61.17
1204403608270485 61.19
1204403608330338 61.21
1204403608390194 61.23
1204403608450053 61.28
1204403608510905 61.41
1204403608570761 61.51
1204403608630614 61.58
1204403608690471 61.65
1204403608750328 61.8
1204403608810178 61.93
1204403608870033 62.03
1204403608930889 62.1
1204403608990746 62.16
1204403609050599 62.19
1204403609110457 62.23
1204403609170310 62.27
1204403609230163 62.29
1204403609290020 62.31
1204403609350878 62.32
1204403609410733 62.36
1204403609470584 62.42
1204403609530439 62.51
1204403609590292 62.58
1204403609650150 62.62
1204403609710007 62.68
1204403609730078 62.68
1204403609780835 62.75
1204403609840691 62.77
1204403609900546 62.77
1204403609960401 62.77
1204403700020512 62.77
1204403700080363 62.79
1204403700140218 62.79
1204403700200075 62.77
1204403700260929 62.79
1204403700320784 62.79
1204403700380638 62.79
1204403700440493 62.79
1204403700500348 62.79
1204403700560204 62.79
1204403700620059 62.81
1204403700680914 62.81
1204403700740768 62.81
1204403700800624 62.81
1204403700860480 62.83
1204403700920332 62.81
1204403700980188 62.81
1204403701040045 62.83
1204403701100899 62.85
1204403701160755 62.83
1204403701220610 62.83
1204403701280464 62.83
1204403701340320 62.83
1204403701400175 62.83
1204403701460026 62.85
1204403701520882 62.85
1204403701580737 62.85
1204403701640593 62.85
1204403701700448 62.85
1204403701760303 62.85
1204403701820158 62.85
1204403701880011 62.85
1204403701940868 62.85
1204403702000725 62.86
1204403702060578 62.86
1204403702120433 62.86
1204403702180289 62.86
1204403702240144 62.86
1204403702310000 62.86
1204403702360855 62.86
1204403702420708 62.86
1204403702480566 62.88
1204403702540421 62.88
1204403702600276 62.88
1204403702660129 62.88
1204403702720986 62.88
1204403702750841 62.88
1204403702790817 62.88
1204403702850672 62.88
1204403702910527 62.88
1204403702970378 62.9
1204403703030233 62.9
1204403703090089 62.9
1204403703150945 62.9
1204403703210800 62.9
1204403703270653 62.9
1204403703330508 62.9
1204403703390363 62.9
1204403703450219 62.9
1204403703510074 62.9
1204403703570928 62.92
1204403703630783 62.9
1204403703690638 62.92
1204403703750494 62.9
1204403703810349 62.92
1204403703870204 62.9
1204403703930057 62.9
1204403703990913 62.92
1204403704050769 62.92
1204403704110624 62.92
1204403704170477 62.92
1204403704230333 62.92
1204403704290188 62.92
1204403704350041 62.94
1204403704410899 62.92
1204403704470752 62.92
1204403704530607 62.92
1204403704590463 62.92
1204403704650316 62.94
1204403704710171 62.94
1204403704770027 62.92
1204403704830880 62.94
1204403704890736 62.94
1204403704950591 62.94
1204403705010446 62.94
1204403705070299 62.94
1204403705130154 62.94
1204403705190010 62.94
1204403705250866 62.94
1204403705310721 62.94
1204403705370576 62.94
1204403705430429 62.94
1204403705490287 62.96
1204403705550140 62.94
1204403705610003 62.94
1204403705670852 62.96
1204403705730705 62.94
1204403705750599 62.92
1204403705800539 62.96
1204403705860392 62.96
1204403705920247 62.96
1204403705980102 62.96
1204403706040970 62.98
1204403706100813 62.96
1204403706160667 62.96
1204403706220522 62.96
1204403706280378 62.96
1204403706340232 62.96
1204403706400087 62.96
1204403706460944 62.96
1204403706520797 62.96
1204403706580652 62.96
1204403706640507 62.96
1204403706700362 62.96
1204403706760216 62.96
1204403706820069 62.98
1204403706880927 62.96
1204403706940781 62.98
1204403707000636 62.96
1204403707060492 62.96
1204403707120344 62.98
1204403707180200 62.98
1204403707240055 62.98
1204403707300910 62.98
1204403707360764 62.98
1204403707420619 62.98
1204403707480476 62.96
1204403707540330 62.98
1204403707600185 62.98
1204403707660038 62.98
1204403707720894 62.98
1204403707780750 62.98
1204403707840604 62.98
1204403707900459 62.98
1204403707960313 62.98
1204403708020168 62.98
1204403708080025 62.96
1204403708140879 62.98
1204403708200734 62.98
1204403708260591 62.96
1204403708320445 62.98
1204403708380298 62.98
1204403708440155 62.96
1204403708500008 62.98
1204403708560863 62.98
1204403708620718 62.98
1204403708680573 62.98
1204403708740428 62.98
1204403708760500 62.98
1204403708810259 62.98
1204403708870114 62.98
1204403708930989 62.98
1204403708990823 62.98
1204403709050678 62.98
1204403709110534 62.98
1204403709170389 62.98
1204403709230244 62.98
1204403709290097 62.98
1204403709350955 62.98
1204403709410808 62.98
1204403709470664 62.98
1204403709530524 62.98
1204403709590374 62.98
1204403709650228 62.98
1204403709710085 62.99
1204403709770941 62.99
1204403709830793 62.98
1204403709890648 62.98
1204403709950503 62.98
1204403800010614 62.98
1204403800070469 62.98
1204403800130324 62.98
1204403800190179 62.99
1204403800250034 62.99
1204403800310890 62.99
1204403800370744 62.98
1204403800430601 62.99
1204403800490452 62.98
1204403800550307 62.98
1204403800610174 62.99
1204403800670018 62.98
1204403800730876 62.99
1204403800790729 62.99
1204403800850585 62.99
1204403800910439 62.99
1204403800970294 62.99
1204403801030146 63.01
1204403801090003 62.99
1204403801150859 62.99
1204403801210714 62.99
1204403801270570 62.99
1204403801330425 62.99
1204403801390278 62.99
1204403801450133 62.99
1204403801510989 62.99
1204403801570844 62.99
1204403801630699 62.99
1204403801690554 62.99
1204403801750407 62.99
1204403801770478 62.99
1204403801820237 62.98
1204403801880094 62.99
1204403801940949 63.01
1204403802000806 62.99
1204403802060659 62.99
1204403802120514 62.99
1204403802180369 62.99
1204403802240222 62.98
1204403802300079 62.99
1204403802360934 62.99
1204403802420789 62.99
1204403802480644 62.99
1204403802540497 62.98
1204403802600353 62.99
1204403802660208 62.99
1204403802720063 62.99
1204403802780918 62.99
1204403802840773 62.99
1204403802900629 62.99
1204403802960484 62.99
1204403803020339 62.99
1204403803080192 62.99
1204403803140047 62.99
1204403803200903 62.99
1204403803260759 62.99
1204403803320613 62.99
1204403803380467 62.99
1204403803440323 62.99
1204403803500177 62.99
1204403803560032 62.99
1204403803620888 62.99
1204403803680744 62.99
1204403803740599 62.99
1204403803800452 62.99
1204403803860307 62.99
1204403803920161 62.98
1204403803980018 62.99
1204403804040885 62.99
1204403804100727 62.99
1204403804160582 62.99
1204403804220437 62.99
1204403804280292 62.99
1204403804340146 62.99
1204403804400001 62.99
1204403804460858 62.99
1204403804520712 62.99
1204403804580568 62.99
1204403804640423 62.99
1204403804700276 62.99
1204403804760132 62.99
1204403804780203 62.99
1204403804830962 62.99
1204403804890817 62.99
1204403804950673 62.99
1204403805010528 62.99
1204403805070383 62.99
1204403805130238 62.99
1204403805190091 62.99
1204403805250948 62.99
1204403805310803 62.99
1204403805370656 62.99
1204403805430512 62.99
1204403805490367 62.99
1204403805550222 62.99
1204403805610091 62.99
1204403805670931 62.99
1204403805730787 62.99
1204403805790642 62.99
1204403805850497 62.99
1204403805910350 62.99
1204403805970206 62.99
1204403806030061 62.99
1204403806090917 62.99
1204403806150771 62.99
1204403806210626 62.99
1204403806270479 62.98
1204403806330336 62.99
1204403806390192 62.99
1204403806450045 62.99
1204403806510901 62.99
1204403806570756 62.99
1204403806630611 62.99
1204403806690467 62.99
1204403806750322 62.99
1204403806810175 62.99
1204403806870030 62.99
1204403806930886 62.99
1204403806990742 62.99
1204403807050595 62.99
1204403807110450 62.99
1204403807170305 62.99
1204403807230160 62.99
1204403807290016 62.99
1204403807350870 62.99
1204403807410725 62.99
1204403807470581 62.99
1204403807530436 62.99
1204403807590289 62.99
1204403807650144 62.99
1204403807720000 62.99
1204403807770856 62.99
1204403807790923 63.01
1204403807840685 62.99
1204403807900540 62.99
1204403807960396 62.99
1204403808020251 62.99
1204403808080105 62.99
1204403808140960 62.99
1204403808200817 62.99
1204403808260671 62.99
1204403808320525 62.99
1204403808380381 62.99
1204403808440234 62.99
1204403808500090 62.99
1204403808560946 62.99
1204403808620801 62.99
1204403808680654 62.99
1204403808740511 62.99
1204403808800365 62.99
1204403808860218 62.99
1204403808920074 62.99
1204403808980928 63.01
1204403809040785 62.99
1204403809100640 62.99
1204403809160493 63.01
1204403809220350 62.99
1204403809280204 62.99
1204403809340058 62.99
1204403809400914 62.99
1204403809460770 62.99
1204403809520626 62.99
1204403809580480 62.99
1204403809640333 62.99
1204403809700190 62.99
1204403809760045 62.99
1204403809820898 63.01
1204403809880754 62.99
1204403809940609 62.99
1204403900000462 62.98
1204403900060574 62.99
1204403900120429 62.99
1204403900180283 62.99
1204403900240136 63.01
1204403900300992 63.01
1204403900360846 63.01
1204403900420705 62.99
1204403900480559 62.99
1204403900540411 63.01
1204403900600269 62.99
1204403900660124 62.99
1204403900720980 62.99
1204403900780835 62.99
1204403900800904 62.99
1204403900850665 62.99
1204403900910518 62.99
1204403900970372 63.01
1204403901030228 62.99
1204403901090084 62.99
1204403901150938 63.01
1204403901210795 62.99
1204403901270649 62.99
1204403901330504 62.99
1204403901390358 62.99
1204403901450212 63.01
1204403901510069 62.99
1204403901570923 63.01
1204403901630778 63.01
1204403901690633 62.99
1204403901750487 63.01
1204403901810342 63.01
1204403901870198 62.99
1204403901930051 63.01
1204403901990909 62.99
1204403902050763 62.99
1204403902110619 62.99
1204403902170471 63.01
1204403902230326 63.01
1204403902290182 63.01
1204403902350037 62.99
1204403902410892 63.01
1204403902470746 63.01
1204403902530602 62.99
1204403902590457 63.01
1204403902650313 62.99
1204403902710317 62.99
1204403902770020 63.01
1204403902830875 63.01
1204403902890732 62.99
1204403902950586 63.01
1204403903010443 62.99
1204403903070296 62.99
1204403903130150 63.01
1204403903190005 63.01
1204403903250863 62.99
1204403903310752 62.99
1204403903370571 63.01
1204403903430424 63.01
1204403903490280 63.01
1204403903550134 63.01
1204403903610005 63.01
1204403903670845 63.01
1204403903730702 62.99
1204403903790556 63.01
1204403903810628 62.98
1204403903860386 63.01
1204403903920241 63.01
1204403903980095 63.01
1204403904040962 63.01
1204403904100807 63.01
1204403904160661 63.01
1204403904220517 62.99
1204403904280372 62.99
1204403904340225 63.01
1204403904400079 63.01
1204403904460935 63.01
1204403904520791 63.01
1204403904580647 62.99
1204403904640500 63.01
1204403904700357 62.99
1204403904760211 63.01
1204403904820065 63.01
1204403904880921 63.01
1204403904940774 63.01
1204403905000629 63.01
1204403905060487 62.99
1204403905120340 63.01
1204403905180195 62.99
1204403905240048 63.01
1204403905300905 63.01
1204403905360762 62.99
1204403905420617 62.99
1204403905480468 63.01
1204403905540323 63.01
1204403905600179 63.01
1204403905660036 62.99
1204403905720890 63.01
1204403905780743 63.01
1204403905840598 63.01
1204403905900454 63.01
1204403905960311 62.99
1204403906020163 63.01
1204403906080018 63.01
1204403906140876 62.99
1204403906200729 63.01
1204403906260584 63.01
1204403906320439 63.01
1204403906380293 63.01
1204403906440148 63.01
1204403906500003 63.01
1204403906560859 63.01
1204403906620713 63.01
1204403906680568 63.01
1204403906740431 63.01
1204403906800280 62.99
1204403906820347 63.01
1204403906870110 62.99
1204403906930966 62.99
1204403906990820 63.01
1204403907050677 62.99
1204403907110530 62.99
1204403907170385 62.99
1204403907230238 63.01
1204403907290095 62.99
1204403907350950 63.01
1204403907410805 63.01
1204403907470660 62.99
1204403907530513 63.01
1204403907590368 63.01
1204403907650225 62.99
1204403907710079 63.01
1204403907770933 63.01
1204403907830788 63.01
1204403907890643 63.01
1204403907950498 63.01
1204403908010355 62.99
1204403908070207 63.01
1204403908130062 63.01
1204403908190921 62.99
1204403908250773 63.01
1204403908310629 63.01
1204403908370482 63.01
1204403908430337 63.01
1204403908490192 63.01
1204403908550048 63.01
1204403908610921 63.01
1204403908670757 63.01
1204403908730615 62.99
1204403908790468 63.01
1204403908850323 62.99
1204403908910176 63.01
1204403908970032 63.01
1204403909030888 63.01
1204403909090743 63.01
1204403909150596 63.01
1204403909210452 63.01
1204403909270307 63.01
1204403909330162 63.01
1204403909390017 63.01
1204403909450871 63.01
1204403909510726 63.01
1204403909570581 63.01
1204403909630437 63.01
1204403909690292 63.01
1204403909750147 63.01
1204403909810002 62.99
1204403909830069 63.01
1204403909880832 63.01
1204403909940686 63.01
1204404000000542 63.01
1204404000060654 63.01
1204404000120508 63.01
1204404000180363 63.01
1204404000240218 63.01
1204404000300144 63.01
1204404000360929 63.01
1204404000420784 63.01
1204404000480638 63.01
1204404000540492 63.01
1204404000600347 63.01
1204404000660201 63.01
1204404000720057 63.01
1204404000780913 63.01
1204404000840770 63.03
1204404000900628 63.01
1204404000960478 63.01
1204404001020334 63.03
1204404001080187 63.01
1204404001140042 63.01
1204404001200897 63.01
1204404001260752 63.01
1204404001320608 63.01
1204404001380463 63.01
1204404001440316 63.01
1204404001500173 63.01
1204404001560026 63.01
1204404001620882 63.01
1204404001680737 63.01
1204404001740593 63.01
1204404001800447 63.01
1204404001860302 63.03
1204404001920155 63.01
1204404001980011 63.01
1204404002040879 63.01
1204404002100721 63.01
1204404002160575 63.01
1204404002220433 63.03
1204404002280286 63.01
1204404002340141 63.01
1204404002400999 63.03
1204404002460853 63.03
1204404002520707 63.01
1204404002580561 63.01
1204404002640418 63.03
1204404002700273 63.03
1204404002760126 63.01
1204404002820981 63.01
1204404002850867 63.01
1204404002890812 63.01
1204404002950668 63.01
1204404003010522 63.01
1204404003070376 63.01
1204404003130230 63.01
1204404003190086 63.01
1204404003250943 63.03
1204404003310798 63.01
1204404003370651 63.01
1204404003430507 63.01
1204404003490360 63.01
1204404003550216 63.01
1204404003610089 63.03
1204404003670926 63.01
1204404003730783 63.03
1204404003790638 63.03
1204404003850492 63.03
1204404003910345 63.01
1204404003970202 63.03
1204404004030055 63.01
1204404004090913 63.03
1204404004150764 63.01
1204404004210623 63.03
1204404004270474 63.01
1204404004330331 63.01
1204404004390184 63.01
1204404004450041 63.03
1204404004510894 63.01
1204404004570751 63.01
1204404004630607 63.03
1204404004690460 63.01
1204404004750316 63.03
1204404004810171 63.03
1204404004870024 63.01
1204404004930881 63.01
1204404004990735 63.01
1204404005050590 63.01
1204404005110444 63.01
1204404005170299 63.01
1204404005230154 63.01
1204404005290009 63.01
1204404005350867 63.03
1204404005410721 63.01
1204404005470576 63.03
1204404005530429 63.01
1204404005590285 63.03
1204404005650139 63.01
1204404005710997 63.03
1204404005770852 63.03
1204404005830707 63.03
1204404005850776 63.03
1204404005900537 63.03
1204404005960392 63.03
1204404006020246 63.03
1204404006080101 63.03
1204404006140957 63.03
1204404006200812 63.03
1204404006260667 63.03
1204404006320522 63.03
1204404006380377 63.03
1204404006440230 63.03
1204404006500085 63.03
1204404006560942 63.03
1204404006620794 63.01
1204404006680651 63.03
1204404006740506 63.03
1204404006800360 63.03
1204404006860216 63.03
1204404006920070 63.05
1204404006980926 63.03
1204404007040793 63.05
1204404007100636 63.03
1204404007160490 63.03
1204404007220345 63.03
1204404007280198 63.05
1204404007340055 63.03
1204404007400912 63.03
1204404007460766 63.03
1204404007520620 63.03
1204404007580475 63.03
1204404007640330 63.03
1204404007700185 63.03
1204404007760039 63.03
1204404007820895 63.03
1204404007880752 63.03
1204404007940604 63.03
1204404008000460 63.03
1204404008060314 63.03
1204404008120169 63.03
1204404008180024 63.03
1204404008240880 63.03
1204404008300735 63.03
1204404008360590 63.03
1204404008420445 63.03
1204404008480298 63.01
1204404008540153 63.03
1204404008600008 63.03
1204404008660863 63.01
1204404008720719 63.03
1204404008780572 63.05
1204404008840428 63.03
1204404008860496 63.01
1204404008910259 63.01
1204404008970115 63.03
1204404009030970 63.03
1204404009090826 63.03
1204404009150680 63.03
1204404009210535 63.03
1204404009270390 63.03
1204404009330244 63.03
1204404009390099 63.03
1204404009450955 63.03
1204404009510810 63.03
1204404009570664 63.03
1204404009630519 63.03
1204404009690375 63.03
1204404009750228 63.03
1204404009810084 63.03
1204404009870940 63.03
1204404009930796 63.03
1204404009990649 63.03
1204404100050760 63.03
1204404100110615 63.03
1204404100170468 63.03
1204404100230324 63.03
1204404100290179 63.03
1204404100350033 63.03
1204404100410889 63.03
1204404100470744 63.03
1204404100530600 63.03
1204404100590454 63.03
1204404100650308 63.03
1204404100710163 63.03
1204404100770019 63.03
1204404100830873 63.03
1204404100890728 63.03
1204404100950584 63.03
1204404101010439 63.03
1204404101070294 63.03
1204404101130148 63.03
1204404101190003 63.03
1204404101250858 63.03
1204404101310713 63.03
1204404101370567 63.03
1204404101430421 63.05
1204404101490278 63.03
1204404101550132 63.03
1204404101610011 63.03
1204404101670843 63.03
1204404101730699 63.03
1204404101790553 63.03
1204404101850408 63.03
1204404101870474 63.05
1204404101920239 63.03
1204404101980093 63.03
1204404102040963 63.03
1204404102100803 63.03
1204404102160658 63.03
1204404102220514 63.03
1204404102280367 63.03
1204404102340223 63.03
1204404102400078 63.03
1204404102460933 63.05
1204404102520787 63.05
1204404102580642 63.03
1204404102640498 63.03
1204404102700351 63.05
1204404102760207 63.03
1204404102820060 63.05
1204404102880918 63.03
1204404102940773 63.03
1204404103000626 63.05
1204404103060481 63.03
1204404103120336 63.03
1204404103180192 63.03
1204404103240047 63.03
1204404103300902 63.03
1204404103360757 63.03
1204404103420613 63.03
1204404103480800 63.03
1204404103540322 63.03
1204404103600174 63.05
1204404103660029 63.05
1204404103720886 63.03
1204404103780742 63.03
1204404103840598 63.03
1204404103900452 63.03
1204404103960305 63.03
1204404104020162 63.03
1204404104080131 63.03
1204404104140873 63.03
1204404104200726 63.05
1204404104260582 63.03
1204404104320435 63.05
1204404104380291 63.03
1204404104440146 63.03
1204404104500999 63.05
1204404104560857 63.03
1204404104620711 63.03
1204404104680605 63.05
1204404104740421 63.03
1204404104800276 63.03
1204404104860128 63.05
1204404104890856 63.05
1204404104930962 63.03
1204404104990818 63.03
1204404105050670 63.05
1204404105110527 63.03
1204404105170380 63.05
1204404105230235 63.05
1204404105290088 63.05
1204404105350947 63.03
1204404105410801 63.03
1204404105470655 63.05
1204404105530510 63.05
1204404105590364 63.05
1204404105650221 63.03
1204404105710076 63.03
1204404105770930 63.05
1204404105830784 63.05
1204404105890640 63.05
1204404105950496 63.03
1204404106010350 63.03
1204404106070203 63.05
1204404106130058 63.05
1204404106190917 63.03
1204404106250771 63.03
1204404106310624 63.05
1204404106370478 63.05
1204404106430334 63.05
1204404106490188 63.05
1204404106550043 63.05
1204404106610922 63.05
1204404106670756 63.03
1204404106730609 63.05
1204404106790462 63.05
1204404106850317 63.05
1204404106910172 63.05
1204404106970027 63.05
1204404107030883 63.05
1204404107090738 63.07
1204404107150595 63.03
1204404107210448 63.05
1204404107270301 63.05
1204404107330159 63.03
1204404107390013 63.05
1204404107450867 63.05
1204404107510723 63.05
1204404107570578 63.05
1204404107630432 63.05
1204404107690287 63.05
1204404107750141 63.05
1204404107810997 63.05
1204404107870852 63.05
1204404107890919 63.07
1204404107940684 63.07
1204404108000538 63.05
1204404108060392 63.05
1204404108120247 63.05
1204404108180102 63.05
1204404108240958 63.05
1204404108300816 63.03
1204404108360667 63.05
1204404108420523 63.05
1204404108480378 63.05
1204404108540233 63.05
1204404108600088 63.05
1204404108660943 63.05
1204404108720797 63.05
1204404108780653 63.05
1204404108840507 63.05
1204404108900361 63.05
1204404108960216 63.05
1204404109020072 63.05
1204404109080927 63.05
1204404109140781 63.05
1204404109200637 63.05
1204404109260491 63.05
1204404109320347 63.05
1204404109380202 63.05
1204404109440057 63.05
1204404109500913 63.05
1204404109560766 63.05
1204404109620621 63.07
1204404109680476 63.05
1204404109740331 63.05
1204404109800186 63.05
1204404109860040 63.05
1204404109920896 63.05
1204404109980750 63.05
1204404200040875 63.05
1204404200100717 63.05
1204404200160571 63.07
1204404200220426 63.05
1204404200280281 63.05
1204404200340136 63.05
1204404200400991 63.05
1204404200460847 63.05
1204404200520700 63.05
1204404200580555 63.05
1204404200640411 63.05
1204404200700266 63.05
1204404200760120 63.07
1204404200820976 63.05
1204404200880830 63.05
1204404200900901 63.05
1204404200950662 63.05
1204404201010517 63.05
1204404201070493 63.05
1204404201130227 63.05
1204404201190082 63.05
1204404201250936 63.05
1204404201310791 63.05
1204404201370646 63.05
1204404201430501 63.05
1204404201490355 63.05
1204404201550211 63.07
1204404201610091 63.05
1204404201670963 63.05
1204404201730775 63.05
1204404201790631 63.05
1204404201850486 63.05
1204404201910340 63.05
1204404201970195 63.07
1204404202030050 63.05
1204404202090907 63.05
1204404202150761 63.05
1204404202210619 63.03
1204404202270484 63.05
1204404202330326 63.05
1204404202390181 63.05
1204404202450034 63.05
1204404202510890 63.05
1204404202570745 63.05
1204404202630600 63.05
1204404202690455 63.05
1204404202750310 63.05
1204404202810165 63.05
1204404202870020 63.05
1204404202930874 63.05
1204404202990730 63.05
1204404203050584 63.05
1204404203110439 63.05
1204404203170294 63.05
1204404203230149 63.05
1204404203290004 63.05
1204404203350859 63.05
1204404203410714 63.05
1204404203470569 63.05
1204404203530423 63.05
1204404203590278 63.05
1204404203650133 63.05
1204404203710991 63.05
1204404203770845 63.05
1204404203830699 63.05
1204404203890553 63.05
1204404203910627 63.03
1204404203960383 63.05
1204404204020239 63.05
1204404204080095 63.05
1204404204140950 63.05
1204404204200805 63.05
1204404204260659 63.05
1204404204320514 63.05
1204404204380368 63.05
1204404204440224 63.05
1204404204500079 63.05
1204404204560935 63.05
1204404204620789 63.05
1204404204680644 63.05
1204404204740498 63.05
1204404204800354 63.05
1204404204860208 63.05
1204404204920064 63.05
1204404204980919 63.05
1204404205040865 63.05
1204404205100630 63.03
1204404205160483 63.05
1204404205220339 63.05
1204404205280193 63.05
1204404205340047 63.05
1204404205400905 63.05
1204404205460758 63.05
1204404205520613 63.05
1204404205580469 63.05
1204404205640323 63.05
1204404205700179 63.05
1204404205760033 63.05
1204404205820889 63.05
1204404205880743 63.05
1204404205940599 63.05
1204404206000452 63.05
1204404206060307 63.05
1204404206120162 63.05
1204404206180017 63.05
1204404206240873 63.05
1204404206300729 63.05
1204404206360583 63.05
1204404206420437 63.05
1204404206480292 63.05
1204404206540147 63.05
1204404206600002 63.05
1204404206660858 63.05
1204404206720713 63.05
1204404206780569 63.05
1204404206840423 63.05
1204404206900277 63.05
1204404206920348 63.05
1204404206970107 63.05
1204404207030963 63.05
1204404207090819 63.05
1204404207150673 63.07
1204404207210528 63.05
1204404207270384 63.05
1204404207330238 63.05
1204404207390092 63.05
1204404207450948 63.05
1204404207510802 63.05
1204404207570657 63.05
1204404207630512 63.05
1204404207690368 63.05
1204404207750222 63.05
1204404207810078 63.05
1204404207870931 63.05
1204404207930788 63.05
1204404207990642 63.05
1204404208050498 63.05
1204404208110352 63.05
1204404208170207 63.05
1204404208230061 63.05
1204404208290918 63.05
1204404208350771 63.05
1204404208410626 63.05
1204404208470480 63.05
1204404208530337 63.05
1204404208590191 63.05
1204404208650045 63.05
1204404208710903 63.05
1204404208770755 63.05
1204404208830611 63.05
1204404208890467 63.05
1204404208950321 63.05
1204404209010177 63.03
1204404209070031 63.05
1204404209130887 63.05
1204404209190740 63.05
1204404209250595 63.05
1204404209310451 63.05
1204404209370305 63.05
1204404209430160 63.05
1204404209490015 63.05
1204404209550870 63.05
1204404209610756 63.05
1204404209670580 63.05
1204404209730436 63.05
1204404209790289 63.05
1204404209850146 63.05
1204404209910000 63.05
1204404209930071 63.07
1204404209980831 63.05
1204404300040956 63.05
1204404300100798 63.03
1204404300160651 63.05
1204404300220505 63.05
1204404300280360 63.05
1204404300340216 63.05
1204404300400070 63.05
1204404300460926 63.05
1204404300520780 63.05
1204404300580636 63.05
1204404300640491 63.05
1204404300700346 63.05
1204404300760200 63.05
1204404300820055 63.05
1204404300880912 63.05
1204404300940766 63.05
1204404301000621 63.07
1204404301060489 63.05
1204404301120331 63.05
1204404301180186 63.05
1204404301240040 63.05
1204404301300896 63.05
1204404301360751 63.05
1204404301420604 63.05
1204404301480460 63.05
1204404301540314 63.05
1204404301600170 63.05
1204404301660024 63.05
1204404301720880 63.05
1204404301780734 63.05
1204404301840591 63.05
1204404301900445 63.05
1204404301960299 63.05
1204404302020154 63.05
1204404302080009 63.05
1204404302140864 63.05
1204404302200720 63.05
1204404302260574 63.05
1204404302320429 63.05
1204404302380284 63.05
1204404302440138 63.05
1204404302500995 63.05
1204404302560850 63.05
1204404302620705 63.05
1204404302680559 63.05
1204404302740414 63.05
1204404302800269 63.05
1204404302860124 63.05
1204404302920979 63.05
1204404302950870 63.03
1204404302990811 63.05
1204404303050664 63.05
1204404303110519 63.05
1204404303170374 63.05
1204404303230229 63.05
1204404303290084 63.05
1204404303350939 63.05
1204404303410795 63.05
1204404303470650 63.05
1204404303530505 63.05
1204404303590358 63.05
1204404303650213 63.05
1204404303710069 63.05
1204404303770925 63.05
1204404303830782 63.03
1204404303890635 63.05
1204404303950489 63.05
1204404304010342 63.05
1204404304070198 63.05
1204404304130054 63.05
1204404304190908 63.05
1204404304250764 63.05
1204404304310619 63.05
1204404304370474 63.05
1204404304430330 63.05
1204404304490182 63.05
1204404304550038 63.05
1204404304610921 63.05
1204404304670749 63.05
1204404304730602 63.05
1204404304790457 63.05
1204404304850313 63.05
1204404304910168 63.05
1204404304970022 63.05
1204404305030878 63.05
1204404305090733 63.05
1204404305150588 63.05
1204404305210443 63.05
1204404305270297 63.05
1204404305330152 63.05
1204404305390006 63.05
1204404305450030 63.05
1204404305510718 63.05
1204404305570573 63.05
1204404305630428 63.05
1204404305690281 63.05
1204404305750136 63.05
1204404305810992 63.05
1204404305870848 63.05
1204404305930702 63.05
1204404305950769 63.05
1204404306000533 63.05
1204404306060389 63.05
1204404306120244 63.05
1204404306180096 63.07
1204404306240952 63.05
1204404306300808 63.05
1204404306360663 63.05
1204404306420517 63.05
1204404306480373 63.05
1204404306540228 63.05
1204404306600083 63.05
1204404306660939 63.03
1204404306720792 63.05
1204404306780647 63.05
1204404306840503 63.05
1204404306900356 63.05
1204404306960212 63.05
1204404307020068 63.05
1204404307080921 63.05
1204404307140777 63.05
1204404307200634 63.03
1204404307260487 63.05
1204404307320342 63.05
1204404307380197 63.05
1204404307440050 63.05
1204404307500907 63.05
1204404307560762 63.05
1204404307620617 63.05
1204404307680471 63.05
1204404307740326 63.05
1204404307800181 63.05
1204404307860037 63.05
1204404307920891 63.05
1204404307980746 63.05
1204404308040614 63.05
1204404308100456 63.05
1204404308160311 63.05
1204404308220165 63.05
1204404308280021 63.05
1204404308340875 63.05
1204404308400730 63.05
1204404308460586 63.05