1204301004690075 62.72
1204301004750929 62.75
1204301004810784 62.75
1204301004870637 62.75
1204301004930493 62.75
1204301004990348 62.75
1204301005050203 62.75
1204301005110058 62.75
1204301005170913 62.77
1204301005230768 62.77
1204301005290623 62.77
1204301005350478 62.77
1204301005410333 62.77
1204301005470186 62.77
1204301005530041 62.77
1204301005590898 62.77
1204301005650753 62.77
1204301005710608 62.77
1204301005770461 62.77
1204301005790390 62.77
1204301005840293 62.77
1204301005900149 62.77
1204301005960000 62.79
1204301006020858 62.77
1204301006080711 62.79
1204301006140568 62.77
1204301006200424 62.77
1204301006260501 62.79
1204301006320225 62.79
1204301006380988 62.77
1204301006440843 62.77
1204301006500697 62.79
1204301006560550 62.79
1204301006620405 62.79
1204301006680261 62.79
1204301006740116 62.79
1204301006800972 62.79
1204301006860825 62.79
1204301006920680 62.79
1204301006980535 62.79
1204301007040391 62.79
1204301007100244 62.79
1204301007160099 62.79
1204301007220956 62.79
1204301007280811 62.79
1204301007340666 62.79
1204301007400520 62.81
1204301007460374 62.81
1204301007520230 62.79
1204301007580084 62.79
1204301007640939 62.81
1204301007700795 62.81
1204301007760649 62.81
1204301007820613 62.81
1204301007880359 62.81
1204301007940214 62.81
1204301008000069 62.81
1204301008060924 62.81
1204301008120779 62.81
1204301008180634 62.81
1204301008240490 62.81
1204301008300343 62.81
1204301008360200 62.83
1204301008420053 62.81
1204301008480911 62.83
1204301008540763 62.81
1204301008600619 62.81
1204301008660476 62.83
1204301008720330 62.81
1204301008780183 62.81
1204301008800111 62.81
1204301008850014 62.81
1204301008910870 62.81
1204301008970723 62.81
1204301009030579 62.81
1204301009090434 62.81
1204301009150289 62.81
1204301009210143 62.81
1204301009270999 62.81
1204301009330856 62.83
1204301009390709 62.81
1204301009450566 62.83
1204301009510419 62.81
1204301009570275 62.83
1204301009630128 62.81
1204301009690984 62.81
1204301009750842 62.83
1204301009810695 62.83
1204301009870548 62.81
1204301009930403 62.81
1204301009990260 62.83
1204301100050372 62.83
1204301100110223 62.81
1204301100170080 62.83
1204301100230937 62.83
1204301100290790 62.81
1204301100350647 62.83
1204301100410502 62.83
1204301100470355 62.83
1204301100530210 62.83
1204301100590066 62.83
1204301100650922 62.83
1204301100710777 62.83
1204301100770631 62.83
1204301100830485 62.83
1204301100890341 62.83
1204301100950196 62.83
1204301101010049 62.83
1204301101070906 62.83
1204301101130761 62.83
1204301101190616 62.83
1204301101250471 62.83
1204301101310326 62.83
1204301101370179 62.83
1204301101430034 62.83
1204301101490891 62.83
1204301101550746 62.83
1204301101610601 62.83
1204301101670456 62.83
1204301101730309 62.83
1204301101790165 62.83
1204301101810091 62.83
1204301101860995 62.83
1204301101920850 62.83
1204301101980704 62.85
1204301102040561 62.83
1204301102100414 62.85
1204301102160271 62.83
1204301102220124 62.83
1204301102280979 62.85
1204301102340836 62.83
1204301102400691 62.83
1204301102460546 62.83
1204301102520399 62.83
1204301102580253 62.85
1204301102640108 62.85
1204301102700964 62.85
1204301102760819 62.83
1204301102820786 62.85
1204301102880528 62.85
1204301102940383 62.85
1204301103000238 62.83
1204301103060092 62.85
1204301103120948 62.85
1204301103180803 62.85
1204301103240660 62.83
1204301103300512 62.85
1204301103360367 62.85
1204301103420224 62.83
1204301103480077 62.85
1204301103540934 62.85
1204301103600787 62.85
1204301103660642 62.85
1204301103720497 62.85
1204301103780352 62.85
1204301103840208 62.85
1204301103900061 62.85
1204301103960917 62.85
1204301104020772 62.85
1204301104080627 62.85
1204301104140482 62.85
1204301104200336 62.85
1204301104260192 62.85
1204301104320171 62.86
1204301104380902 62.85
1204301104440757 62.85
1204301104500613 62.85
1204301104560466 62.85
1204301104620323 62.86
1204301104680177 62.85
1204301104740032 62.85
1204301104800888 62.86
1204301104820159 62.85
1204301104870719 62.86
1204301104930573 62.85
1204301104990430 62.86
1204301105050283 62.86
1204301105110138 62.86
1204301105170996 62.88
1204301105230849 62.86
1204301105290705 62.88
1204301105350560 62.88
1204301105410416 62.88
1204301105470270 62.88
1204301105530125 62.88
1204301105590980 62.9
1204301105650833 62.9
1204301105710688 62.9
1204301105770543 62.9
1204301105830399 62.9
1204301105890252 62.9
1204301105950108 62.92
1204301106010963 62.9
1204301106070819 62.9
1204301106130674 62.92
1204301106190527 62.92
1204301106250382 62.92
1204301106310237 62.92
1204301106370093 62.92
1204301106430949 62.92
1204301106490802 62.94
1204301106550655 62.94
1204301106610512 62.92
1204301106670366 62.94
1204301106730221 62.94
1204301106790074 62.94
1204301106850931 62.94
1204301106910786 62.94
1204301106970641 62.94
1204301107030496 62.94
1204301107090349 62.94
1204301107150204 62.94
1204301107210059 62.94
1204301107270916 62.94
1204301107330773 62.96
1204301107390625 62.94
1204301107450481 62.96
1204301107510336 62.96
1204301107570192 62.96
1204301107630047 62.96
1204301107690903 62.96
1204301107750758 62.96
1204301107810609 62.98
1204301107830541 62.96
1204301107880441 62.98
1204301107940296 62.96
1204301108000149 62.98
1204301108060004 62.98
1204301108120860 62.98
1204301108180716 62.98
1204301108240571 62.98
1204301108300424 62.98
1204301108360279 62.98
1204301108420135 62.98
1204301108480991 62.98
1204301108540844 62.98
1204301108600701 62.99
1204301108660555 62.98
1204301108720412 62.99
1204301108780265 62.98
1204301108840118 62.98
1204301108900975 62.98
1204301108960832 62.99
1204301109020687 62.99
1204301109080540 62.98
1204301109140395 62.99
1204301109200251 62.99
1204301109260104 62.98
1204301109320047 62.99
1204301109380817 62.99
1204301109440672 62.99
1204301109500526 62.99
1204301109560381 62.99
1204301109620234 63.01
1204301109680091 62.99
1204301109740945 62.99
1204301109800800 62.99
1204301109860656 62.99
1204301109920509 63.01
1204301109980367 62.99
1204301200040475 62.99
1204301200100328 63.01
1204301200160185 62.99
1204301200220038 63.01
1204301200280895 63.01
1204301200340750 63.01
1204301200400605 62.99
1204301200460458 63.01
1204301200520313 63.01
1204301200580169 63.01
1204301200640022 63.01
1204301200700878 63.01
1204301200760733 63.01
1204301200820673 63.01
1204301200840521 63.01
1204301200890421 63.03
1204301200950274 63.01
1204301201010131 63.03
1204301201070985 63.03
1204301201130839 63.01
1204301201190696 63.03
1204301201250551 63.03
1204301201310406 63.03
1204301201370260 63.03
1204301201430115 63.03
1204301201490972 63.03
1204301201550826 63.03
1204301201610681 63.03
1204301201670535 63.03
1204301201730390 63.03
1204301201790245 63.03
1204301201850100 63.03
1204301201910956 63.03
1204301201970810 63.03
1204301202030665 63.03
1204301202090520 63.03
1204301202150373 63.05
1204301202210229 63.03
1204301202270084 63.03
1204301202330938 63.05
1204301202390794 63.05
1204301202450649 63.03
1204301202510504 63.03
1204301202570359 63.03
1204301202630212 63.05
1204301202690070 63.03
1204301202750924 63.05
1204301202810777 63.05
1204301202870632 63.05
1204301202930487 63.05
1204301202990343 63.03
1204301203050196 63.05
1204301203110053 63.03
1204301203170909 63.03
1204301203230762 63.05
1204301203290617 63.05
1204301203350474 63.03
1204301203410326 63.05
1204301203470181 63.05
1204301203530038 63.03
1204301203590893 63.05
1204301203650750 63.03
1204301203710603 63.03
1204301203770456 63.05
1204301203830311 63.05
1204301203850238 63.05
1204301203900141 63.05
1204301203960997 63.05
1204301204020854 63.03
1204301204080707 63.05
1204301204140562 63.05
1204301204200417 63.05
1204301204260274 63.03
1204301204320214 63.05
1204301204380982 63.05
1204301204440837 63.05
1204301204500693 63.05
1204301204560546 63.05
1204301204620401 63.05
1204301204680256 63.05
1204301204740111 63.05
1204301204800967 63.05
1204301204860821 63.05
1204301204920676 63.05
1204301204980531 63.05
1204301205040387 63.05
1204301205100242 63.03
1204301205160095 63.05
1204301205220951 63.05
1204301205280806 63.05
1204301205340661 63.05
1204301205400516 63.05
1204301205460371 63.05
1204301205520225 63.05
1204301205580080 63.05
1204301205640936 63.05
1204301205700791 63.05
1204301205760645 63.05
1204301205820592 63.05
1204301205880357 63.03
1204301205940211 63.05
1204301206000066 63.05
1204301206060922 63.05
1204301206120775 63.05
1204301206180630 63.05
1204301206240485 63.05
1204301206300339 63.05
1204301206360194 63.05
1204301206420051 63.03
1204301206480905 63.05
1204301206540761 63.05
1204301206600616 63.03
1204301206660469 63.05
1204301206720324 63.05
1204301206780179 63.05
1204301206840035 63.05
1204301206870099 63.03
1204301206910865 63.05
1204301206970721 63.05
1204301207030578 63.03
1204301207090431 63.05
1204301207150285 63.05
1204301207210140 63.05
1204301207270996 63.05
1204301207330851 63.05
1204301207390706 63.05
1204301207450559 63.05
1204301207510414 63.05
1204301207570270 63.05
1204301207630125 63.05
1204301207690979 63.05
1204301207750834 63.05
1204301207810690 63.05
1204301207870545 63.05
1204301207930400 63.05
1204301207990253 63.05
1204301208050108 63.05
1204301208110965 63.05
1204301208170820 63.05
1204301208230675 63.05
1204301208290530 63.05
1204301208350383 63.05
1204301208410238 63.05
1204301208470093 63.05
1204301208530949 63.05
1204301208590805 63.05
1204301208650660 63.05
1204301208710513 63.05
1204301208770368 63.05
1204301208830223 63.05
1204301208890079 63.05
1204301208950933 63.05
1204301209010788 63.05
1204301209070645 63.03
1204301209130499 63.05
1204301209190353 63.05
1204301209250208 63.05
1204301209310063 63.05
1204301209370918 63.05
1204301209430773 63.05
1204301209490628 63.05
1204301209550483 63.05
1204301209610339 63.05
1204301209670193 63.05
1204301209730049 63.05
1204301209790903 63.05
1204301209850758 63.05
1204301209870687 63.03
1204301209920588 63.05
1204301209980443 63.05
1204301300040554 63.05
1204301300100409 63.05
1204301300160265 63.05
1204301300220119 63.05
1204301300280974 63.05
1204301300340829 63.05
1204301300400684 63.05
1204301300460539 63.05
1204301300520392 63.05
1204301300580248 63.05
1204301300640103 63.05
1204301300700960 63.05
1204301300760814 63.05
1204301300820786 63.05
1204301300880523 63.05
1204301300940378 63.05
1204301301000233 63.05
1204301301060088 63.05
1204301301120942 63.05
1204301301180798 63.05
1204301301240653 63.05
1204301301300508 63.05
1204301301360363 63.05
1204301301420216 63.05
1204301301480072 63.05
1204301301540927 63.05
1204301301600783 63.05
1204301301660638 63.05
1204301301720493 63.05
1204301301780346 63.05
1204301301840201 63.05
1204301301900057 63.05
1204301301960913 63.05
1204301302020768 63.05
1204301302080622 63.05
1204301302140477 63.05
1204301302200332 63.05
1204301302260187 63.05
1204301302320165 63.05
1204301302380899 63.03
1204301302440752 63.05
1204301302500607 63.05
1204301302560460 63.05
1204301302620316 63.05
1204301302680172 63.05
1204301302740027 63.05
1204301302800882 63.05
1204301302860736 63.05
1204301302880662 63.05
1204301302930567 63.05
1204301302990423 63.05
1204301303050276 63.05
1204301303110131 63.05
1204301303170987 63.05
1204301303230843 63.05
1204301303290697 63.05
1204301303350551 63.05
1204301303410406 63.05
1204301303470261 63.05
1204301303530118 63.03
1204301303590972 63.05
1204301303650828 63.05
1204301303710681 63.05
1204301303770536 63.05
1204301303830391 63.05
1204301303890245 63.05
1204301303950100 63.05
1204301304010956 63.05
1204301304070811 63.05
1204301304130666 63.05
1204301304190522 63.05
1204301304250390 63.03
1204301304310230 63.05
1204301304370085 63.05
1204301304430941 63.05
1204301304490797 63.05
1204301304550652 63.05
1204301304610505 63.05
1204301304670360 63.05
1204301304730216 63.05
1204301304790071 63.05
1204301304850939 63.07
1204301304910780 63.05
1204301304970636 63.05
1204301305030491 63.05
1204301305090344 63.05
1204301305150199 63.05
1204301305210055 63.05
1204301305270911 63.05
1204301305330766 63.05
1204301305390621 63.05
1204301305450474 63.05
1204301305510329 63.05
1204301305570184 63.05
1204301305630039 63.05
1204301305690896 63.05
1204301305750751 63.05
1204301305810604 63.05
1204301305870459 63.05
1204301305890388 63.05
1204301305940292 63.05
1204301306000145 63.05
1204301306070000 63.05
1204301306120856 63.05
1204301306180711 63.05
1204301306240566 63.05
1204301306300420 63.05
1204301306360275 63.05
1204301306420130 63.05
1204301306480986 63.05
1204301306540839 63.05
1204301306600695 63.05
1204301306660550 63.05
1204301306720405 63.05
1204301306780259 63.05
1204301306840113 63.05
1204301306900970 63.05
1204301306960824 63.05
1204301307020679 63.05
1204301307080535 63.05
1204301307140390 63.05
1204301307200243 63.05
1204301307260099 63.05
1204301307320086 63.05
1204301307380810 63.05
1204301307440665 63.05
1204301307500520 63.05
1204301307560373 63.05
1204301307620229 63.05
1204301307680084 63.05
1204301307740938 63.05
1204301307800794 63.05
1204301307860649 63.05
1204301307920504 63.05
1204301307980359 63.05
1204301308040214 63.05
1204301308100068 63.05
1204301308160924 63.05
1204301308220779 63.05
1204301308280635 63.05
1204301308340489 63.05
1204301308400343 63.05
1204301308460200 63.03
1204301308520053 63.05
1204301308580908 63.05
1204301308640763 63.05
1204301308700618 63.05
1204301308760473 63.05
1204301308820473 63.05
1204301308880182 63.05
1204301308900109 63.05
1204301308950014 63.05
1204301309010870 63.05
1204301309070723 63.05
1204301309130578 63.05
1204301309190433 63.05
1204301309250289 63.05
1204301309310142 63.05
1204301309370998 63.05
1204301309430853 63.05
1204301309490708 63.05
1204301309550563 63.05
1204301309610419 63.05
1204301309670272 63.05
1204301309730127 63.05
1204301309790983 63.05
1204301309850839 63.05
1204301309910694 63.05
1204301309970547 63.05
1204301400030658 63.05
1204301400090513 63.05
1204301400150368 63.05
1204301400210223 63.05
1204301400270077 63.05
1204301400330933 63.05
1204301400390788 63.05
1204301400450643 63.05
1204301400510497 63.05
1204301400570352 63.05
1204301400630207 63.05
1204301400690062 63.05
1204301400750918 63.05
1204301400810774 63.05
1204301400870627 63.05
1204301400930482 63.05
1204301400990337 63.05
1204301401050192 63.05
1204301401110047 63.05
1204301401170902 63.05
1204301401230757 63.05
1204301401290612 63.05
1204301401350467 63.05
1204301401410323 63.05
1204301401470177 63.05
1204301401530030 63.05
1204301401590887 63.05
1204301401650742 63.05
1204301401710597 63.05
1204301401770452 63.05
1204301401830305 63.05
1204301401890161 63.05
1204301401910087 63.05
1204301401960993 63.05
1204301402020847 63.05
1204301402080702 63.05
1204301402140557 63.05
1204301402200412 63.05
1204301402260267 63.05
1204301402320212 63.05
1204301402380977 63.05
1204301402440926 63.05
1204301402500687 63.05
1204301402560541 63.05
1204301402620396 63.05
1204301402680251 63.05
1204301402740106 63.05
1204301402800962 63.05
1204301402860816 63.05
1204301402920671 63.05
1204301402980526 63.05
1204301403040395 63.05
1204301403100236 63.05
1204301403160090 63.05
1204301403220948 63.05
1204301403280801 63.05
1204301403340656 63.05
1204301403400512 63.05
1204301403460368 63.03
1204301403520221 63.05
1204301403580075 63.05
1204301403640931 63.05
1204301403700786 63.05
1204301403760641 63.05
1204301403820590 63.05
1204301403880350 63.05
1204301403940205 63.05
1204301404000060 63.05
1204301404060917 63.05
1204301404120770 63.05
1204301404180625 63.05
1204301404240480 63.05
1204301404300336 63.05
1204301404360189 63.05
1204301404420045 63.05
1204301404480900 63.05
1204301404540756 63.05
1204301404600609 63.05
1204301404660464 63.05
1204301404720319 63.05
1204301404780174 63.05
1204301404840029 63.05
1204301404900886 63.05
1204301404920811 63.05
1204301404970715 63.05
1204301405030570 63.05
1204301405090426 63.05
1204301405150279 63.05
1204301405210134 63.05
1204301405270991 63.05
1204301405330846 63.05
1204301405390701 63.05
1204301405450555 63.05
1204301405510411 63.03
1204301405570265 63.05
1204301405630120 63.05
1204301405690976 63.05
1204301405750829 63.05
1204301405810684 63.05
1204301405870540 63.05
1204301405930395 63.05
1204301405990250 63.05
1204301406050105 63.05
1204301406110959 63.05
1204301406170814 63.05
1204301406230669 63.05
1204301406290525 63.05
1204301406350378 63.05
1204301406410233 63.05
1204301406470089 63.05
1204301406530945 63.05
1204301406590800 63.05
1204301406650653 63.05
1204301406710508 63.05
1204301406770366 63.03
1204301406830219 63.05
1204301406890072 63.05
1204301406950929 63.05
1204301407010784 63.05
1204301407070639 63.05
1204301407130494 63.05
1204301407190351 63.03
1204301407250204 63.05
1204301407310057 63.05
1204301407370914 63.05
1204301407430769 63.05
1204301407490624 63.05
1204301407550477 63.05
1204301407610332 63.05
1204301407670188 63.05
1204301407730043 63.05
1204301407790899 63.05
1204301407850752 63.05
1204301407910607 63.05
1204301407930536 63.03
1204301407980440 63.05
1204301408040292 63.05
1204301408100148 63.05
1204301408160003 63.05
1204301408220861 63.03
1204301408280714 63.05
1204301408340567 63.05
1204301408400423 63.05
1204301408460278 63.05
1204301408520133 63.05
1204301408580989 63.05
1204301408640844 63.05
1204301408700697 63.05
1204301408760554 63.03
1204301408820509 63.05
1204301408880263 63.05
1204301408940118 63.05
1204301409000973 63.05
1204301409060827 63.05
1204301409120683 63.05
1204301409180540 63.03
1204301409240393 63.05
1204301409300246 63.05
1204301409360101 63.05
1204301409420958 63.05
1204301409480813 63.05
1204301409540668 63.05
1204301409600521 63.05
1204301409660376 63.05
1204301409720232 63.05
1204301409780087 63.05
1204301409840941 63.05
1204301409900796 63.05
1204301409960651 63.05
1204301500020764 63.05
1204301500080619 63.05
1204301500140472 63.05
1204301500200329 63.03
1204301500260182 63.05
1204301500320149 63.05
1204301500380894 63.05
1204301500440747 63.05
1204301500500604 63.03
1204301500560457 63.05
1204301500620313 63.05
1204301500680168 63.05
1204301500740023 63.05
1204301500800877 63.05
1204301500860732 63.05
1204301500920590 63.03
1204301500940514 63.05
1204301500990417 63.05
1204301501050273 63.05
1204301501110128 63.05
1204301501170986 63.03
1204301501230839 63.05
1204301501290692 63.05
1204301501350547 63.05
1204301501410402 63.05
1204301501470258 63.05
1204301501530113 63.05
1204301501590969 63.05
1204301501650822 63.05
1204301501710677 63.05
1204301501770533 63.05
1204301501830388 63.05
1204301501890243 63.03
1204301501950096 63.05
1204301502010953 63.05
1204301502070808 63.05
1204301502130663 63.05
1204301502190516 63.05
1204301502250371 63.05
1204301502310227 63.05
1204301502370082 63.05
1204301502430938 63.05
1204301502490791 63.05
1204301502550647 63.05
1204301502610502 63.05
1204301502670357 63.05
1204301502730212 63.05
1204301502790067 63.05
1204301502850921 63.05
1204301502910776 63.05
1204301502970632 63.05
1204301503030487 63.05
1204301503090341 63.05
1204301503150195 63.05
1204301503210050 63.05
1204301503270907 63.05
1204301503330762 63.05
1204301503390617 63.05
1204301503450470 63.05
1204301503510325 63.05
1204301503570181 63.05
1204301503630036 63.05
1204301503690890 63.05
1204301503750745 63.05
1204301503810600 63.05
1204301503870456 63.05
1204301503930311 63.05
1204301503950237 63.05
1204301504000141 63.05
1204301504060997 63.05
1204301504120853 63.05
1204301504180705 63.05
1204301504240561 63.05
1204301504300416 63.05
1204301504360273 63.03
1204301504420124 63.05
1204301504480981 63.05
1204301504540836 63.05
1204301504600691 63.05
1204301504660546 63.05
1204301504720401 63.05
1204301504780255 63.05
1204301504840110 63.05
1204301504900966 63.05
1204301504960821 63.05
1204301505020676 63.05
1204301505080532 63.05
1204301505140385 63.05
1204301505200242 63.03
1204301505260095 63.05
1204301505320073 63.05
1204301505380805 63.05
1204301505440660 63.05
1204301505500515 63.05
1204301505560370 63.05
1204301505620226 63.05
1204301505680079 63.05
1204301505740935 63.05
1204301505800790 63.05
1204301505860645 63.05
1204301505920500 63.05
1204301505980354 63.05
1204301506040209 63.05
1204301506100064 63.05
1204301506160920 63.05
1204301506220775 63.05
1204301506280629 63.05
1204301506340484 63.05
1204301506400339 63.05
1204301506460194 63.05
1204301506520049 63.05
1204301506580904 63.05
1204301506640759 63.05
1204301506700614 63.05
1204301506760469 63.05
1204301506820455 63.05
1204301506880180 63.05
1204301506940033 63.05
1204301506970960 63.05
1204301507010865 63.05
1204301507070721 63.05
1204301507130574 63.05
1204301507190430 63.05
1204301507250284 63.05
1204301507310138 63.05
1204301507370994 63.05
1204301507430849 63.05
1204301507490704 63.05
1204301507550559 63.05
1204301507610414 63.05
1204301507670268 63.05
1204301507730123 63.05
1204301507790979 63.05
1204301507850834 63.05
1204301507910690 63.05
1204301507970543 63.05
1204301508030400 63.03
1204301508090253 63.05
1204301508150108 63.05
1204301508210965 63.05
1204301508270820 63.05
1204301508330673 63.05
1204301508390528 63.05
1204301508450383 63.05
1204301508510238 63.05
1204301508570092 63.05
1204301508630948 63.05
1204301508690804 63.05
1204301508750659 63.05
1204301508810513 63.05
1204301508870369 63.05
1204301508930222 63.05
1204301508990077 63.05
1204301509050935 63.03
1204301509110788 63.05
1204301509170643 63.05
1204301509230497 63.05
1204301509290352 63.05
1204301509350207 63.05
1204301509410064 63.03
1204301509470918 63.05
1204301509530774 63.05
1204301509590627 63.05
1204301509650482 63.05
1204301509710337 63.05
1204301509770192 63.05
1204301509830046 63.05
1204301509890902 63.05
1204301509950757 63.05
1204301509970684 63.05
1204301600020843 63.05
1204301600080698 63.05
1204301600140553 63.05
1204301600200408 63.05
1204301600260263 63.05
1204301600320259 63.05
1204301600380972 63.05
1204301600440827 63.05
1204301600500683 63.05
1204301600560538 63.05
1204301600620393 63.05
1204301600680246 63.05
1204301600740102 63.05
1204301600800958 63.05
1204301600860813 63.05
1204301600920668 63.05
1204301600980523 63.05
1204301601040376 63.05
1204301601100232 63.05
1204301601160087 63.05
1204301601220943 63.05
1204301601280797 63.05
1204301601340652 63.05
1204301601400507 63.05
1204301601460362 63.05
1204301601520217 63.05
1204301601580071 63.05
1204301601640927 63.05
1204301601700782 63.05
1204301601760637 63.05
1204301601820594 63.05
1204301601880346 63.05
1204301601940201 63.05
1204301602000056 63.05
1204301602060913 63.05
1204301602120766 63.05
1204301602180621 63.05
1204301602240477 63.05
1204301602300332 63.05
1204301602360186 63.05
1204301602420040 63.05
1204301602480896 63.05
1204301602540751 63.05
1204301602600606 63.05
1204301602660462 63.05
1204301602720315 63.05
1204301602780170 63.05
1204301602840025 63.05
1204301602900881 63.05
1204301602960736 63.05
1204301602980663 63.05
1204301603030566 63.05
1204301603090421 63.05
1204301603150276 63.05
1204301603210131 63.05
1204301603270988 63.05
1204301603330841 63.05
1204301603390696 63.05
1204301603450551 63.05
1204301603510405 63.05
1204301603570260 63.05
1204301603630115 63.05
1204301603690972 63.05
1204301603750827 63.05
1204301603810682 63.05
1204301603870535 63.05
1204301603930390 63.05
1204301603990246 63.05
1204301604050101 63.05
1204301604110955 63.05
1204301604170810 63.05
1204301604230665 63.05
1204301604290521 63.05
1204301604350375 63.05
1204301604410410 63.05
1204301604470084 63.05
1204301604530940 63.05
1204301604590795 63.05
1204301604650650 63.05
1204301604710505 63.05
1204301604770359 63.05
1204301604830214 63.05
1204301604890069 63.05
1204301604950925 63.05
1204301605010896 63.05
1204301605070634 63.05
1204301605130489 63.05
1204301605190344 63.05
1204301605250200 63.05
1204301605310053 63.05
1204301605370909 63.05
1204301605430764 63.05
1204301605490620 63.05
1204301605550475 63.05
1204301605610377 63.05
1204301605670183 63.05
1204301605730038 63.05
1204301605790895 63.05
1204301605850752 63.03
1204301605910603 63.05
1204301605970458 63.05
1204301605990387 63.05
1204301606040290 63.05
1204301606100143 63.05
1204301606160999 63.05
1204301606220854 63.05
1204301606280710 63.05
1204301606340565 63.05
1204301606400420 63.05
1204301606460275 63.05
1204301606520128 63.05
1204301606580984 63.05
1204301606640839 63.05
1204301606700695 63.05
1204301606760548 63.05
1204301606820505 63.05
1204301606880259 63.05
1204301606940114 63.05
1204301607000970 63.05
1204301607060825 63.05
1204301607120678 63.05
1204301607180533 63.05
1204301607240388 63.05
1204301607300244 63.05
1204301607360101 63.03
1204301607420953 63.05
1204301607480808 63.05
1204301607540664 63.05
1204301607600519 63.05
1204301607660372 63.05
1204301607720227 63.05
1204301607780083 63.05
1204301607840939 63.05
1204301607900794 63.05
1204301607960649 63.05
1204301608020503 63.05
1204301608080357 63.05
1204301608140212 63.05
1204301608200068 63.05
1204301608260924 63.05
1204301608320892 63.05
1204301608380632 63.05
1204301608440488 63.05
1204301608500342 63.05
1204301608560197 63.05
1204301608620053 63.05
1204301608680907 63.05
1204301608740762 63.05
1204301608800617 63.05
1204301608860473 63.05
1204301608920326 63.05
1204301608980181 63.05
1204301609000110 63.05
1204301609050013 63.05
1204301609110867 63.05
1204301609170723 63.05
1204301609230578 63.05
1204301609290433 63.05
1204301609350288 63.05
1204301609410141 63.05
1204301609470998 63.05
1204301609530853 63.05
1204301609590710 63.03
1204301609650563 63.05
1204301609710416 63.05
1204301609770272 63.05
1204301609830127 63.05
1204301609890983 63.05
1204301609950838 63.05
1204301700010947 63.05
1204301700070802 63.05
1204301700130657 63.05
1204301700190512 63.05
1204301700250367 63.05
1204301700310222 63.05
1204301700370076 63.05
1204301700430932 63.05
1204301700490787 63.05
1204301700550642 63.05
1204301700610496 63.05
1204301700670351 63.05
1204301700730206 63.05
1204301700790061 63.05
1204301700850917 63.05
1204301700910773 63.05
1204301700970625 63.05
1204301701030481 63.05
1204301701090336 63.05
1204301701150191 63.05
1204301701210046 63.05
1204301701270903 63.03
1204301701330756 63.05
1204301701390611 63.05
1204301701450467 63.05
1204301701510321 63.05
1204301701570175 63.05
1204301701630030 63.05
1204301701690886 63.05
1204301701750741 63.05
1204301701810596 63.05
1204301701870450 63.05
1204301701930305 63.05
1204301701990160 63.05
1204301702010089 63.05
1204301702060992 63.05
1204301702120848 63.05
1204301702180701 63.05
1204301702240556 63.05
1204301702300411 63.05
1204301702360266 63.05
1204301702420121 63.05
1204301702480976 63.05
1204301702540831 63.05
1204301702600833 63.05
1204301702660541 63.05
1204301702720396 63.05
1204301702780250 63.05
1204301702840105 63.05
1204301702900963 63.03
1204301702960817 63.05
1204301703020670 63.05
1204301703080525 63.05
1204301703140380 63.05
1204301703200267 63.05
1204301703260091 63.05
1204301703320071 63.05
1204301703380800 63.05
1204301703440655 63.05
1204301703500511 63.05
1204301703560365 63.05
1204301703620219 63.05
1204301703680074 63.05
1204301703740930 63.05
1204301703800799 63.05
1204301703860640 63.05
1204301703920494 63.05
1204301703980349 63.05
1204301704040204 63.05
1204301704100059 63.05
1204301704160915 63.05
1204301704220770 63.05
1204301704280624 63.05
1204301704340479 63.05
1204301704400334 63.05
1204301704460190 63.05
1204301704520045 63.05
1204301704580899 63.05
1204301704640754 63.05
1204301704700609 63.05
1204301704760465 63.05
1204301704820453 63.05
1204301704880173 63.05
1204301704940028 63.05
1204301705000885 63.05
1204301705020811 63.05
1204301705070715 63.05
1204301705130570 63.05
1204301705190425 63.05
1204301705250278 63.05
1204301705310134 63.05
1204301705370990 63.05
1204301705430845 63.05
1204301705490700 63.05
1204301705550555 63.05
1204301705610408 63.05
1204301705670264 63.05
1204301705730119 63.05
1204301705790975 63.05
1204301705850828 63.05
1204301705910683 63.05
1204301705970539 63.05
1204301706030394 63.05
1204301706090249 63.05
1204301706150104 63.05
1204301706210958 63.05
1204301706270813 63.05
1204301706330668 63.05
1204301706390526 63.03
1204301706450379 63.05
1204301706510234 63.05
1204301706570087 63.05
1204301706630944 63.05
1204301706690799 63.05
1204301706750654 63.05
1204301706810507 63.05
1204301706870363 63.05
1204301706930218 63.05
1204301706990073 63.05
1204301707050931 63.03
1204301707110783 63.05
1204301707170638 63.05
1204301707230493 63.05
1204301707290346 63.05
1204301707350202 63.05
1204301707410057 63.05
1204301707470913 63.05
1204301707530768 63.05
1204301707590625 63.03
1204301707650477 63.05
1204301707710331 63.05
1204301707770187 63.05
1204301707830042 63.05
1204301707890898 63.05
1204301707950753 63.05
1204301708010606 63.05
1204301708030535 63.05
1204301708080438 63.05
1204301708140293 63.05
1204301708200146 63.05
1204301708260001 63.05
1204301708320993 63.05
1204301708380713 63.05
1204301708440568 63.05
1204301708500422 63.05
1204301708560277 63.05
1204301708620133 63.05
1204301708680987 63.05
1204301708740842 63.05
1204301708800697 63.05
1204301708860552 63.05
1204301708920407 63.05
1204301708980261 63.05
1204301709040116 63.05
1204301709100972 63.05
1204301709160827 63.05
1204301709220682 63.05
1204301709280536 63.05
1204301709340391 63.05
1204301709400246 63.05
1204301709460101 63.05
1204301709520957 63.05
1204301709580812 63.05
1204301709640666 63.05
1204301709700521 63.05
1204301709760376 63.05
1204301709820374 63.05
1204301709880085 63.05
1204301709940941 63.05
1204301800000052 63.05
1204301800060908 63.05
1204301800120763 63.05
1204301800180617 63.05
1204301800240471 63.05
1204301800300327 63.05
1204301800360182 63.05
1204301800420037 63.05
1204301800480891 63.05
1204301800540746 63.05
1204301800600602 63.05
1204301800660457 63.05
1204301800720315 63.03
1204301800780166 63.05
1204301800840021 63.05
1204301800900877 63.05
1204301800960733 63.05
1204301801020586 63.05
1204301801040514 63.05
1204301801090418 63.05
1204301801150273 63.05
1204301801210126 63.05
1204301801270982 63.05
1204301801330837 63.05
1204301801390706 63.05
1204301801450547 63.05
1204301801510402 63.05
1204301801570256 63.05
1204301801630111 63.05
1204301801690967 63.05
1204301801750822 63.05
1204301801810677 63.05
1204301801870531 63.05
1204301801930386 63.05
1204301801990255 63.05
1204301802050096 63.05
1204301802110952 63.05
1204301802170806 63.05
1204301802230661 63.05
1204301802290516 63.05
1204301802350371 63.05
1204301802410226 63.05
1204301802470080 63.05
1204301802530936 63.05
1204301802590791 63.05
1204301802650646 63.05
1204301802710502 63.05
1204301802770355 63.05
1204301802830210 63.05
1204301802890065 63.05
1204301802950921 63.05
1204301803010776 63.05
1204301803070630 63.05
1204301803130485 63.05
1204301803190340 63.05
1204301803250197 63.03
1204301803310050 63.05
1204301803370906 63.05
1204301803430760 63.05
1204301803490615 63.05
1204301803550470 63.05
1204301803610325 63.05
1204301803670181 63.05
1204301803730034 63.05
1204301803790890 63.05
1204301803850745 63.05
1204301803910601 63.05
1204301803970456 63.05
1204301804030309 63.05
1204301804050239 63.05
1204301804100143 63.03
1204301804160997 63.05
1204301804220850 63.05
1204301804280706 63.05
1204301804340560 63.05
1204301804400416 63.05
1204301804460269 63.05
1204301804520124 63.05
1204301804580980 63.05
1204301804640836 63.05
1204301804700691 63.05
1204301804760545 63.05
1204301804820550 63.05
1204301804880255 63.05
1204301804940110 63.05
1204301805000964 63.05
1204301805060819 63.05
1204301805120674 63.05
1204301805180530 63.05
1204301805240385 63.05
1204301805300240 63.05
1204301805360093 63.05
1204301805420949 63.05
1204301805480804 63.05
1204301805540659 63.05
1204301805600515 63.05
1204301805660370 63.05
1204301805720223 63.05
1204301805780079 63.05
1204301805840935 63.05
1204301805900790 63.05
1204301805960657 63.05
1204301806020499 63.05
1204301806080354 63.05
1204301806140209 63.05
1204301806200064 63.05
1204301806260919 63.05
1204301806320883 63.05
1204301806380629 63.05
1204301806440484 63.05
1204301806500337 63.05
1204301806560192 63.05
1204301806620048 63.05
1204301806680904 63.05
1204301806740759 63.05
1204301806800613 63.05
1204301806860467 63.05
1204301806920323 63.05
1204301806980178 63.05
1204301807040033 63.05
1204301807070958 63.05
1204301807110863 63.05
1204301807170720 63.03
1204301807230573 63.05
1204301807290429 63.05
1204301807350284 63.05
1204301807410139 63.05
1204301807470993 63.05
1204301807530848 63.05
1204301807590704 63.05
1204301807650559 63.05
1204301807710414 63.05
1204301807770267 63.05
1204301807830125 63.03
1204301807890979 63.05
1204301807950834 63.05
1204301808010689 63.05
1204301808070542 63.05
1204301808130397 63.05
1204301808190253 63.05
1204301808250108 63.05
1204301808310964 63.05
1204301808370817 63.05
1204301808430672 63.07
1204301808490528 63.05
1204301808550383 63.05
1204301808610236 63.05
1204301808670091 63.05
1204301808730947 63.05
1204301808790803 63.05
1204301808850658 63.05
1204301808910513 63.05
1204301808970368 63.05
1204301809030221 63.05
1204301809090076 63.05
1204301809150932 63.05
1204301809210787 63.05
1204301809270643 63.05
1204301809330496 63.05
1204301809390351 63.05
1204301809450206 63.05
1204301809510061 63.05
1204301809570918 63.05
1204301809630773 63.05
1204301809690626 63.05
1204301809750481 63.05
1204301809810336 63.05
1204301809870192 63.05
1204301809930047 63.05
1204301809990901 63.05
1204301900050011 63.05
1204301900070937 63.05
1204301900120842 63.05
1204301900180697 63.05
1204301900240552 63.05
1204301900300408 63.05
1204301900360261 63.05
1204301900420117 63.05
1204301900480973 63.05
1204301900540828 63.05
1204301900600681 63.07
1204301900660537 63.05
1204301900720392 63.05
1204301900780247 63.05
1204301900840102 63.05
1204301900900956 63.05
1204301900960811 63.05
1204301901020666 63.05
1204301901080521 63.05
1204301901140376 63.05
1204301901200232 63.05
1204301901260087 63.05
1204301901320053 63.05
1204301901380797 63.05
1204301901440652 63.05
1204301901500505 63.05
1204301901560360 63.05
1204301901620215 63.05
1204301901680071 63.05
1204301901740927 63.05
1204301901800781 63.05
1204301901860636 63.05
1204301901920491 63.05
1204301901980346 63.05
1204301902040200 63.05
1204301902100055 63.05
1204301902160911 63.05
1204301902220768 63.03
1204301902280621 63.05
1204301902340475 63.05
1204301902400330 63.05
1204301902460185 63.05
1204301902520040 63.05
1204301902580895 63.05
1204301902640750 63.05
1204301902700605 63.05
1204301902760460 63.05
1204301902820438 63.07
1204301902880169 63.05
1204301902940026 63.03
1204301903000880 63.05
1204301903060735 63.05
1204301903080660 63.05
1204301903130565 63.05
1204301903190420 63.05
1204301903250275 63.05
1204301903310130 63.05
1204301903370985 63.05
1204301903430840 63.05
1204301903490695 63.05
1204301903550552 63.03
1204301903610405 63.05
1204301903670259 63.05
1204301903730114 63.05
1204301903790970 63.05
1204301903850825 63.05
1204301903910681 63.05
1204301903970534 63.05
1204301904030389 63.05
1204301904090245 63.05
1204301904150100 63.05
1204301904210956 63.05
1204301904270809 63.05
1204301904330664 63.05
1204301904390520 63.05
1204301904450375 63.05
1204301904510230 63.05
1204301904570083 63.05
1204301904630939 63.05
1204301904690794 63.05
1204301904750649 63.05
1204301904810504 63.05
1204301904870360 63.05
1204301904930213 63.05
1204301904990069 63.05
1204301905050924 63.05
1204301905110779 63.05
1204301905170635 63.05
1204301905230488 63.05
1204301905290343 63.05
1204301905350198 63.05
1204301905410054 63.05
1204301905470910 63.05
1204301905530763 63.05
1204301905590618 63.05
1204301905650473 63.05
1204301905710329 63.05
1204301905770319 63.05
1204301905830037 63.05
1204301905890894 63.05
1204301905950749 63.05
1204301906010603 63.05
1204301906070460 63.03
1204301906090382 63.05
1204301906140289 63.05
1204301906200144 63.05
1204301906260998 63.05
1204301906320994 63.05
1204301906380709 63.05
1204301906440564 63.05
1204301906500419 63.05
1204301906560274 63.05
1204301906620127 63.05
1204301906680983 63.05
1204301906740839 63.05
1204301906800694 63.05
1204301906860551 63.03
1204301906920402 63.05
1204301906980258 63.05
1204301907040113 63.05
1204301907100969 63.05
1204301907160822 63.05
1204301907220677 63.05
1204301907280533 63.05
1204301907340388 63.05
1204301907400241 63.05
1204301907460096 63.05
1204301907520953 63.05
1204301907580808 63.05
1204301907640663 63.05
1204301907700516 63.05
1204301907760372 63.05
1204301907820373 63.05
1204301907880082 63.05
1204301907940936 63.05
1204301908000792 63.05
1204301908060649 63.03
1204301908120502 63.05
1204301908180356 63.05
1204301908240211 63.05
1204301908300066 63.05
1204301908360922 63.05
1204301908420777 63.05
1204301908480632 63.05
1204301908540488 63.05
1204301908600341 63.05
1204301908660196 63.05
1204301908720051 63.05
1204301908780907 63.05
1204301908840761 63.05
1204301908900616 63.05
1204301908960475 63.05
1204301909020328 63.03
1204301909080181 63.05
1204301909100106 63.05
1204301909150011 63.05
1204301909210867 63.05
1204301909270722 63.05
1204301909330578 63.05
1204301909390431 63.05
1204301909450286 63.05
1204301909510141 63.05
1204301909570996 63.05
1204301909630853 63.05
1204301909690706 63.05
1204301909750561 63.05
1204301909810417 63.05
1204301909870272 63.05
1204301909930125 63.05
1204301909990982 63.05
1204302000050092 63.05
1204302000110948 63.05
1204302000170803 63.05
1204302000230655 63.05
1204302000290511 63.05
1204302000350366 63.05
1204302000410221 63.05
1204302000470076 63.05
1204302000530932 63.05
1204302000590786 63.05
1204302000650641 63.05
1204302000710496 63.05
1204302000770351 63.05
1204302000830206 63.05
1204302000890059 63.05
1204302000950916 63.05
1204302001010771 63.05
1204302001070626 63.05
1204302001130480 63.05
1204302001190335 63.05
1204302001250190 63.05
1204302001310045 63.05
1204302001370901 63.05
1204302001430754 63.05
1204302001490610 63.07
1204302001550465 63.05
1204302001610321 63.05
1204302001670176 63.05
1204302001730031 63.05
1204302001790885 63.05
1204302001850740 63.05
1204302001910595 63.05
1204302001970449 63.05
1204302002030304 63.05
1204302002090160 63.05
1204302002110086 63.05
1204302002160990 63.05
1204302002220845 63.05
1204302002280700 63.05
1204302002340555 63.05
1204302002400411 63.05
1204302002460266 63.05
1204302002520119 63.05
1204302002580976 63.05
1204302002640831 63.05
1204302002700684 63.05
1204302002760541 63.05
1204302002820547 63.05
1204302002880249 63.05
1204302002940104 63.05
1204302003000961 63.05
1204302003060816 63.05
1204302003120670 63.05
1204302003180524 63.05
1204302003240379 63.05
1204302003300235 63.05
1204302003360088 63.05
1204302003420944 63.05
1204302003480800 63.05
1204302003540655 63.05
1204302003600511 63.05
1204302003660363 63.05
1204302003720219 63.05
1204302003780074 63.05
1204302003840930 63.05
1204302003900785 63.05
1204302003960652 63.05
1204302004020493 63.05
1204302004080349 63.05
1204302004140204 63.05
1204302004200059 63.05
1204302004260915 63.05
1204302004320930 63.07
1204302004380623 63.05
1204302004440478 63.05
1204302004500333 63.05
1204302004560188 63.05
1204302004620044 63.05
1204302004680900 63.05
1204302004740753 63.05
1204302004800608 63.05
1204302004860463 63.05
1204302004920318 63.05
1204302004980172 63.05
1204302005040027 63.05
1204302005100883 63.05
1204302005120812 63.05
1204302005170715 63.05
1204302005230568 63.05
1204302005290423 63.05
1204302005350278 63.05
1204302005410134 63.05
1204302005470988 63.05
1204302005530843 63.05
1204302005590698 63.05
1204302005650554 63.05
1204302005710409 63.05
1204302005770264 63.05
1204302005830117 63.05
1204302005890973 63.05
1204302005950828 63.05
1204302006010683 63.05
1204302006070539 63.05
1204302006130392 63.05
1204302006190247 63.05
1204302006250102 63.05
1204302006310958 63.05
1204302006370814 63.05
1204302006430669 63.05
1204302006490522 63.05
1204302006550377 63.05
1204302006610232 63.05
1204302006670088 63.05
1204302006730942 63.05
1204302006790797 63.05
1204302006850652 63.05
1204302006910508 63.05
1204302006970361 63.05
1204302007030216 63.05
1204302007090071 63.05
1204302007150927 63.05
1204302007210783 63.05
1204302007270638 63.05
1204302007330493 63.05
1204302007390346 63.05
1204302007450201 63.05
1204302007510057 63.05
1204302007570913 63.05
1204302007630766 63.05
1204302007690622 63.05
1204302007750477 63.05
1204302007810332 63.05
1204302007870185 63.05
1204302007930040 63.05
1204302007990896 63.05
1204302008050751 63.05
1204302008110607 63.05
1204302008130535 63.05
1204302008180437 63.05
1204302008240292 63.05
1204302008300147 63.05
1204302008360000 63.05
1204302008420856 63.05
1204302008480711 63.05
1204302008540567 63.05
1204302008600422 63.05
1204302008660277 63.05
1204302008720132 63.05
1204302008780986 63.05
1204302008840842 63.05
1204302008900697 63.05
1204302008960564 63.05
1204302009020406 63.05
1204302009080261 63.05
1204302009140116 63.05
1204302009200972 63.05
1204302009260826 63.05
1204302009320804 63.05
1204302009380536 63.05
1204302009440392 63.05
1204302009500245 63.05
1204302009560100 63.05
1204302009620956 63.05
1204302009680811 63.05
1204302009740666 63.05
1204302009800522 63.05
1204302009860374 63.05
1204302009920229 63.05
1204302009980085 63.05
1204302100040196 63.05
1204302100100050 63.05
1204302100160907 63.05
1204302100220760 63.05
1204302100280616 63.05
1204302100340470 63.05
1204302100400326 63.05
1204302100460179 63.05
1204302100520034 63.05
1204302100580891 63.05
1204302100640746 63.05
1204302100700601 63.05
1204302100760455 63.05
1204302100820441 63.05
1204302100880165 63.05
1204302100940020 63.05
1204302101000874 63.05
1204302101060731 63.03
1204302101120585 63.05
1204302101140511 63.05
1204302101190416 63.05
1204302101250272 63.05
1204302101310125 63.05
1204302101370981 63.05
1204302101430836 63.05
1204302101490691 63.05
1204302101550544 63.05
1204302101610399 63.05
1204302101670255 63.05
1204302101730110 63.05
1204302101790966 63.05
1204302101850821 63.05
1204302101910674 63.05
1204302101970530 63.05
1204302102030385 63.05
1204302102090240 63.05
1204302102150095 63.05
1204302102210949 63.05
1204302102270805 63.05
1204302102330662 63.03
1204302102390515 63.05
1204302102450368 63.05
1204302102510224 63.05
1204302102570079 63.05
1204302102630935 63.05
1204302102690790 63.05
1204302102750643 63.05
1204302102810499 63.05
1204302102870354 63.05
1204302102930209 63.05
1204302102990063 63.05
1204302103050919 63.05
1204302103110774 63.05
1204302103170629 63.05
1204302103230484 63.05
1204302103290338 63.05
1204302103350193 63.05
1204302103410048 63.05
1204302103470904 63.05
1204302103530759 63.05
1204302103590613 63.05
1204302103650468 63.05
1204302103710323 63.05
1204302103770178 63.05
1204302103830032 63.05
1204302103890888 63.05
1204302103950743 63.05
1204302104010598 63.05
1204302104070453 63.05
1204302104130307 63.05
1204302104150245 63.05
1204302104200139 63.05
1204302104260993 63.05
1204302104320976 63.03
1204302104380704 63.05
1204302104440559 63.05
1204302104500412 63.05
1204302104560268 63.05
1204302104620123 63.05
1204302104680979 63.05
1204302104740833 63.05
1204302104800688 63.05
1204302104860544 63.05
1204302104920398 63.05
1204302104980254 63.05
1204302105040108 63.05
1204302105100963 63.05
1204302105160818 63.05
1204302105220673 63.05
1204302105280528 63.05
1204302105340383 63.05
1204302105400237 63.05
1204302105460091 63.05
1204302105520947 63.05
1204302105580803 63.05
1204302105640658 63.05
1204302105700513 63.05
1204302105760366 63.05
1204302105820358 63.05
1204302105880077 63.05
1204302105940933 63.05
1204302106000786 63.05
1204302106060642 63.05
1204302106120497 63.05
1204302106180352 63.05
1204302106240207 63.05
1204302106300061 63.05
1204302106360918 63.05
1204302106420773 63.05
1204302106480628 63.05
1204302106540483 63.05
1204302106600336 63.05
1204302106660191 63.05
1204302106720046 63.05
1204302106780905 63.03
1204302106840756 63.05
1204302106900611 63.05
1204302106960480 63.05
1204302107020321 63.05
1204302107080176 63.05
1204302107140197 63.05
1204302107170955 63.05
1204302107210862 63.05
1204302107270717 63.05
1204302107330572 63.05
1204302107390428 63.05
1204302107450281 63.05
1204302107510136 63.05
1204302107570992 63.05
1204302107630847 63.05
1204302107690703 63.05
1204302107750556 63.05
1204302107810411 63.05
1204302107870266 63.05
1204302107930122 63.05
1204302107990976 63.05
1204302108050831 63.05
1204302108110688 63.03
1204302108170541 63.05
1204302108230398 63.03
1204302108290250 63.05
1204302108350105 63.05