1204401002530229 61.77
1204401002590083 61.78
1204401002650943 61.8
1204401002710796 61.8
1204401002770648 61.82
1204401002830502 61.86
1204401002890362 61.88
1204401002950217 61.88
1204401003010072 61.9
1204401003070925 61.92
1204401003130778 61.93
1204401003190634 61.97
1204401003250487 61.99
1204401003310343 62.03
1204401003370198 62.05
1204401003430054 62.05
1204401003490909 62.1
1204401003550766 62.12
1204401003610618 62.14
1204401003670472 62.14
1204401003730330 62.16
1204401003790181 62.18
1204401003850036 62.18
1204401003910892 62.19
1204401003970749 62.23
1204401004030603 62.25
1204401004090457 62.29
1204401004150313 62.31
1204401004210170 62.32
1204401004270021 62.34
1204401004330878 62.34
1204401004390735 62.4
1204401004450588 62.44
1204401004510442 62.45
1204401004570296 62.49
1204401004630152 62.51
1204401004690008 62.53
1204401004750864 62.55
1204401004810721 62.57
1204401004830623 62.57
1204401004880547 62.58
1204401004940406 62.6
1204401005000260 62.62
1204401005060115 62.62
1204401005120986 62.64
1204401005180826 62.66
1204401005240679 62.7
1204401005300533 62.7
1204401005360391 62.72
1204401005420257 62.73
1204401005480099 62.73
1204401005540954 62.75
1204401005600809 62.77
1204401005660663 62.77
1204401005720543 62.77
1204401005780373 62.77
1204401005840229 62.77
1204401005900082 62.77
1204401005960939 62.77
1204401006020901 62.77
1204401006080649 62.77
1204401006140504 62.77
1204401006200358 62.77
1204401006260213 62.77
1204401006320081 62.77
1204401006380373 62.77
1204401006440775 62.79
1204401006500633 62.77
1204401006560488 62.77
1204401006620365 62.77
1204401006680196 62.79
1204401006740053 62.77
1204401006800908 62.77
1204401006860760 62.79
1204401006920628 62.79
1204401006980470 62.79
1204401007040325 62.79
1204401007100182 62.77
1204401007160035 62.79
1204401007220904 62.79
1204401007280748 62.77
1204401007340600 62.79
1204401007400455 62.79
1204401007460309 62.79
1204401007520176 62.79
1204401007580019 62.79
1204401007640875 62.79
1204401007700731 62.79
1204401007760756 62.79
1204401007820453 62.79
1204401007840341 62.79
1204401007890271 62.79
1204401007950125 62.79
1204401008010980 62.79
1204401008070836 62.79
1204401008130692 62.79
1204401008190545 62.81
1204401008250401 62.79
1204401008310256 62.81
1204401008370109 62.81
1204401008430966 62.81
1204401008490820 62.81
1204401008550674 62.79
1204401008610530 62.79
1204401008670385 62.81
1204401008730239 62.81
1204401008790255 62.81
1204401008850950 62.81
1204401008910804 62.79
1204401008970660 62.81
1204401009030516 62.83
1204401009090369 62.81
1204401009150225 62.81
1204401009210080 62.81
1204401009270935 62.81
1204401009330789 62.81
1204401009390645 62.81
1204401009450500 62.83
1204401009510354 62.81
1204401009570209 62.81
1204401009630066 62.83
1204401009690919 62.81
1204401009750774 62.81
1204401009810630 62.83
1204401009870485 62.83
1204401009930340 62.83
1204401009990195 62.83
1204401100050305 62.83
1204401100110158 62.85
1204401100170016 62.83
1204401100230870 62.83
1204401100290725 62.83
1204401100350580 62.83
1204401100410433 62.85
1204401100470290 62.83
1204401100530142 62.85
1204401100590000 62.83
1204401100650855 62.83
1204401100710821 62.83
1204401100770563 62.85
1204401100830417 62.85
1204401100860187 62.83
1204401100900252 62.83
1204401100960105 62.83
1204401101020132 62.85
1204401101080814 62.85
1204401101140668 62.85
1204401101200525 62.85
1204401101260380 62.85
1204401101320239 62.85
1204401101380088 62.85
1204401101440944 62.85
1204401101500799 62.85
1204401101560654 62.85
1204401101620517 62.85
1204401101680363 62.85
1204401101740219 62.83
1204401101800073 62.85
1204401101860929 62.85
1204401101920810 62.85
1204401101980638 62.85
1204401102040495 62.86
1204401102100348 62.85
1204401102160202 62.85
1204401102220077 62.86
1204401102280915 62.86
1204401102340770 62.86
1204401102400622 62.85
1204401102460479 62.86
1204401102520335 62.86
1204401102580189 62.86
1204401102640044 62.86
1204401102700899 62.86
1204401102760755 62.86
1204401102820643 62.86
1204401102880464 62.86
1204401102940318 62.86
1204401103000173 62.86
1204401103060028 62.86
1204401103120898 62.86
1204401103180740 62.86
1204401103240594 62.86
1204401103300583 62.86
1204401103360305 62.88
1204401103420172 62.86
1204401103480017 62.88
1204401103540870 62.86
1204401103600724 62.86
1204401103660580 62.88
1204401103720465 62.88
1204401103780290 62.88
1204401103840145 62.88
1204401103870865 62.88
1204401103910976 62.88
1204401103970832 62.88
1204401104030686 62.88
1204401104090541 62.88
1204401104150396 62.88
1204401104210248 62.86
1204401104270106 62.88
1204401104330961 62.88
1204401104390817 62.88
1204401104450669 62.9
1204401104510525 62.88
1204401104570379 62.86
1204401104630233 62.9
1204401104690087 62.9
1204401104750946 62.88
1204401104810799 62.9
1204401104870655 62.88
1204401104930509 62.9
1204401104990364 62.9
1204401105050218 62.9
1204401105110073 62.9
1204401105170928 62.9
1204401105230786 62.88
1204401105290639 62.88
1204401105350493 62.9
1204401105410347 62.9
1204401105470203 62.9
1204401105530057 62.9
1204401105590913 62.9
1204401105650767 62.9
1204401105710622 62.9
1204401105770478 62.9
1204401105830332 62.9
1204401105890186 62.9
1204401105950042 62.9
1204401106010899 62.9
1204401106070753 62.92
1204401106130607 62.9
1204401106190462 62.9
1204401106250317 62.9
1204401106310172 62.9
1204401106370026 62.9
1204401106430882 62.9
1204401106490737 62.92
1204401106550593 62.9
1204401106610447 62.9
1204401106670301 62.9
1204401106730157 62.92
1204401106790012 62.9
1204401106850867 62.9
1204401106870957 62.9
1204401106920706 62.9
1204401106980552 62.9
1204401107040408 62.9
1204401107100263 62.9
1204401107160117 62.92
1204401107220981 62.9
1204401107280828 62.9
1204401107340681 62.92
1204401107400537 62.9
1204401107460392 62.9
1204401107520273 62.92
1204401107580100 62.9
1204401107640958 62.92
1204401107700812 62.92
1204401107760667 62.92
1204401107820534 62.92
1204401107880376 62.92
1204401107940231 62.92
1204401108000086 62.92
1204401108060942 62.92
1204401108120824 62.9
1204401108180653 62.92
1204401108240507 62.92
1204401108300361 62.92
1204401108360215 62.92
1204401108420088 62.92
1204401108480926 62.92
1204401108540782 62.92
1204401108600636 62.92
1204401108660491 62.92
1204401108720368 62.92
1204401108780200 62.92
1204401108840055 62.92
1204401108900911 62.92
1204401108960765 62.92
1204401109020786 62.92
1204401109080475 62.92
1204401109140330 62.92
1204401109200185 62.92
1204401109260039 62.92
1204401109320922 62.92
1204401109380750 62.92
1204401109440603 62.94
1204401109500460 62.92
1204401109560315 62.92
1204401109620175 62.92
1204401109680026 62.92
1204401109740881 62.92
1204401109800734 62.94
1204401109860589 62.92
1204401109880676 62.9
1204401109930420 62.92
1204401109990276 62.92
1204401200050385 62.92
1204401200110241 62.92
1204401200170093 62.94
1204401200230951 62.92
1204401200290805 62.92
1204401200350660 62.92
1204401200410514 62.94
1204401200470368 62.94
1204401200530222 62.94
1204401200590078 62.94
1204401200650936 62.92
1204401200710790 62.94
1204401200770645 62.92
1204401200830498 62.94
1204401200890465 62.94
1204401200950208 62.94
1204401201010065 62.92
1204401201070921 62.92
1204401201130775 62.92
1204401201190628 62.94
1204401201250485 62.92
1204401201310340 62.92
1204401201370195 62.92
1204401201430048 62.94
1204401201490918 62.92
1204401201550757 62.94
1204401201610615 62.92
1204401201670467 62.94
1204401201730323 62.94
1204401201790180 62.92
1204401201850031 62.94
1204401201910890 62.92
1204401201970742 62.94
1204401202030682 62.92
1204401202090466 62.94
1204401202150307 62.94
1204401202210163 62.92
1204401202270178 62.94
1204401202330872 62.94
1204401202390726 62.94
1204401202450581 62.94
1204401202510437 62.94
1204401202570291 62.94
1204401202630146 62.94
1204401202690001 62.94
1204401202750858 62.94
1204401202810714 62.92
1204401202870567 62.92
1204401202900573 62.94
1204401202940397 62.94
1204401203000252 62.94
1204401203060107 62.94
1204401203120977 62.94
1204401203180817 62.94
1204401203240671 62.94
1204401203300530 62.96
1204401203360382 62.94
1204401203420250 62.94
1204401203480092 62.94
1204401203540946 62.94
1204401203600801 62.94
1204401203660656 62.94
1204401203720532 62.94
1204401203780368 62.92
1204401203840222 62.94
1204401203900076 62.94
1204401203960934 62.96
1204401204020937 62.94
1204401204080641 62.94
1204401204140495 62.94
1204401204200352 62.96
1204401204260206 62.94
1204401204320065 62.94
1204401204380917 62.94
1204401204440772 62.94
1204401204500626 62.94
1204401204560481 62.94
1204401204620389 62.96
1204401204680191 62.94
1204401204740044 62.94
1204401204800902 62.96
1204401204860757 62.94
1204401204920617 62.94
1204401204980465 62.94
1204401205040319 62.94
1204401205100175 62.94
1204401205160032 62.96
1204401205220899 62.94
1204401205280743 62.96
1204401205340595 62.94
1204401205400451 62.96
1204401205460304 62.94
1204401205520190 62.94
1204401205580017 62.96
1204401205640870 62.94
1204401205700726 62.94
1204401205760580 62.94
1204401205820450 62.96
1204401205880291 62.96
1204401205900381 62.92
1204401205950120 62.94
1204401206010975 62.94
1204401206070830 62.94
1204401206130685 62.94
1204401206190541 62.94
1204401206250395 62.94
1204401206310250 62.94
1204401206370106 62.94
1204401206430961 62.96
1204401206490814 62.94
1204401206550671 62.96
1204401206610526 62.96
1204401206670380 62.94
1204401206730236 62.94
1204401206790089 62.94
1204401206850947 62.96
1204401206910800 62.94
1204401206970654 62.94
1204401207030510 62.96
1204401207090364 62.94
1204401207150219 62.94
1204401207210074 62.94
1204401207270930 62.94
1204401207330787 62.96
1204401207390642 62.96
1204401207450493 62.94
1204401207510350 62.96
1204401207570204 62.94
1204401207630062 62.96
1204401207690914 62.94
1204401207750769 62.94
1204401207810624 62.94
1204401207870479 62.94
1204401207930336 62.96
1204401207990189 62.94
1204401208050045 62.96
1204401208110900 62.94
1204401208170755 62.96
1204401208230610 62.96
1204401208290463 62.94
1204401208350320 62.96
1204401208410174 62.94
1204401208470028 62.94
1204401208530884 62.94
1204401208590739 62.94
1204401208650593 62.94
1204401208710447 62.94
1204401208770303 62.94
1204401208830158 62.96
1204401208890014 62.96
1204401208910098 62.94
1204401208960845 62.96
1204401209020886 62.96
1204401209080569 62.96
1204401209140409 62.94
1204401209200263 62.94
1204401209260118 62.94
1204401209320007 62.96
1204401209380832 62.96
1204401209440683 62.94
1204401209500537 62.94
1204401209560394 62.96
1204401209620261 62.94
1204401209680103 62.94
1204401209740959 62.94
1204401209800813 62.94
1204401209860671 62.96
1204401209920575 62.96
1204401209980380 62.96
1204401300040489 62.94
1204401300100345 62.96
1204401300160198 62.94
1204401300220069 62.94
1204401300280909 62.94
1204401300340764 62.94
1204401300400622 62.96
1204401300460475 62.96
1204401300520338 62.96
1204401300580185 62.96
1204401300640040 62.96
1204401300700896 62.96
1204401300760748 62.94
1204401300820646 62.96
1204401300880459 62.94
1204401300940314 62.94
1204401301000169 62.96
1204401301060023 62.94
1204401301120905 62.94
1204401301180734 62.96
1204401301240589 62.94
1204401301300442 62.94
1204401301360298 62.94
1204401301420175 62.96
1204401301480007 62.94
1204401301540865 62.96
1204401301600719 62.96
1204401301660572 62.94
1204401301720456 62.96
1204401301780282 62.94
1204401301840137 62.94
1204401301900994 62.96
1204401301930788 62.92
1204401301970823 62.94
1204401302030774 62.94
1204401302090535 62.96
1204401302150390 62.96
1204401302210244 62.96
1204401302270098 62.94
1204401302330954 62.96
1204401302390807 62.94
1204401302450664 62.94
1204401302510519 62.96
1204401302570375 62.96
1204401302630228 62.96
1204401302690083 62.94
1204401302750940 62.96
1204401302810792 62.94
1204401302870650 62.96
1204401302930503 62.94
1204401302990360 62.96
1204401303050215 62.96
1204401303110069 62.96
1204401303170924 62.96
1204401303230779 62.96
1204401303290635 62.96
1204401303350487 62.94
1204401303410343 62.96
1204401303470199 62.96
1204401303530052 62.94
1204401303590910 62.94
1204401303650765 62.96
1204401303710618 62.96
1204401303770472 62.94
1204401303830325 62.94
1204401303890182 62.96
1204401303950038 62.96
1204401304010894 62.96
1204401304070748 62.96
1204401304130604 62.96
1204401304190459 62.96
1204401304250313 62.96
1204401304310168 62.96
1204401304370021 62.94
1204401304430879 62.96
1204401304490733 62.96
1204401304550588 62.96
1204401304610443 62.96
1204401304670481 62.96
1204401304730153 62.96
1204401304790004 62.94
1204401304850863 62.96
1204401304910718 62.96
1204401304930621 62.94
1204401304980550 62.96
1204401305040401 62.94
1204401305100256 62.94
1204401305160113 62.96
1204401305220051 62.96
1204401305280823 62.96
1204401305340675 62.94
1204401305400533 62.96
1204401305460389 62.96
1204401305520280 62.94
1204401305580097 62.96
1204401305640953 62.96
1204401305700806 62.94
1204401305760663 62.96
1204401305820534 62.96
1204401305880372 62.96
1204401305940225 62.94
1204401306000083 62.96
1204401306060936 62.94
1204401306120854 62.96
1204401306180648 62.96
1204401306240502 62.96
1204401306300357 62.96
1204401306360212 62.96
1204401306420091 62.92
1204401306480922 62.96
1204401306540778 62.96
1204401306600631 62.96
1204401306660487 62.96
1204401306720364 62.96
1204401306780196 62.96
1204401306840052 62.96
1204401306900905 62.94
1204401306960762 62.96
1204401307020781 62.96
1204401307080472 62.96
1204401307140327 62.96
1204401307200181 62.96
1204401307260033 62.94
1204401307320919 62.96
1204401307380747 62.96
1204401307440602 62.96
1204401307500457 62.96
1204401307560311 62.96
1204401307620192 62.96
1204401307680020 62.96
1204401307740876 62.96
1204401307800731 62.96
1204401307860585 62.96
1204401307920489 62.96
1204401307940527 62.96
1204401307990270 62.96
1204401308050126 62.96
1204401308110983 62.96
1204401308170836 62.96
1204401308230690 62.96
1204401308290546 62.96
1204401308350400 62.94
1204401308410254 62.94
1204401308470111 62.96
1204401308530966 62.96
1204401308590826 62.96
1204401308650677 62.96
1204401308710531 62.96
1204401308770385 62.96
1204401308830240 62.96
1204401308890095 62.96
1204401308950952 62.96
1204401309010807 62.96
1204401309070662 62.96
1204401309130515 62.96
1204401309190368 62.94
1204401309250226 62.96
1204401309310081 62.96
1204401309370936 62.96
1204401309430789 62.96
1204401309490646 62.96
1204401309550499 62.96
1204401309610353 62.94
1204401309670210 62.96
1204401309730065 62.96
1204401309790920 62.96
1204401309850775 62.96
1204401309910629 62.96
1204401309970484 62.96
1204401400030593 62.94
1204401400090451 62.96
1204401400150306 62.96
1204401400210159 62.96
1204401400270015 62.96
1204401400330871 62.96
1204401400390724 62.96
1204401400450580 62.96
1204401400510434 62.96
1204401400570289 62.96
1204401400630144 62.96
1204401400700000 62.96
1204401400750854 62.96
1204401400810710 62.96
1204401400870564 62.96
1204401400930420 62.96
1204401400950502 62.96
1204401401000249 62.96
1204401401060103 62.98
1204401401120982 62.96
1204401401180815 62.96
1204401401240669 62.96
1204401401300526 62.96
1204401401360380 62.96
1204401401420284 62.98
1204401401480089 62.96
1204401401540945 62.96
1204401401600799 62.96
1204401401660656 62.96
1204401401720549 62.98
1204401401780363 62.96
1204401401840219 62.96
1204401401900072 62.98
1204401401960929 62.96
1204401402020937 62.98
1204401402080639 62.96
1204401402140495 62.96
1204401402200349 62.96
1204401402260312 62.98
1204401402320143 62.96
1204401402380913 62.96
1204401402440769 62.96
1204401402500623 62.96
1204401402560479 62.96
1204401402620397 62.96
1204401402680187 62.98
1204401402740040 62.98
1204401402800896 62.98
1204401402860790 62.96
1204401402920630 62.96
1204401402980462 62.98
1204401403040319 62.96
1204401403100173 62.96
1204401403160029 62.96
1204401403220957 62.96
1204401403280738 62.96
1204401403340594 62.96
1204401403400448 62.96
1204401403460316 62.96
1204401403520188 62.96
1204401403580011 62.96
1204401403640867 62.96
1204401403700721 62.98
1204401403760578 62.96
1204401403820472 62.96
1204401403880288 62.96
1204401403940141 62.96
1204401403960228 62.96
1204401404010974 62.96
1204401404070827 62.98
1204401404130681 62.98
1204401404190539 62.96
1204401404250392 62.96
1204401404310248 62.96
1204401404370101 62.98
1204401404430957 62.96
1204401404490813 62.96
1204401404550668 62.96
1204401404610522 62.96
1204401404670377 62.96
1204401404730232 62.96
1204401404790087 62.96
1204401404850943 62.96
1204401404910798 62.96
1204401404970650 62.98
1204401405030508 62.96
1204401405090363 62.96
1204401405150217 62.96
1204401405210072 62.96
1204401405270927 62.96
1204401405330782 62.96
1204401405390638 62.96
1204401405450493 62.96
1204401405510346 62.98
1204401405570202 62.96
1204401405630055 62.98
1204401405690914 62.96
1204401405750767 62.96
1204401405810621 62.96
1204401405870473 62.98
1204401405930331 62.96
1204401405990186 62.96
1204401406050041 62.96
1204401406110897 62.96
1204401406170750 62.98
1204401406230606 62.96
1204401406290461 62.96
1204401406350316 62.96
1204401406410171 62.96
1204401406470026 62.96
1204401406530880 62.96
1204401406590741 62.96
1204401406650591 62.96
1204401406710445 62.98
1204401406770300 62.96
1204401406830153 62.98
1204401406890010 62.96
1204401406950864 62.98
1204401406970949 62.98
1204401407020869 62.96
1204401407080552 62.96
1204401407140405 62.96
1204401407200259 62.98
1204401407260116 62.96
1204401407320010 62.96
1204401407380824 62.98
1204401407440681 62.96
1204401407500536 62.96
1204401407560388 62.98
1204401407620280 62.96
1204401407680101 62.96
1204401407740955 62.96
1204401407800812 62.96
1204401407860665 62.96
1204401407920575 62.98
1204401407980376 62.96
1204401408040231 62.96
1204401408100084 62.98
1204401408160941 62.96
1204401408220823 62.98
1204401408280650 62.98
1204401408340503 62.98
1204401408400358 62.98
1204401408460215 62.96
1204401408520114 62.96
1204401408580923 62.98
1204401408640778 62.98
1204401408700635 62.96
1204401408760488 62.98
1204401408820391 62.98
1204401408880199 62.96
1204401408940054 62.96
1204401409000909 62.98
1204401409060762 62.98
1204401409120662 62.96
1204401409180474 62.96
1204401409240329 62.96
1204401409300184 62.96
1204401409360038 62.98
1204401409420962 62.96
1204401409480750 62.96
1204401409540603 62.96
1204401409600459 62.96
1204401409660313 62.96
1204401409720229 62.96
1204401409780022 62.98
1204401409840877 62.98
1204401409900732 62.98
1204401409960588 62.96
1204401409980677 62.98
1204401500030673 62.98
1204401500090529 62.96
1204401500150383 62.98
1204401500210238 62.98
1204401500270092 62.98
1204401500330948 62.98
1204401500390805 62.96
1204401500450669 62.98
1204401500510512 62.98
1204401500570368 62.98
1204401500630225 62.96
1204401500690077 62.98
1204401500750935 62.96
1204401500810790 62.96
1204401500870642 62.98
1204401500930497 62.98
1204401500990355 62.96
1204401501050220 62.98
1204401501110064 62.96
1204401501170916 62.98
1204401501230772 62.98
1204401501290627 62.98
1204401501350483 62.98
1204401501410339 62.96
1204401501470192 62.98
1204401501530048 62.96
1204401501590912 62.98
1204401501650758 62.96
1204401501710612 62.98
1204401501770468 62.96
1204401501830321 62.98
1204401501890177 62.98
1204401501950030 62.98
1204401502010886 62.98
1204401502070744 62.96
1204401502130597 62.98
1204401502190451 62.98
1204401502250305 62.98
1204401502310160 62.98
1204401502370016 62.98
1204401502430873 62.96
1204401502490726 62.98
1204401502550583 62.96
1204401502610436 62.98
1204401502670289 62.98
1204401502730148 62.99
1204401502790001 62.98
1204401502850855 62.98
1204401502910712 62.98
1204401502970567 62.96
1204401502990652 62.98
1204401503040398 62.96
1204401503100251 62.98
1204401503160105 62.98
1204401503220033 62.98
1204401503280817 62.98
1204401503340670 62.98
1204401503400526 62.98
1204401503460383 62.96
1204401503520284 62.98
1204401503580090 62.98
1204401503640946 62.98
1204401503700801 62.98
1204401503760656 62.98
1204401503820557 62.98
1204401503880367 62.98
1204401503940220 62.98
1204401504000075 62.98
1204401504060931 62.98
1204401504120840 62.98
1204401504180641 62.98
1204401504240494 62.98
1204401504300349 62.98
1204401504360205 62.98
1204401504420110 62.98
1204401504480915 62.98
1204401504540769 62.98
1204401504600624 62.98
1204401504660479 62.98
1204401504720368 62.98
1204401504780189 62.98
1204401504840043 62.98
1204401504900902 62.96
1204401504960755 62.98
1204401505020802 62.98
1204401505080463 62.98
1204401505140318 62.98
1204401505200173 62.98
1204401505260030 62.98
1204401505320931 62.98
1204401505380739 62.98
1204401505440595 62.98
1204401505500449 62.98
1204401505560303 62.98
1204401505620247 62.98
1204401505680014 62.98
1204401505740870 62.98
1204401505800725 62.98
1204401505860579 62.98
1204401505920501 62.98
1204401505980288 62.98
1204401506000378 62.98
1204401506050121 62.96
1204401506110975 62.98
1204401506170829 62.98
1204401506230684 62.98
1204401506290538 62.98
1204401506350394 62.98
1204401506410249 62.98
1204401506470104 62.98
1204401506530960 62.98
1204401506590827 62.98
1204401506650669 62.98
1204401506710524 62.98
1204401506770379 62.98
1204401506830233 62.98
1204401506890089 63.01
1204401506950944 62.98
1204401507010799 62.98
1204401507070654 62.98
1204401507130508 62.98
1204401507190364 62.98
1204401507250217 62.98
1204401507310072 62.98
1204401507370928 62.98
1204401507430783 62.98
1204401507490638 62.98
1204401507550493 62.98
1204401507610347 62.98
1204401507670202 62.98
1204401507730057 62.98
1204401507790913 62.98
1204401507850769 62.98
1204401507910624 62.98
1204401507970478 62.98
1204401508030332 62.98
1204401508090187 62.98
1204401508150043 62.98
1204401508210899 62.98
1204401508270752 62.98
1204401508330608 62.98
1204401508390461 62.98
1204401508450317 62.98
1204401508510172 62.98
1204401508570029 62.99
1204401508630882 62.98
1204401508690737 62.98
1204401508750591 62.98
1204401508810446 62.98
1204401508870301 62.98
1204401508930157 62.98
1204401508990014 62.96
1204401509010097 62.98
1204401509060843 62.98
1204401509120746 62.98
1204401509180552 62.98
1204401509240408 62.98
1204401509300264 62.96
1204401509360117 62.98
1204401509420047 62.98
1204401509480828 62.98
1204401509540683 62.98
1204401509600537 62.98
1204401509660393 62.98
1204401509720328 62.98
1204401509780102 62.98
1204401509840958 62.98
1204401509900812 62.98
1204401509960668 62.98
1204401600020951 62.98
1204401600080633 62.98
1204401600140487 62.98
1204401600200342 62.98
1204401600260197 62.98
1204401600320133 62.98
1204401600380907 62.98
1204401600440763 62.98
1204401600500617 62.98
1204401600560473 62.98
1204401600620384 62.98
1204401600680181 62.98
1204401600740036 62.98
1204401600800891 62.98
1204401600860746 62.98
1204401600920652 62.98
1204401600980456 62.98
1204401601040312 62.98
1204401601100166 62.98
1204401601160021 62.98
1204401601220949 62.98
1204401601280730 62.98
1204401601340586 62.98
1204401601400441 62.98
1204401601460295 62.98
1204401601520189 62.98
1204401601580005 62.98
1204401601640860 62.98
1204401601700716 62.98
1204401601760570 62.98
1204401601820481 62.98
1204401601880280 62.98
1204401601940135 62.98
1204401602000991 62.98
1204401602030792 62.99
1204401602070823 62.98
1204401602130676 62.98
1204401602190531 62.98
1204401602250386 62.98
1204401602310241 62.98
1204401602370095 62.98
1204401602430951 62.98
1204401602490805 62.98
1204401602550660 62.98
1204401602610516 62.98
1204401602670370 62.98
1204401602730226 62.98
1204401602790080 62.98
1204401602850936 62.98
1204401602910791 62.98
1204401602970646 62.98
1204401603030500 62.98
1204401603090356 62.98
1204401603150209 62.98
1204401603210064 62.98
1204401603270921 62.98
1204401603330776 62.98
1204401603390629 62.98
1204401603450485 62.98
1204401603510340 62.98
1204401603570195 62.98
1204401603630048 62.98
1204401603690905 62.98
1204401603750759 62.98
1204401603810614 62.98
1204401603870470 62.98
1204401603930325 62.98
1204401603990179 62.98
1204401604050034 62.98
1204401604110891 62.98
1204401604170746 62.98
1204401604230731 62.98
1204401604290455 62.98
1204401604350309 62.98
1204401604410163 62.98
1204401604470020 62.99
1204401604530875 62.98
1204401604590743 62.98
1204401604650585 62.98
1204401604710439 62.98
1204401604770294 62.98
1204401604830237 62.98
1204401604890003 62.98
1204401604950858 62.98
1204401605010713 62.98
1204401605030617 62.96
1204401605080543 62.98
1204401605140399 62.98
1204401605200255 62.98
1204401605260109 62.98
1204401605320015 62.98
1204401605380820 62.98
1204401605440673 62.98
1204401605500529 62.98
1204401605560384 62.98
1204401605620346 62.98
1204401605680093 62.98
1204401605740949 62.98
1204401605800806 62.99
1204401605860658 62.98
1204401605920589 62.98
1204401605980368 62.98
1204401606040223 62.98
1204401606100078 62.98
1204401606160934 62.98
1204401606220838 62.98
1204401606280644 62.98
1204401606340498 62.98
1204401606400354 62.98
1204401606460209 62.98
1204401606520156 62.98
1204401606580918 62.98
1204401606640774 62.98
1204401606700629 62.98
1204401606760484 62.98
1204401606820421 62.98
1204401606880192 62.98
1204401606940049 62.99
1204401607000904 62.98
1204401607060759 62.99
1204401607120669 62.98
1204401607180468 62.98
1204401607240323 62.98
1204401607300177 62.98
1204401607360034 62.99
1204401607420957 62.98
1204401607480744 62.98
1204401607540597 62.98
1204401607600451 62.98
1204401607660306 62.98
1204401607720225 62.98
1204401607780018 62.96
1204401607840872 62.98
1204401607900727 62.98
1204401607960582 62.98
1204401608020612 62.98
1204401608040342 62.96
1204401608090266 62.98
1204401608150122 62.98
1204401608210978 62.98
1204401608270832 62.98
1204401608330689 62.99
1204401608390542 62.98
1204401608450396 62.98
1204401608510252 62.98
1204401608570106 62.98
1204401608630963 62.98
1204401608690818 62.98
1204401608750672 62.98
1204401608810530 62.99
1204401608870382 62.98
1204401608930236 62.98
1204401608990091 62.98
1204401609050947 62.98
1204401609110802 62.98
1204401609170657 62.98
1204401609230513 62.98
1204401609290365 62.98
1204401609350220 62.98
1204401609410076 62.98
1204401609470932 62.98
1204401609530788 62.98
1204401609590655 62.98
1204401609650496 62.98
1204401609710353 62.99
1204401609770208 62.99
1204401609830061 62.98
1204401609890917 62.98
1204401609950770 62.98
1204401700010882 62.98
1204401700070736 62.98
1204401700130592 62.98
1204401700190447 62.98
1204401700250300 62.98
1204401700310156 62.98
1204401700370011 62.98
1204401700430866 62.98
1204401700490721 62.98
1204401700550578 62.99
1204401700610431 62.98
1204401700670288 62.99
1204401700730140 62.98
1204401700790996 62.98
1204401700850851 62.98
1204401700910706 62.98
1204401700970559 62.98
1204401701030416 62.98
1204401701050501 62.99
1204401701100245 62.98
1204401701160100 62.98
1204401701220042 62.98
1204401701280812 62.98
1204401701340668 62.99
1204401701400521 62.98
1204401701460376 62.98
1204401701520284 62.98
1204401701580085 62.98
1204401701640941 62.98
1204401701700797 62.99
1204401701760651 62.98
1204401701820591 62.98
1204401701880361 62.98
1204401701940214 62.98
1204401702000071 62.98
1204401702060925 62.98
1204401702120858 62.98
1204401702180636 62.98
1204401702240490 62.98
1204401702300346 62.98
1204401702360202 62.99
1204401702420087 62.98
1204401702480913 62.99
1204401702540766 62.98
1204401702600619 62.98
1204401702660475 62.98
1204401702720431 62.98
1204401702780184 62.98
1204401702840039 62.98
1204401702900895 62.98
1204401702960750 62.98
1204401703020782 62.98
1204401703080460 62.99
1204401703140316 62.99
1204401703200168 62.98
1204401703260024 62.98
1204401703320936 62.98
1204401703380733 62.98
1204401703440589 62.98
1204401703500443 62.98
1204401703560298 62.98
1204401703620229 62.98
1204401703680008 62.98
1204401703740863 62.98
1204401703800720 62.98
1204401703860573 62.98
1204401703920512 62.98
1204401703980284 62.98
1204401704040138 62.98
1204401704060221 62.98
1204401704110971 62.99
1204401704170824 62.98
1204401704230680 62.98
1204401704290535 62.98
1204401704350392 62.99
1204401704410244 62.98
1204401704470100 62.96
1204401704530954 62.98
1204401704590824 62.99
1204401704650664 62.98
1204401704710520 62.98
1204401704770375 62.99
1204401704830229 62.98
1204401704890083 62.98
1204401704950938 62.98
1204401705010794 62.98
1204401705070649 62.98
1204401705130504 62.98
1204401705190359 62.98
1204401705250212 62.98
1204401705310068 62.98
1204401705370924 62.98
1204401705430779 62.98
1204401705490634 62.98
1204401705550488 62.98
1204401705610345 62.99
1204401705670200 62.99
1204401705730053 62.98
1204401705790909 62.98
1204401705850766 62.99
1204401705910618 62.98
1204401705970473 62.98
1204401706030329 62.99
1204401706090183 62.98
1204401706150038 62.99
1204401706210893 62.98
1204401706270750 62.99
1204401706330602 62.98
1204401706390457 62.98
1204401706450311 62.98
1204401706510168 62.99
1204401706570023 62.99
1204401706630878 62.98
1204401706690734 62.99
1204401706750589 62.99
1204401706810442 62.98
1204401706870299 62.99
1204401706930154 62.99
1204401706990009 62.99
1204401707050861 62.98
1204401707070944 62.98
1204401707120763 62.99
1204401707180550 62.99
1204401707240404 62.99
1204401707300258 62.99
1204401707360114 62.99
1204401707420053 62.99
1204401707480825 62.99
1204401707540678 62.98
1204401707600534 62.99
1204401707660388 62.99
1204401707720324 62.99
1204401707780099 62.99
1204401707840955 62.99
1204401707900809 62.99
1204401707960663 62.98
1204401708020733 62.99
1204401708080375 62.99
1204401708140226 62.98
1204401708200084 62.99
1204401708260938 62.98
1204401708320893 62.99
1204401708380647 62.98
1204401708440504 62.99
1204401708500359 62.99
1204401708560212 62.99
1204401708620144 62.99
1204401708680924 62.99
1204401708740779 62.99
1204401708800633 62.99
1204401708860488 62.99
1204401708920444 62.99
1204401708980195 62.98
1204401709040052 62.99
1204401709100909 62.99
1204401709160762 62.99
1204401709220705 62.99
1204401709280473 62.99
1204401709340328 62.99
1204401709400182 62.99
1204401709460038 62.99
1204401709520974 62.99
1204401709580748 62.99
1204401709640603 62.99
1204401709700457 62.99
1204401709760311 62.99
1204401709820256 62.99
1204401709880021 62.99
1204401709940878 62.99
1204401800000732 62.99
1204401800060842 62.99
1204401800080925 62.99
1204401800130674 62.99
1204401800190529 62.99
1204401800250385 62.99
1204401800310238 62.99
1204401800370094 62.99
1204401800430950 62.99
1204401800490805 62.99
1204401800550656 62.98
1204401800610514 62.99
1204401800670368 62.99
1204401800730223 62.99
1204401800790078 62.99
1204401800850933 62.99
1204401800910788 62.99
1204401800970644 62.99
1204401801030497 62.99
1204401801090352 62.99
1204401801150206 62.98
1204401801210063 62.99
1204401801270918 62.99
1204401801330772 62.99
1204401801390627 62.99
1204401801450483 62.99
1204401801510338 62.99
1204401801570191 62.99
1204401801630047 62.99
1204401801690902 62.99
1204401801750756 62.98
1204401801810613 62.99
1204401801870468 62.99
1204401801930322 62.99
1204401801990177 62.99
1204401802050032 62.99
1204401802110888 62.99
1204401802170743 62.99
1204401802230596 62.99
1204401802290452 62.99
1204401802350307 62.99
1204401802410162 62.99
1204401802470017 62.99
1204401802530872 62.99
1204401802590741 62.99
1204401802650582 62.99
1204401802710437 62.99
1204401802770291 62.99
1204401802830146 62.99
1204401802890001 62.99
1204401802950857 62.99
1204401803010712 62.99
1204401803070566 62.99
1204401803090653 62.99
1204401803140396 62.99
1204401803200251 62.99
1204401803260107 62.99
1204401803320034 62.99
1204401803380818 62.99
1204401803440672 62.99
1204401803500528 62.99
1204401803560381 62.99
1204401803620344 62.99
1204401803680092 62.99
1204401803740947 62.99
1204401803800802 62.99
1204401803860657 62.99
1204401803920581 62.99
1204401803980366 62.99
1204401804040221 62.99
1204401804100076 62.99
1204401804160931 62.99
1204401804220868 62.99
1204401804280641 62.99
1204401804340497 62.99
1204401804400352 62.99
1204401804460205 62.99
1204401804520147 62.99
1204401804580917 62.99
1204401804640770 62.99
1204401804700626 62.99
1204401804760481 62.99
1204401804820418 62.99
1204401804880190 62.99
1204401804940044 62.99
1204401805000900 62.99
1204401805060756 62.99
1204401805120681 62.99
1204401805180465 62.99
1204401805240320 62.99
1204401805300174 62.99
1204401805360030 62.99
1204401805420986 63.01
1204401805480740 62.99
1204401805540597 62.99
1204401805600449 62.99
1204401805660304 62.99
1204401805720240 62.99
1204401805780012 63.01
1204401805840870 62.99
1204401805900725 62.99
1204401805960580 62.99
1204401806020631 62.99
1204401806080287 63.01
1204401806100372 62.99
1204401806150120 62.99
1204401806210976 62.99
1204401806270830 62.99
1204401806330685 62.99
1204401806390539 62.99
1204401806450394 62.99
1204401806510250 62.99
1204401806570105 62.99
1204401806630960 62.99
1204401806690814 62.99
1204401806750671 62.99
1204401806810522 62.98
1204401806870379 62.99
1204401806930235 62.99
1204401806990089 62.99
1204401807050944 62.99
1204401807110800 62.99
1204401807170655 62.99
1204401807230509 62.99
1204401807290363 62.99
1204401807350218 63.01
1204401807410074 62.99
1204401807470930 62.99
1204401807530783 62.99
1204401807590653 62.99
1204401807650494 62.99
1204401807710349 62.99
1204401807770203 62.99
1204401807830058 62.99
1204401807890914 62.99
1204401807950769 62.99
1204401808010623 62.99
1204401808070478 62.99
1204401808130333 62.99
1204401808190187 62.99
1204401808250043 62.99
1204401808310899 62.99
1204401808370754 62.99
1204401808430609 62.99
1204401808490461 62.98
1204401808550318 62.99
1204401808610174 62.99
1204401808670027 62.99
1204401808730883 62.99
1204401808790739 62.99
1204401808850593 62.99
1204401808910448 62.99
1204401808970303 62.99
1204401809030157 62.99
1204401809090012 62.99
1204401809110096 62.99
1204401809160844 62.99
1204401809220819 62.99
1204401809280554 62.99
1204401809340409 62.99
1204401809400262 62.99
1204401809460117 62.99
1204401809520068 62.99
1204401809580829 62.99
1204401809640685 62.99
1204401809700537 62.99
1204401809760392 62.99
1204401809820362 62.99
1204401809880102 62.99
1204401809940959 62.99
1204401900000069 62.99
1204401900060922 62.99
1204401900120882 62.99
1204401900180633 62.99
1204401900240488 62.99
1204401900300343 62.99
1204401900360196 63.01
1204401900420135 62.99
1204401900480909 62.99
1204401900540760 63.01
1204401900600619 62.99
1204401900660473 62.99
1204401900720449 62.99
1204401900780183 62.99
1204401900840036 62.99
1204401900900892 62.99
1204401900960748 62.99
1204401901020968 62.99
1204401901080456 62.99
1204401901140312 62.99
1204401901200166 62.99
1204401901260022 62.99
1204401901320982 62.99
1204401901380732 62.99
1204401901440587 62.99
1204401901500442 62.99
1204401901560294 63.01
1204401901620277 62.99
1204401901680007 62.99
1204401901740863 62.99
1204401901800716 62.99
1204401901860569 63.01
1204401901920501 62.99
1204401901980280 62.99
1204401902040136 62.99
1204401902100992 62.99
1204401902130783 62.99
1204401902170822 63.01
1204401902230676 62.99
1204401902290532 62.99
1204401902350388 62.99
1204401902410241 62.99
1204401902470096 62.99
1204401902530952 62.99
1204401902590819 63.01
1204401902650661 63.01
1204401902710518 62.99
1204401902770372 62.99
1204401902830227 62.99
1204401902890079 63.01
1204401902950937 62.99
1204401903010790 63.01
1204401903070645 63.01
1204401903130502 62.99
1204401903190474 62.99
1204401903250210 62.99
1204401903310065 62.99
1204401903370922 62.99
1204401903430777 62.99
1204401903490632 62.99
1204401903550485 62.99
1204401903610339 63.01