1204903002380304 62.83
1204903002440159 62.83
1204903002500012 62.83
1204903002560868 62.83
1204903002620721 62.85
1204903002680579 62.83
1204903002740434 62.83
1204903002800289 62.83
1204903002860144 62.83
1204903002920997 62.85
1204903002980851 62.85
1204903003040709 62.83
1204903003100562 62.85
1204903003160419 62.83
1204903003220272 62.83
1204903003280126 62.85
1204903003340984 62.83
1204903003400837 62.83
1204903003460691 62.85
1204903003520548 62.83
1204903003580403 62.83
1204903003640258 62.83
1204903003700113 62.83
1204903003760967 62.83
1204903003820821 62.85
1204903003880678 62.83
1204903003940531 62.85
1204903004000388 62.83
1204903004060243 62.83
1204903004120096 62.83
1204903004180952 62.83
1204903004240808 62.83
1204903004300663 62.83
1204903004360516 62.83
1204903004420371 62.83
1204903004480225 62.85
1204903004540082 62.83
1204903004600938 62.83
1204903004660791 62.85
1204903004720646 62.83
1204903004780501 62.83
1204903004840357 62.83
1204903004900212 62.83
1204903004960067 62.83
1204903005020920 62.85
1204903005080775 62.85
1204903005100631 62.83
1204903005150608 62.83
1204903005210461 62.83
1204903005270316 62.83
1204903005330171 62.83
1204903005390027 62.83
1204903005450883 62.83
1204903005510738 62.83
1204903005570593 62.83
1204903005630446 62.83
1204903005690315 62.83
1204903005750157 62.83
1204903005810012 62.83
1204903005870866 62.83
1204903005930721 62.83
1204903005990577 62.83
1204903006050432 62.83
1204903006110285 62.83
1204903006170140 62.83
1204903006230996 62.83
1204903006290852 62.83
1204903006350707 62.83
1204903006410558 62.85
1204903006470415 62.83
1204903006530271 62.83
1204903006590126 62.83
1204903006650980 62.85
1204903006710837 62.83
1204903006770692 62.83
1204903006830545 62.83
1204903006890401 62.83
1204903006950256 62.83
1204903007010112 62.83
1204903007070965 62.83
1204903007130821 62.83
1204903007190688 62.83
1204903007250529 62.85
1204903007310385 62.83
1204903007370240 62.83
1204903007430095 62.83
1204903007490951 62.83
1204903007550807 62.83
1204903007610660 62.83
1204903007670529 62.83
1204903007730370 62.83
1204903007790223 62.85
1204903007850080 62.83
1204903007910935 62.83
1204903007970790 62.83
1204903008030645 62.83
1204903008090500 62.83
1204903008110339 62.86
1204903008160330 62.83
1204903008220185 62.83
1204903008280040 62.83
1204903008340896 62.83
1204903008400750 62.83
1204903008460605 62.83
1204903008520460 62.83
1204903008580316 62.83
1204903008640170 62.83
1204903008700026 62.83
1204903008760880 62.83
1204903008820735 62.83
1204903008880590 62.83
1204903008940445 62.83
1204903009000301 62.83
1204903009060154 62.83
1204903009120009 62.83
1204903009180865 62.83
1204903009240721 62.83
1204903009300574 62.83
1204903009360429 62.83
1204903009420284 62.83
1204903009480138 62.85
1204903009540995 62.83
1204903009600849 62.83
1204903009660704 62.83
1204903009720559 62.83
1204903009780414 62.83
1204903009840269 62.83
1204903009900125 62.83
1204903009960979 62.83
1204903100020090 62.83
1204903100080946 62.83
1204903100140801 62.83
1204903100200654 62.83
1204903100260510 62.83
1204903100320365 62.83
1204903100380218 62.85
1204903100440075 62.83
1204903100500930 62.83
1204903100560785 62.83
1204903100620640 62.83
1204903100680495 62.83
1204903100740350 62.83
1204903100800202 62.85
1204903100860057 62.85
1204903100920915 62.83
1204903100980768 62.85
1204903101040623 62.85
1204903101100481 62.83
1204903101120317 62.85
1204903101170310 62.83
1204903101230165 62.83
1204903101290021 62.83
1204903101350875 62.83
1204903101410730 62.83
1204903101470585 62.83
1204903101530440 62.83
1204903101590295 62.83
1204903101650151 62.83
1204903101710004 62.83
1204903101770860 62.83
1204903101830715 62.83
1204903101890571 62.83
1204903101950424 62.83
1204903102010279 62.83
1204903102070134 62.83
1204903102130991 62.83
1204903102190854 62.83
1204903102250700 62.83
1204903102310553 62.85
1204903102370410 62.83
1204903102430265 62.83
1204903102490118 62.83
1204903102550974 62.83
1204903102610827 62.85
1204903102670696 62.85
1204903102730540 62.83
1204903102790395 62.83
1204903102850248 62.83
1204903102910103 62.83
1204903102970959 62.83
1204903103030813 62.85
1204903103090670 62.83
1204903103150524 62.83
1204903103210379 62.83
1204903103270234 62.83
1204903103330089 62.83
1204903103390943 62.83
1204903103450798 62.83
1204903103510653 62.83
1204903103570507 62.85
1204903103630364 62.83
1204903103690219 62.83
1204903103750070 62.85
1204903103810928 62.83
1204903103870783 62.83
1204903103930639 62.83
1204903103990492 62.83
1204903104050347 62.83
1204903104110201 62.85
1204903104130043 62.83
1204903104180034 62.83
1204903104240888 62.83
1204903104300743 62.83
1204903104360596 62.85
1204903104420454 62.83
1204903104480309 62.83
1204903104540162 62.85
1204903104600017 62.83
1204903104660874 62.83
1204903104720729 62.83
1204903104780584 62.83
1204903104840435 62.85
1204903104900292 62.83
1204903104960148 62.83
1204903105020003 62.83
1204903105080859 62.83
1204903105140712 62.83
1204903105200568 62.83
1204903105260423 62.83
1204903105320276 62.85
1204903105380131 62.83
1204903105440987 62.85
1204903105500843 62.83
1204903105560698 62.83
1204903105620551 62.85
1204903105680408 62.83
1204903105740261 62.85
1204903105800114 62.85
1204903105860972 62.83
1204903105920827 62.83
1204903105980683 62.83
1204903106040538 62.83
1204903106100391 62.83
1204903106160246 62.85
1204903106220100 62.85
1204903106280956 62.85
1204903106340813 62.83
1204903106400668 62.83
1204903106460523 62.83
1204903106520377 62.83
1204903106580232 62.83
1204903106640085 62.85
1204903106700942 62.83
1204903106760797 62.83
1204903106820650 62.85
1204903106880505 62.85
1204903106940362 62.83
1204903107000217 62.83
1204903107060070 62.83
1204903107120926 62.83
1204903107140767 62.83
1204903107190770 62.83
1204903107250612 62.83
1204903107310467 62.83
1204903107370322 62.83
1204903107430177 62.83
1204903107490032 62.83
1204903107550886 62.85
1204903107610742 62.83
1204903107670609 62.85
1204903107730451 62.85
1204903107790304 62.85
1204903107850161 62.83
1204903107910016 62.83
1204903107970872 62.83
1204903108030728 62.83
1204903108090581 62.83
1204903108150436 62.83
1204903108210291 62.83
1204903108270146 62.83
1204903108330999 62.85
1204903108390856 62.83
1204903108450711 62.83
1204903108510566 62.83
1204903108570419 62.85
1204903108630276 62.83
1204903108690132 62.83
1204903108750986 62.83
1204903108810839 62.85
1204903108870696 62.83
1204903108930552 62.83
1204903108990403 62.85
1204903109050258 62.85
1204903109110115 62.83
1204903109170969 62.85
1204903109230827 62.83
1204903109290680 62.83
1204903109350535 62.83
1204903109410390 62.83
1204903109470245 62.83
1204903109530101 62.83
1204903109590955 62.83
1204903109650810 62.83
1204903109710666 62.83
1204903109770521 62.83
1204903109830376 62.83
1204903109890229 62.83
1204903109950082 62.85
1204903200020193 62.85
1204903200080063 62.83
1204903200140904 62.85
1204903200160744 62.86
1204903200210734 62.85
1204903200270591 62.83
1204903200330446 62.83
1204903200390301 62.83
1204903200450156 62.83
1204903200510007 62.85
1204903200570865 62.83
1204903200630721 62.83
1204903200690574 62.85
1204903200750429 62.83
1204903200810285 62.83
1204903200870138 62.85
1204903200930994 62.85
1204903200990851 62.83
1204903201050706 62.83
1204903201110559 62.83
1204903201170415 62.83
1204903201230270 62.83
1204903201290125 62.83
1204903201350982 62.83
1204903201410834 62.83
1204903201470687 62.85
1204903201530544 62.83
1204903201590398 62.85
1204903201650253 62.85
1204903201710110 62.83
1204903201770966 62.83
1204903201830820 62.83
1204903201890675 62.83
1204903201950530 62.83
1204903202010385 62.83
1204903202070238 62.83
1204903202130093 62.83
1204903202190950 62.83
1204903202250805 62.83
1204903202310660 62.83
1204903202370514 62.83
1204903202430369 62.83
1204903202490224 62.83
1204903202550079 62.83
1204903202610933 62.83
1204903202670788 62.83
1204903202730644 62.83
1204903202790499 62.83
1204903202850354 62.83
1204903202910210 62.83
1204903202970064 62.83
1204903203030919 62.83
1204903203090774 62.83
1204903203150629 62.83
1204903203170469 62.83
1204903203220459 62.83
1204903203280312 62.85
1204903203340169 62.83
1204903203400024 62.83
1204903203460878 62.83
1204903203520734 62.83
1204903203580589 62.83
1204903203640444 62.83
1204903203700300 62.83
1204903203760153 62.85
1204903203820008 62.83
1204903203880864 62.83
1204903203940719 62.83
1204903204000574 62.83
1204903204060429 62.83
1204903204120283 62.83
1204903204180138 62.83
1204903204240994 62.83
1204903204300849 62.83
1204903204360705 62.83
1204903204420560 62.83
1204903204480411 62.85
1204903204540268 62.83
1204903204600123 62.83
1204903204660979 62.83
1204903204720835 62.83
1204903204780688 62.83
1204903204840543 62.83
1204903204900397 62.85
1204903204960251 62.85
1204903205020107 62.83
1204903205080963 62.83
1204903205140818 62.83
1204903205200683 62.85
1204903205260529 62.83
1204903205320382 62.83
1204903205380238 62.83
1204903205440093 62.83
1204903205500949 62.83
1204903205560802 62.83
1204903205620657 62.83
1204903205680522 62.85
1204903205740367 62.83
1204903205800223 62.83
1204903205860075 62.85
1204903205920932 62.83
1204903205980787 62.83
1204903206040640 62.85
1204903206100497 62.83
1204903206160352 62.83
1204903206180306 62.86
1204903206230180 62.85
1204903206290038 62.83
1204903206350894 62.83
1204903206410747 62.85
1204903206470669 62.83
1204903206530457 62.83
1204903206590311 62.85
1204903206650167 62.83
1204903206710023 62.83
1204903206770877 62.83
1204903206830732 62.83
1204903206890585 62.85
1204903206950443 62.83
1204903207010296 62.85
1204903207070166 62.83
1204903207130006 62.83
1204903207190862 62.83
1204903207250717 62.83
1204903207310573 62.83
1204903207370426 62.83
1204903207430281 62.83
1204903207490136 62.83
1204903207550990 62.85
1204903207610847 62.83
1204903207670703 62.83
1204903207730554 62.85
1204903207790411 62.83
1204903207850266 62.83
1204903207910121 62.83
1204903207970978 62.83
1204903208030832 62.83
1204903208090686 62.83
1204903208150541 62.83
1204903208210397 62.83
1204903208270252 62.83
1204903208330103 62.85
1204903208390959 62.85
1204903208450817 62.83
1204903208510672 62.83
1204903208570527 62.83
1204903208630380 62.83
1204903208690235 62.83
1204903208750090 62.83
1204903208810946 62.83
1204903208870801 62.83
1204903208930656 62.83
1204903208990511 62.83
1204903209050363 62.85
1204903209110220 62.83
1204903209170075 62.83
1204903209190942 62.86
1204903209240906 62.83
1204903209300761 62.83
1204903209360616 62.83
1204903209420471 62.83
1204903209480327 62.83
1204903209540180 62.83
1204903209600033 62.85
1204903209660891 62.83
1204903209720747 62.83
1204903209780600 62.83
1204903209840455 62.83
1204903209900310 62.83
1204903209960163 62.85
1204903300020277 62.83
1204903300080129 62.83
1204903300140984 62.85
1204903300200853 62.85
1204903300260696 62.83
1204903300320551 62.83
1204903300380404 62.83
1204903300440259 62.83
1204903300500115 62.83
1204903300560971 62.83
1204903300620826 62.83
1204903300680693 62.83
1204903300740533 62.85
1204903300800388 62.85
1204903300860245 62.83
1204903300920100 62.83
1204903300980956 62.83
1204903301040810 62.83
1204903301100663 62.85
1204903301160518 62.85
1204903301220376 62.83
1204903301280231 62.83
1204903301340084 62.83
1204903301400940 62.83
1204903301460795 62.83
1204903301520651 62.83
1204903301580506 62.83
1204903301640359 62.83
1204903301700212 62.85
1204903301760069 62.83
1204903301820925 62.83
1204903301880780 62.83
1204903301940634 62.83
1204903302000489 62.83
1204903302060344 62.83
1204903302120200 62.83
1204903302180051 62.85
1204903302200056 62.83
1204903302250885 62.83
1204903302310741 62.83
1204903302370594 62.83
1204903302430449 62.83
1204903302490304 62.83
1204903302550158 62.85
1204903302610015 62.83
1204903302670871 62.83
1204903302730724 62.83
1204903302790579 62.83
1204903302850432 62.85
1204903302910289 62.83
1204903302970143 62.85
1204903303030000 62.83
1204903303090854 62.83
1204903303150709 62.83
1204903303210564 62.83
1204903303270419 62.83
1204903303330275 62.83
1204903303390128 62.83
1204903303450984 62.83
1204903303510839 62.83
1204903303570695 62.83
1204903303630549 62.83
1204903303690403 62.83
1204903303750258 62.83
1204903303810113 62.83
1204903303870969 62.83
1204903303930824 62.83
1204903303990678 62.83
1204903304050533 62.83
1204903304110389 62.83
1204903304170243 62.83
1204903304230099 62.83
1204903304290953 62.83
1204903304350808 62.83
1204903304410663 62.83
1204903304470518 62.83
1204903304530374 62.83
1204903304590227 62.83
1204903304650080 62.85
1204903304710938 62.83
1204903304770793 62.83
1204903304830648 62.83
1204903304890502 62.83
1204903304950355 62.85
1204903305010210 62.85
1204903305070068 62.83
1204903305130922 62.85
1204903305190777 62.83
1204903305210629 62.85
1204903305260608 62.83
1204903305320464 62.83
1204903305380317 62.85
1204903305440172 62.83
1204903305500027 62.83
1204903305560883 62.83
1204903305620739 62.83
1204903305680623 62.85
1204903305740449 62.83
1204903305800302 62.83
1204903305860157 62.83
1204903305920012 62.83
1204903305980868 62.83
1204903306040724 62.83
1204903306100578 62.83
1204903306160432 62.83
1204903306220287 62.83
1204903306280142 62.83
1204903306340999 62.83
1204903306400850 62.85
1204903306460707 62.83
1204903306520562 62.83
1204903306580417 62.83
1204903306640273 62.83
1204903306700126 62.83
1204903306760982 62.83
1204903306820835 62.85
1204903306880692 62.83
1204903306940547 62.83
1204903307000401 62.83
1204903307060254 62.85
1204903307120112 62.83
1204903307180967 62.83
1204903307240821 62.85
1204903307300676 62.83
1204903307360531 62.83
1204903307420386 62.83
1204903307480241 62.83
1204903307540094 62.85
1204903307600951 62.85
1204903307660806 62.83
1204903307720659 62.85
1204903307780516 62.83
1204903307840371 62.83
1204903307900225 62.85
1204903307960080 62.83
1204903308020934 62.85
1204903308080791 62.83
1204903308140647 62.83
1204903308200514 62.83
1204903308220354 62.83
1204903308270331 62.83
1204903308330187 62.83
1204903308390038 62.85
1204903308450896 62.83
1204903308510751 62.83
1204903308570607 62.83
1204903308630462 62.83
1204903308690317 62.83
1204903308750170 62.83
1204903308810025 62.83
1204903308870882 62.83
1204903308930735 62.85
1204903308990592 62.83
1204903309050447 62.83
1204903309110300 62.83
1204903309170156 62.83
1204903309230011 62.83
1204903309290867 62.83
1204903309350720 62.83
1204903309410573 62.85
1204903309470430 62.83
1204903309530286 62.83
1204903309590141 62.83
1204903309650997 62.83
1204903309710851 62.83
1204903309770706 62.83
1204903309830561 62.83
1204903309890416 62.83
1204903309950269 62.83
1204903400010380 62.83
1204903400070235 62.83
1204903400130090 62.83
1204903400190947 62.83
1204903400250958 62.83
1204903400310655 62.83
1204903400370510 62.83
1204903400430365 62.83
1204903400490218 62.85
1204903400550075 62.83
1204903400610929 62.83
1204903400670785 62.83
1204903400730640 62.83
1204903400790495 62.83
1204903400850405 62.83
1204903400910203 62.83
1204903400970058 62.83
1204903401030915 62.83
1204903401090770 62.83
1204903401150625 62.83
1204903401210479 62.83
1204903401230317 62.85
1204903401280310 62.83
1204903401340165 62.83
1204903401400019 62.83
1204903401460875 62.83
1204903401520730 62.83
1204903401580585 62.83
1204903401640440 62.83
1204903401700294 62.85
1204903401760151 62.83
1204903401820004 62.83
1204903401880860 62.83
1204903401940715 62.83
1204903402000570 62.83
1204903402060426 62.83
1204903402120279 62.83
1204903402180134 62.83
1204903402240991 62.83
1204903402300845 62.83
1204903402360700 62.83
1204903402420554 62.83
1204903402480409 62.83
1204903402540264 62.83
1204903402600117 62.85
1204903402660975 62.83
1204903402720829 62.83
1204903402780688 62.85
1204903402840539 62.83
1204903402900394 62.83
1204903402960249 62.83
1204903403020103 62.83
1204903403080959 62.83
1204903403140814 62.83
1204903403200683 62.83
1204903403260523 62.85
1204903403320380 62.83
1204903403380233 62.83
1204903403440088 62.83
1204903403500944 62.83
1204903403560799 62.83
1204903403620654 62.83
1204903403680521 62.83
1204903403740363 62.83
1204903403800216 62.85
1204903403860073 62.83
1204903403920929 62.83
1204903403980782 62.85
1204903404040638 62.83
1204903404100493 62.83
1204903404160348 62.83
1204903404220203 62.83
1204903404240040 62.85
1204903404290034 62.83
1204903404350889 62.83
1204903404410745 62.83
1204903404470598 62.83
1204903404530453 62.83
1204903404590306 62.85
1204903404650163 62.83
1204903404710018 62.83
1204903404770875 62.83
1204903404830728 62.83
1204903404890583 62.83
1204903404950438 62.83
1204903405010291 62.85
1204903405070148 62.83
1204903405130003 62.83
1204903405190859 62.83
1204903405250711 62.85
1204903405310569 62.83
1204903405370423 62.83
1204903405430278 62.83
1204903405490132 62.83
1204903405550988 62.83
1204903405610843 62.83
1204903405670698 62.83
1204903405730553 62.83
1204903405790407 62.83
1204903405850262 62.83
1204903405910117 62.83
1204903405970973 62.83
1204903406030828 62.83
1204903406090684 62.83
1204903406150535 62.85
1204903406210392 62.83
1204903406270247 62.83
1204903406330103 62.83
1204903406390958 62.83
1204903406450812 62.83
1204903406510665 62.85
1204903406570522 62.83
1204903406630377 62.83
1204903406690231 62.83
1204903406750086 62.83
1204903406810942 62.83
1204903406870797 62.83
1204903406930652 62.83
1204903406990508 62.83
1204903407050361 62.83
1204903407110216 62.83
1204903407170071 62.83
1204903407230928 62.83
1204903407250778 62.85
1204903407300755 62.85
1204903407360613 62.83
1204903407420465 62.85
1204903407480319 62.85
1204903407540174 62.85
1204903407600031 62.83
1204903407660887 62.83
1204903407720742 62.83
1204903407780597 62.83
1204903407840562 62.83
1204903407900304 62.85
1204903407960161 62.83
1204903408020016 62.83
1204903408080872 62.83
1204903408140728 62.83
1204903408200595 62.83
1204903408260436 62.83
1204903408320292 62.83
1204903408380145 62.85
1204903408440028 62.83
1204903408500857 62.83
1204903408560712 62.83
1204903408620567 62.83
1204903408680449 62.83
1204903408740275 62.83
1204903408800130 62.83
1204903408860985 62.85
1204903408920842 62.83
1204903408980697 62.83
1204903409040562 62.85
1204903409100403 62.85
1204903409160260 62.83
1204903409220116 62.83
1204903409280972 62.83
1204903409340827 62.83
1204903409400681 62.83
1204903409460535 62.83
1204903409520391 62.83
1204903409580246 62.83
1204903409640101 62.83
1204903409700955 62.83
1204903409760811 62.83
1204903409820665 62.83
1204903409880523 62.83
1204903409940376 62.83
1204903500000229 62.83
1204903500060340 62.83
1204903500120195 62.83
1204903500180050 62.83
1204903500240906 62.83
1204903500260743 62.85
1204903500310736 62.83
1204903500370590 62.85
1204903500430447 62.83
1204903500490302 62.83
1204903500550155 62.83
1204903500610010 62.83
1204903500670866 62.83
1204903500730721 62.83
1204903500790574 62.85
1204903500850431 62.83
1204903500910285 62.83
1204903500970140 62.83
1204903501030996 62.83
1204903501090851 62.83
1204903501150702 62.85
1204903501210560 62.83
1204903501270415 62.83
1204903501330270 62.83
1204903501390126 62.83
1204903501450982 62.83
1204903501510835 62.83
1204903501570690 62.83
1204903501630545 62.83
1204903501690400 62.83
1204903501750255 62.83
1204903501810108 62.83
1204903501870965 62.83
1204903501930820 62.83
1204903501990675 62.83
1204903502050530 62.83
1204903502110383 62.83
1204903502170238 62.83
1204903502230094 62.83
1204903502290950 62.83
1204903502350805 62.83
1204903502410660 62.83
1204903502470516 62.83
1204903502530368 62.83
1204903502590224 62.83
1204903502650079 62.83
1204903502710935 62.83
1204903502770786 62.85
1204903502830641 62.85
1204903502890499 62.83
1204903502950354 62.83
1204903503010209 62.83
1204903503070062 62.83
1204903503130919 62.83
1204903503190774 62.83
1204903503250627 62.85
1204903503270466 62.85
1204903503320459 62.83
1204903503380314 62.83
1204903503440169 62.83
1204903503500024 62.83
1204903503560880 62.83
1204903503620735 62.83
1204903503680606 62.85
1204903503740444 62.83
1204903503800299 62.83
1204903503860154 62.83
1204903503920009 62.83
1204903503980869 62.83
1204903504040718 62.83
1204903504100574 62.83
1204903504160427 62.85
1204903504220284 62.83
1204903504280138 62.83
1204903504340992 62.85
1204903504400849 62.83
1204903504460704 62.83
1204903504520557 62.83
1204903504580413 62.83
1204903504640268 62.83
1204903504700123 62.83
1204903504760979 62.83
1204903504820833 62.83
1204903504880686 62.85
1204903504940541 62.85
1204903505000399 62.83
1204903505060253 62.83
1204903505120107 62.83
1204903505180963 62.83
1204903505240818 62.83
1204903505300673 62.83
1204903505360528 62.83
1204903505420383 62.83
1204903505480236 62.83
1204903505540092 62.83
1204903505600948 62.83
1204903505660803 62.83
1204903505720658 62.83
1204903505780513 62.83
1204903505840365 62.85
1204903505900222 62.83
1204903505960077 62.83
1204903506020930 62.85
1204903506080800 62.83
1204903506140642 62.83
1204903506200511 62.83
1204903506260352 62.83
1204903506280304 62.85
1204903506330182 62.83
1204903506390037 62.83
1204903506450891 62.85
1204903506510747 62.85
1204903506570603 62.83
1204903506630470 62.83
1204903506690312 62.83
1204903506750167 62.83
1204903506810022 62.83
1204903506870878 62.83
1204903506930733 62.83
1204903506990585 62.85
1204903507050442 62.83
1204903507110297 62.83
1204903507170152 62.83
1204903507230007 62.83
1204903507290862 62.83
1204903507350717 62.83
1204903507410572 62.83
1204903507470427 62.83
1204903507530283 62.83
1204903507590136 62.83
1204903507650990 62.85
1204903507710847 62.83
1204903507770702 62.83
1204903507830557 62.83
1204903507890411 62.83
1204903507950266 62.83
1204903508010121 62.83