1204402400140128 60.17
1204402400200984 60.17
1204402400260838 60.17
1204402400280917 60.18
1204402400330669 60.18
1204402400390525 60.18
1204402400450382 60.2
1204402400510235 60.2
1204402400570090 60.2
1204402400630945 60.22
1204402400690800 60.22
1204402400750655 60.24
1204402400810510 60.24
1204402400870365 60.24
1204402400930219 60.22
1204402400990076 60.24
1204402401050928 60.26
1204402401110784 60.26
1204402401170639 60.28
1204402401230494 60.28
1204402401290349 60.32
1204402401350204 60.32
1204402401410058 60.33
1204402401470912 60.37
1204402401530767 60.43
1204402401590634 60.46
1204402401650478 60.48
1204402401710332 60.48
1204402401770190 60.52
1204402401830043 60.54
1204402401890897 60.59
1204402401950750 60.67
1204402402010607 60.76
1204402402070462 60.8
1204402402130316 60.85
1204402402190171 60.89
1204402402250026 60.91
1204402402310880 60.93
1204402402370735 60.95
1204402402430592 60.98
1204402402490447 61.04
1204402402550302 61.1
1204402402610161 61.12
1204402402670013 61.15
1204402402730867 61.19
1204402402790722 61.19
1204402402850577 61.21
1204402402910432 61.25
1204402402970291 61.28
1204402403030143 61.34
1204402403090999 61.38
1204402403150853 61.41
1204402403210710 61.45
1204402403270564 61.43
1204402403290645 61.45
1204402403340394 61.45
1204402403400252 61.47
1204402403460105 61.51
1204402403520144 61.52
1204402403580816 61.52
1204402403640672 61.56
1204402403700523 61.58
1204402403760376 61.58
1204402403820411 61.6
1204402403880090 61.6
1204402403940947 61.6
1204402404000798 61.62
1204402404060657 61.64
1204402404120663 61.64
1204402404180364 61.65
1204402404240219 61.65
1204402404300072 61.65
1204402404360926 61.67
1204402404420975 61.67
1204402404480637 61.73
1204402404540494 61.75
1204402404600345 61.77
1204402404660201 61.78
1204402404720208 61.8
1204402404780916 61.8
1204402404840767 61.82
1204402404900626 61.88
1204402404960479 61.9
1204402405020330 61.93
1204402405080186 61.99
1204402405140041 62.03
1204402405200899 62.05
1204402405260754 62.06
1204402405320801 62.08
1204402405380466 62.08
1204402405440321 62.08
1204402405500171 62.1
1204402405560026 62.1
1204402405620057 62.12
1204402405680740 62.12
1204402405740595 62.12
1204402405800446 62.14
1204402405860301 62.19
1204402405920306 62.29
1204402405980009 62.34
1204402406040866 62.42
1204402406100721 62.45
1204402406160574 62.49
1204402406220610 62.55
1204402406280289 62.6
1204402406300369 62.6
1204402406350122 62.64
1204402406410972 62.7
1204402406470828 62.77
1204402406530683 62.77
1204402406590550 62.77
1204402406650391 62.77
1204402406710261 62.77
1204402406770102 62.77
1204402406830957 62.79
1204402406890813 62.77
1204402406950665 62.79
1204402407010521 62.77
1204402407070375 62.79
1204402407130230 62.79
1204402407190085 62.79
1204402407250941 62.79
1204402407310796 62.79
1204402407370650 62.79
1204402407430505 62.79
1204402407490360 62.79
1204402407550215 62.79
1204402407610068 62.79
1204402407670925 62.79
1204402407730780 62.79
1204402407790635 62.79
1204402407850488 62.79
1204402407910343 62.79
1204402407970199 62.79
1204402408030054 62.81
1204402408090910 62.81
1204402408150764 62.81
1204402408210620 62.79
1204402408270475 62.81
1204402408330329 62.81
1204402408390183 62.81
1204402408450038 62.81
1204402408510894 62.81
1204402408570749 62.81
1204402408630607 62.83
1204402408690460 62.83
1204402408750313 62.81
1204402408810170 62.83
1204402408870026 62.83
1204402408930881 62.83
1204402408990736 62.83
1204402409050589 62.83
1204402409110446 62.83
1204402409170300 62.83
1204402409230155 62.83
1204402409290009 62.85
1204402409310101 62.83
1204402409360839 62.85
1204402409420872 62.85
1204402409480549 62.85
1204402409540403 62.85
1204402409600259 62.85
1204402409660113 62.85
1204402409730163 62.85
1204402409780825 62.85
1204402409840678 62.85
1204402409900532 62.85
1204402409960389 62.85
1204402500020499 62.85
1204402500080353 62.85
1204402500140211 62.86
1204402500200065 62.86
1204402500260919 62.85
1204402500320939 62.86
1204402500380630 62.86
1204402500440484 62.86
1204402500500341 62.86
1204402500560193 62.85
1204402500630411 62.86
1204402500680907 62.86
1204402500740761 62.86
1204402500800615 62.86
1204402500860473 62.88
1204402500920513 62.86
1204402500980182 62.88
1204402501040034 62.86
1204402501100893 62.88
1204402501160746 62.88
1204402501220763 62.88
1204402501280457 62.88
1204402501340309 62.9
1204402501400167 62.88
1204402501460018 62.9
1204402501530240 62.92
1204402501580730 62.9
1204402501640584 62.9
1204402501700440 62.9
1204402501760295 62.92
1204402501820312 62.92
1204402501880004 62.9
1204402501940860 62.92
1204402502000715 62.92
1204402502060570 62.92
1204402502120599 62.92
1204402502180277 62.94
1204402502240132 62.94
1204402502300086 62.92
1204402502330781 62.94
1204402502370820 62.92
1204402502430672 62.94
1204402502490527 62.94
1204402502550382 62.94
1204402502610237 62.94
1204402502670092 62.94
1204402502730949 62.96
1204402502790803 62.94
1204402502850657 62.94
1204402502910511 62.94
1204402502970366 62.94
1204402503030222 62.94
1204402503090076 62.94
1204402503150932 62.94
1204402503210786 62.94
1204402503270642 62.94
1204402503330496 62.94
1204402503390351 62.94
1204402503450209 62.96
1204402503510060 62.94
1204402503570920 62.96
1204402503630898 62.96
1204402503690628 62.96
1204402503750483 62.96
1204402503810337 62.96
1204402503870191 62.94
1204402503930047 62.96
1204402503990903 62.96
1204402504050759 62.96
1204402504110612 62.94
1204402504170467 62.96
1204402504230476 62.96
1204402504290176 62.94
1204402504350032 62.99
1204402504410888 62.96
1204402504470741 62.98
1204402504530597 62.96
1204402504590606 62.96
1204402504650306 62.98
1204402504710162 62.96
1204402504770015 62.98
1204402504830870 62.98
1204402504890725 62.98
1204402504950581 62.98
1204402505010436 62.98
1204402505070289 62.98
1204402505130146 62.98
1204402505190000 62.98
1204402505250855 62.98
1204402505310712 62.96
1204402505330607 62.96
1204402505380541 62.98
1204402505440396 62.98
1204402505500252 62.96
1204402505560104 62.98
1204402505630152 62.98
1204402505680817 62.98
1204402505740670 62.98
1204402505800525 62.98
1204402505860380 62.98
1204402505920398 62.98
1204402505980091 62.99
1204402506040947 62.99
1204402506100801 62.98
1204402506160655 62.98
1204402506230707 62.98
1204402506280366 62.99
1204402506340222 62.99
1204402506400076 62.98
1204402506460930 62.98
1204402506520951 62.98
1204402506580642 62.99
1204402506640497 62.99
1204402506700350 62.98
1204402506760204 62.98
1204402506830238 62.98
1204402506880917 62.99
1204402506940773 62.99
1204402507000625 62.98
1204402507060480 62.99
1204402507130530 62.99
1204402507180189 62.98
1204402507240044 62.98
1204402507300902 62.99
1204402507360757 62.99
1204402507420775 62.98
1204402507480464 62.98
1204402507540318 62.98
1204402507600174 62.99
1204402507660027 62.98
1204402507720984 62.99
1204402507780742 62.99
1204402507840596 62.99
1204402507900451 62.99
1204402507960305 62.99
1204402508020160 62.99
1204402508080012 62.98
1204402508140871 62.99
1204402508200725 62.99
1204402508260580 62.99
1204402508330611 62.99
1204402508340514 62.99
1204402508390265 62.99
1204402508450122 62.99
1204402508510976 62.99
1204402508570830 62.99
1204402508630685 62.99
1204402508700993 62.98
1204402508750395 62.99
1204402508810250 62.99
1204402508870104 62.99
1204402508930960 62.99
1204402508990816 62.99
1204402509050669 62.99
1204402509110525 62.99
1204402509170380 62.99
1204402509230235 62.99
1204402509290150 63.01
1204402509350946 62.99
1204402509410799 62.99
1204402509470656 62.99
1204402509530510 62.99
1204402509590377 62.99
1204402509650220 62.99
1204402509710074 62.99
1204402509770930 62.99
1204402509840948 62.99
1204402509890654 62.99
1204402509950494 62.99
1204402600010605 62.99
1204402600070460 62.99
1204402600130313 62.99
1204402600190169 62.99
1204402600250025 62.99
1204402600310879 62.99
1204402600370735 62.99
1204402600430590 62.99
1204402600490444 62.99
1204402600550298 63.01
1204402600610154 62.99
1204402600670010 62.99
1204402600730864 62.99
1204402600790719 62.99
1204402600850573 62.99
1204402600910428 62.99
1204402600970283 62.99
1204402601030138 62.99
1204402601090995 62.99
1204402601150848 62.99
1204402601210703 62.99
1204402601270559 62.99
1204402601330413 62.99
1204402601350493 62.99
1204402601400243 62.99
1204402601460100 62.99
1204402601530154 62.99
1204402601580809 62.99
1204402601640664 62.99
1204402601700520 62.99
1204402601760374 62.99
1204402601830402 62.99
1204402601880083 62.99
1204402601940940 62.99
1204402602000795 62.99
1204402602060647 63.01
1204402602130672 63.01
1204402602180359 62.99
1204402602240213 62.99
1204402602300068 62.99
1204402602360924 62.99
1204402602430978 62.99
1204402602480633 62.99
1204402602540489 62.99
1204402602600342 63.01
1204402602660198 62.99
1204402602730237 62.99
1204402602780909 62.99
1204402602840764 62.99
1204402602900616 63.01
1204402602960472 63.01
1204402603020326 63.01
1204402603080183 62.99
1204402603140037 62.99
1204402603200892 63.01
1204402603260747 63.01
1204402603330789 63.01
1204402603380455 63.01
1204402603440310 63.01
1204402603500167 62.99
1204402603560020 63.01
1204402603630077 62.99
1204402603680731 63.01
1204402603740588 62.99
1204402603800441 63.01
1204402603860296 63.01
1204402603930317 62.99
1204402603980005 63.01
1204402604040860 63.01
1204402604100717 62.99
1204402604160571 63.01
1204402604230622 63.01
1204402604280281 63.01
1204402604340133 63.01
1204402604360212 63.01
1204402604410966 63.01
1204402604470820 63.01
1204402604530676 63.01
1204402604590654 63.01
1204402604650387 62.99
1204402604710239 63.01
1204402604770094 63.01
1204402604830950 63.01
1204402604890805 63.01
1204402604950660 63.01
1204402605010518 63.03
1204402605070373 62.99
1204402605130224 63.01
1204402605190079 63.01
1204402605250935 63.01
1204402605310792 62.99
1204402605370645 63.01
1204402605430499 63.01
1204402605490355 63.01
1204402605550209 63.01
1204402605610065 63.01
1204402605670921 63.01
1204402605730774 63.01
1204402605790629 63.01
1204402605850484 63.01
1204402605910339 63.01
1204402605970194 63.01
1204402606030049 63.01
1204402606090906 63.01
1204402606150759 63.01
1204402606210615 63.01
1204402606270469 63.01
1204402606330323 63.01
1204402606390179 63.01
1204402606450034 63.01
1204402606510889 63.01
1204402606570743 63.01
1204402606630599 63.01
1204402606690453 63.01
1204402606750309 63.01
1204402606810163 63.01
1204402606870019 63.01
1204402606930876 63.03
1204402606990729 63.01
1204402607050584 63.01
1204402607110438 63.01
1204402607170293 63.01
1204402607230147 63.01
1204402607290002 63.01
1204402607350858 63.01
1204402607370938 63.01
1204402607430871 63.01
1204402607480544 63.01
1204402607540399 63.01
1204402607600254 63.01
1204402607660108 63.01
1204402607730323 63.01
1204402607780818 63.01
1204402607840674 63.01
1204402607900528 63.01
1204402607960383 63.01
1204402608020239 63.01
1204402608080093 63.01
1204402608140949 63.01
1204402608200803 63.01
1204402608260658 63.01
1204402608330694 63.01
1204402608380368 63.01
1204402608440223 63.01
1204402608500078 63.01
1204402608560935 63.03
1204402608630141 63.01
1204402608680642 63.01
1204402608740583 63.01
1204402608800353 63.01
1204402608860209 63.03
1204402608930253 63.01
1204402608980920 63.03
1204402609040773 63.01
1204402609100627 63.01
1204402609160483 63.01
1204402609230516 63.03
1204402609280195 63.03
1204402609340048 63.01
1204402609400904 63.03
1204402609460759 63.03
1204402609530816 63.01
1204402609580469 63.03
1204402609640322 63.01
1204402609700177 63.01
1204402609760030 63.01
1204402609830087 63.03
1204402609880742 63.01
1204402609940599 63.03
1204402700000709 63.03
1204402700060686 63.01
1204402700130606 63.01
1204402700190432 63.01
1204402700240125 63.01
1204402700300984 63.03
1204402700360837 63.01
1204402700380914 63.01
1204402700430669 63.01
1204402700490523 63.01
1204402700550379 63.03
1204402700610232 63.01
1204402700670090 63.03
1204402700730943 63.01
1204402700790798 63.01
1204402700850651 63.01
1204402700910507 63.01
1204402700980521 63.01
1204402701030217 63.01
1204402701090071 63.01
1204402701150927 63.01
1204402701210850 63.03
1204402701270636 63.01
1204402701330492 63.01
1204402701390347 63.01
1204402701450202 63.01
1204402701510057 63.01
1204402701570914 63.03
1204402701630768 63.03
1204402701690623 63.01
1204402701750476 63.01
1204402701810332 63.03
1204402701880349 63.03
1204402701930040 63.01
1204402701990898 63.03
1204402702050753 63.03
1204402702110607 63.03
1204402702170462 63.03
1204402702230316 63.01
1204402702290171 63.01
1204402702360190 63.03
1204402702410884 63.03
1204402702470810 63.03
1204402702530590 63.01
1204402702590462 63.03
1204402702650302 63.03
1204402702710156 63.03
1204402702770013 63.03
1204402702830867 63.03
1204402702890723 63.03
1204402702950577 63.03
1204402703010431 63.03
1204402703070298 63.01
1204402703130141 63.03
1204402703190997 63.03
1204402703250853 63.03
1204402703310708 63.03
1204402703370562 63.03
1204402703400639 63.03
1204402703440390 63.05
1204402703500248 63.03
1204402703560103 63.03
1204402703630309 63.03
1204402703680814 63.03
1204402703750831 63.03
1204402703800523 63.03
1204402703860376 63.03
1204402703930603 63.03
1204402703980087 63.03
1204402704040943 63.03
1204402704100795 63.01
1204402704160651 63.03
1204402704230864 63.03
1204402704280361 63.03
1204402704340217 63.03
1204402704400070 63.01
1204402704470086 63.03
1204402704530971 63.03
1204402704580636 63.03
1204402704640491 63.03
1204402704700346 63.03
1204402704760201 63.03
1204402704830421 63.03
1204402704880911 63.03
1204402704940766 63.03
1204402705010784 63.03
1204402705060477 63.03
1204402705130522 63.03
1204402705180185 63.03
1204402705240040 63.03
1204402705300897 63.03
1204402705360752 63.03
1204402705430804 63.03
1204402705480462 63.03
1204402705540315 63.03
1204402705600171 63.03
1204402705660025 63.03
1204402705730230 63.03
1204402705780736 63.03
1204402705840590 63.03
1204402705900509 63.05
1204402705960301 63.03
1204402706020155 63.03
1204402706080009 63.03
1204402706140865 63.03
1204402706200720 63.03
1204402706260574 63.05
1204402706330615 63.03
1204402706380284 63.05
1204402706410362 63.03
1204402706450113 63.05
1204402706510971 63.03
1204402706570826 63.03
1204402706630681 63.03
1204402706690535 63.03
1204402706750390 63.03
1204402706810246 63.03
1204402706870100 63.03
1204402706930956 63.03
1204402706990811 63.03
1204402707050665 63.03
1204402707110521 63.03
1204402707170375 63.03
1204402707230230 63.03
1204402707290086 63.03
1204402707350941 63.03
1204402707410794 63.03
1204402707470651 63.03
1204402707530505 63.03
1204402707590373 63.03
1204402707650214 63.05
1204402707710068 63.03
1204402707780083 63.05
1204402707830777 63.05
1204402707890633 63.05
1204402707950489 63.03
1204402708010345 63.03
1204402708070198 63.03
1204402708130052 63.05
1204402708190909 63.03
1204402708250764 63.03
1204402708310620 63.03
1204402708370474 63.03
1204402708430329 63.03
1204402708490184 63.03
1204402708550039 63.03
1204402708610893 63.05
1204402708670748 63.03
1204402708730605 63.03
1204402708790457 63.05
1204402708850313 63.03
1204402708910169 63.03
1204402708970024 63.03
1204402709030876 63.05
1204402709090733 63.05
1204402709150588 63.03
1204402709210442 63.05
1204402709270297 63.05
1204402709330153 63.03
1204402709390009 63.03
1204402709420084 63.05
1204402709460852 63.03
1204402709530055 63.03
1204402709580547 63.05
1204402709640403 63.03
1204402709700257 63.05
1204402709760110 63.05
1204402709830165 63.03
1204402709880822 63.05
1204402709940678 63.03
1204402800000788 63.05
1204402800060649 63.03
1204402800130852 63.05
1204402800180354 63.03
1204402800240210 63.03
1204402800310223 63.05
1204402800360919 63.03
1204402800430128 63.05
1204402800480630 63.03
1204402800540483 63.05
1204402800600338 63.05
1204402800660191 63.05
1204402800730394 63.05
1204402800780903 63.05
1204402800840760 63.03
1204402800900613 63.05
1204402800960466 63.05
1204402801020324 63.03
1204402801080177 63.05
1204402801140031 63.05
1204402801200889 63.03
1204402801260743 63.03
1204402801330970 63.03
1204402801380454 63.03
1204402801440307 63.05
1204402801500161 63.05
1204402801560016 63.05
1204402801630232 63.03
1204402801680728 63.03
1204402801740581 63.05
1204402801800438 63.03
1204402801860290 63.05
1204402801930619 63.05
1204402801980000 63.05
1204402802040859 63.03
1204402802100711 63.05
1204402802160567 63.03
1204402802220478 63.03
1204402802280276 63.05
1204402802340130 63.05
1204402802400986 63.05
1204402802430822 63.05
1204402802470818 63.05
1204402802530674 63.03
1204402802590539 63.05
1204402802650383 63.03
1204402802710236 63.05
1204402802770092 63.05
1204402802830946 63.05
1204402802890804 63.03
1204402802950657 63.05
1204402803010512 63.05
1204402803070365 63.05
1204402803130222 63.03
1204402803190077 63.05
1204402803250932 63.05
1204402803310785 63.05
1204402803370642 63.05
1204402803430496 63.05
1204402803490351 63.05
1204402803550206 63.05
1204402803610060 63.05
1204402803670918 63.03
1204402803730771 63.05
1204402803790627 63.05
1204402803850481 63.05
1204402803910334 63.05
1204402803970190 63.05
1204402804030046 63.03
1204402804090903 63.03
1204402804150755 63.05
1204402804210610 63.05
1204402804270465 63.05
1204402804330320 63.05
1204402804390174 63.05
1204402804450030 63.05
1204402804510887 63.03
1204402804570741 63.05
1204402804630595 63.05
1204402804690450 63.05
1204402804750305 63.05
1204402804810158 63.05
1204402804870014 63.05
1204402804930870 63.05
1204402804990728 63.03
1204402805060754 63.03
1204402805110434 63.05
1204402805170290 63.05
1204402805230146 63.03
1204402805300000 63.05
1204402805350855 63.05
1204402805410710 63.05
1204402805430603 63.05
1204402805480540 63.05
1204402805540397 63.03
1204402805600250 63.05
1204402805660106 63.03
1204402805730444 63.05
1204402805780814 63.05
1204402805840668 63.05
1204402805900523 63.05
1204402805960380 63.05
1204402806020235 63.05
1204402806080088 63.05
1204402806140944 63.05
1204402806200799 63.05
1204402806260655 63.05
1204402806330702 63.05
1204402806380363 63.05
1204402806440219 63.05
1204402806500074 63.05
1204402806560930 63.05
1204402806620784 63.05
1204402806680639 63.05
1204402806740494 63.05
1204402806800349 63.05
1204402806860206 63.09
1204402806930258 63.05
1204402806980914 63.05
1204402807040769 63.05
1204402807100624 63.05
1204402807160478 63.05
1204402807220333 63.05
1204402807280187 63.05
1204402807340043 63.05
1204402807400900 63.05
1204402807460753 63.05
1204402807530969 63.05
1204402807580464 63.05
1204402807640319 63.05
1204402807700173 63.05
1204402807760028 63.05
1204402807830083 63.05
1204402807880737 63.05
1204402807940593 63.05
1204402808000448 63.05
1204402808060303 63.05
1204402808120157 63.05
1204402808180012 63.05
1204402808240869 63.05
1204402808300723 63.05
1204402808360578 63.05
1204402808430796 63.05
1204402808450512 63.07
1204402808490262 63.05
1204402808550119 63.05
1204402808610973 63.05
1204402808670829 63.05
1204402808730684 63.05
1204402808790538 63.05
1204402808850393 63.07
1204402808920409 63.05
1204402808970101 63.05
1204402809030958 63.05
1204402809090812 63.05
1204402809150668 63.05
1204402809210523 63.05
1204402809270378 63.05
1204402809330233 63.05
1204402809390087 63.07
1204402809450942 63.05
1204402809510797 63.05
1204402809570654 63.03
1204402809630506 63.05
1204402809690361 63.05
1204402809750216 63.05
1204402809810071 63.05
1204402809870926 63.05
1204402809930781 63.05
1204402809990637 63.05
1204402900060912 63.05
1204402900110603 63.05
1204402900170457 63.05
1204402900230311 63.05
1204402900290168 63.03
1204402900350021 63.05
1204402900410880 63.03
1204402900470731 63.05
1204402900530586 63.05
1204402900590455 63.05
1204402900650296 63.07
1204402900710152 63.05
1204402900770005 63.05
1204402900830861 63.05
1204402900890716 63.05
1204402900950571 63.05
1204402901010425 63.05
1204402901070281 63.05
1204402901130136 63.05
1204402901190991 63.05
1204402901250847 63.05
1204402901310701 63.05
1204402901370555 63.05
1204402901430411 63.05
1204402901460153 63.05
1204402901500242 63.05
1204402901560097 63.05
1204402901630307 63.05
1204402901680807 63.05
1204402901740661 63.05
1204402901800515 63.05
1204402901860372 63.05
1204402901920226 63.05
1204402901980081 63.05
1204402902050108 63.05
1204402902100793 63.05
1204402902160648 63.03
1204402902230863 63.05
1204402902280355 63.05
1204402902340211 63.05
1204402902400066 63.05
1204402902460922 63.05
1204402902530125 63.05
1204402902580630 63.05
1204402902640521 63.05
1204402902700340 63.07
1204402902760195 63.05
1204402902820050 63.05
1204402902880906 63.05
1204402902940762 63.05
1204402903000616 63.05
1204402903060471 63.05
1204402903130675 63.05
1204402903180180 63.05
1204402903240035 63.05
1204402903300890 63.05
1204402903360746 63.05
1204402903430968 63.05
1204402903480454 63.05
1204402903540309 63.05
1204402903600165 63.05
1204402903660019 63.05
1204402903720875 63.05
1204402903780729 63.05
1204402903840586 63.03
1204402903900439 63.05
1204402903960294 63.05
1204402904020149 63.05
1204402904080004 63.05
1204402904140860 63.05
1204402904200715 63.05
1204402904260570 63.05
1204402904330906 63.05
1204402904380279 63.05
1204402904440134 63.05
1204402904470212 63.05
1204402904510966 63.05
1204402904570820 63.05
1204402904630675 63.05
1204402904690531 63.05
1204402904750385 63.05
1204402904810238 63.05
1204402904870093 63.05
1204402904930949 63.05
1204402904990805 63.05
1204402905050660 63.07
1204402905110514 63.05
1204402905170369 63.05
1204402905230224 63.05
1204402905290079 63.05
1204402905350934 63.05
1204402905410789 63.05
1204402905470645 63.05
1204402905540061 63.05
1204402905590367 63.05
1204402905650210 63.05
1204402905710065 63.05
1204402905770919 63.05
1204402905830773 63.05
1204402905890628 63.05
1204402905950483 63.05
1204402906010339 63.05
1204402906070194 63.07
1204402906130048 63.05
1204402906190904 63.05
1204402906250759 63.05
1204402906310614 63.05
1204402906370469 63.05
1204402906430324 63.05
1204402906490178 63.05
1204402906550033 63.05
1204402906610889 63.05
1204402906670744 63.05
1204402906730598 63.05
1204402906790453 63.05
1204402906850308 63.05
1204402906910164 63.05
1204402906970017 63.05
1204402907030873 63.05
1204402907090729 63.05
1204402907150582 63.05
1204402907210437 63.05
1204402907280453 63.05
1204402907330147 63.05
1204402907390002 63.05
1204402907450857 63.05
1204402907480998 63.05
1204402907520688 63.05
1204402907580543 63.05
1204402907640398 63.07
1204402907700252 63.05
1204402907760107 63.05
1204402907830327 63.05
1204402907880817 63.05
1204402907940673 63.05
1204402908000527 63.05
1204402908060383 63.05
1204402908120237 63.05
1204402908180091 63.05
1204402908240949 63.05
1204402908300803 63.05
1204402908360658 63.05
1204402908420512 63.05
1204402908480367 63.05
1204402908540222 63.05
1204402908600076 63.05
1204402908660932 63.05
1204402908730161 63.05
1204402908780642 63.05
1204402908840497 63.05
1204402908900352 63.05
1204402908960206 63.05
1204402909020062 63.05
1204402909080916 63.05
1204402909140772 63.05
1204402909200626 63.05
1204402909260482 63.05
1204402909320336 63.05
1204402909380191 63.05
1204402909440046 63.05
1204402909500901 63.05
1204402909560757 63.05
1204402909620612 63.05
1204402909680466 63.05
1204402909740321 63.05
1204402909800177 63.05
1204402909860029 63.05
1204402909920886 63.05
1204402909980741 63.05
1204403000050851 63.05
1204403000110707 63.05
1204403000170560 63.05
1204403000240780 63.05
1204403000290271 63.05
1204403000350126 63.05
1204403000410982 63.05
1204403000470835 63.05
1204403000500915 63.05
1204403000550791 63.05
1204403000600534 63.05
1204403000660377 63.05
1204403000720231 63.05
1204403000780087 63.05
1204403000840941 63.05
1204403000900798 63.05
1204403000960651 63.05
1204403001020507 63.05
1204403001080362 63.05
1204403001140215 63.05
1204403001200070 63.05
1204403001260926 63.05
1204403001320781 63.07
1204403001380637 63.05
1204403001440490 63.05
1204403001500346 63.05
1204403001560200 63.07
1204403001620055 63.05
1204403001680911 63.05
1204403001740765 63.05
1204403001800622 63.05
1204403001860476 63.05
1204403001920329 63.05
1204403001980186 63.05
1204403002040040 63.07
1204403002100896 63.05
1204403002160751 63.05
1204403002220604 63.05
1204403002280460 63.05
1204403002340315 63.05
1204403002400171 63.05
1204403002460025 63.05
1204403002520880 63.05
1204403002580736 63.05
1204403002640590 63.05
1204403002700445 63.07
1204403002760299 63.07
1204403002820154 63.07
1204403002880008 63.05
1204403002940865 63.05
1204403003000720 63.05
1204403003060574 63.07
1204403003120430 63.05
1204403003180285 63.07
1204403003240139 63.07
1204403003300995 63.05
1204403003360849 63.05
1204403003420704 63.05
1204403003480560 63.05
1204403003510639 63.07
1204403003550389 63.05
1204403003610243 63.07
1204403003670098 63.05
1204403003730955 63.05
1204403003790809 63.07
1204403003850666 63.05
1204403003910520 63.07
1204403003970374 63.05
1204403004030228 63.05
1204403004090084 63.05
1204403004150940 63.05
1204403004210794 63.07
1204403004270650 63.05
1204403004330505 63.05
1204403004390359 63.07
1204403004450213 63.05
1204403004510069 63.07
1204403004570925 63.05
1204403004630779 63.07
1204403004690633 63.05
1204403004750489 63.07
1204403004810343 63.05
1204403004870198 63.05
1204403004940427 63.07
1204403004990909 63.05
1204403005050764 63.05
1204403005110619 63.07
1204403005170474 63.07
1204403005230329 63.05
1204403005290183 63.05
1204403005350039 63.07
1204403005410894 63.05
1204403005470749 63.05
1204403005530604 63.05
1204403005590458 63.05
1204403005650314 63.07
1204403005710167 63.05
1204403005770023 63.05
1204403005830879 63.07
1204403005890733 63.05
1204403005950588 63.07
1204403006010443 63.05
1204403006070298 63.07
1204403006130152 63.07
1204403006190006 63.07
1204403006250863 63.05
1204403006310718 63.05
1204403006370572 63.05
1204403006430428 63.05
1204403006490281 63.07
1204403006520358 63.03
1204403006560112 63.05
1204403006620969 63.05
1204403006680823 63.05
1204403006740678 63.07
1204403006800533 63.05
1204403006860388 63.05
1204403006920243 63.05
1204403006980097 63.07
1204403007040953 63.05
1204403007100809 63.07
1204403007160664 63.05
1204403007220516 63.05
1204403007280373 63.07
1204403007340228 63.05
1204403007400083 63.05
1204403007460938 63.05
1204403007520792 63.05
1204403007580648 63.05
1204403007640501 63.07
1204403007700356 63.05
1204403007760211 63.07
1204403007820066 63.05
1204403007880923 63.07
1204403007940777 63.07
1204403008000631 63.05
1204403008060487 63.05
1204403008120341 63.07
1204403008180196 63.05
1204403008240051 63.05
1204403008300908 63.05
1204403008360761 63.07
1204403008420617 63.05
1204403008480473 63.05
1204403008540327 63.07
1204403008610193 63.05
1204403008660036 63.05
1204403008720892 63.07
1204403008780747 63.05
1204403008840601 63.05
1204403008910616 63.05
1204403008960311 63.07
1204403009020166 63.07
1204403009080020 63.07
1204403009140876 63.05
1204403009200730 63.05
1204403009260585 63.05
1204403009320440 63.07
1204403009380295 63.07
1204403009450152 63.05
1204403009510006 63.05
1204403009530082 63.03
1204403009580837 63.05
1204403009640691 63.05
1204403009700546 63.05
1204403009760402 63.05
1204403009820257 63.05
1204403009880112 63.05
1204403009940967 63.07
1204403100000822 63.05
1204403100060932 63.05
1204403100120788 63.05
1204403100180640 63.07
1204403100240495 63.05
1204403100300417 63.05
1204403100360205 63.05
1204403100420060 63.05
1204403100480918 63.07
1204403100540771 63.07
1204403100600625 63.05
1204403100660483 63.09
1204403100720335 63.07
1204403100780191 63.05
1204403100840045 63.05
1204403100900902 63.07
1204403100960755 63.05
1204403101020611 63.07
1204403101080465 63.07
1204403101140320 63.05
1204403101200175 63.07
1204403101260030 63.05
1204403101320886 63.05
1204403101380741 63.07
1204403101440595 63.07
1204403101500450 63.05
1204403101560305 63.05
1204403101620159 63.05
1204403101680014 63.05
1204403101740869 63.05
1204403101800725 63.05
1204403101860579 63.07
1204403101920434 63.07
1204403101980289 63.05
1204403102040144 63.07
1204403102110000 63.05
1204403102160856 63.05
1204403102220711 63.05
1204403102280565 63.05
1204403102340418 63.05
1204403102400273 63.05
1204403102460129 63.05
1204403102520984 63.05
1204403102540847 63.05
1204403102590816 63.05
1204403102650671 63.05
1204403102710524 63.07
1204403102770379 63.05
1204403102830234 63.05
1204403102890089 63.05
1204403102950946 63.05
1204403103010801 63.05
1204403103070654 63.05
1204403103130509 63.05
1204403103190364 63.05
1204403103250220 63.05
1204403103310075 63.05
1204403103370929 63.05
1204403103430784 63.05
1204403103490639 63.05
1204403103550495 63.05
1204403103610363 63.05
1204403103670203 63.05
1204403103730058 63.05
1204403103790914 63.05
1204403103850770 63.05
1204403103910625 63.05
1204403103970478 63.05
1204403104030334 63.05
1204403104090189 63.05
1204403104150042 63.05
1204403104210898 63.05
1204403104270753 63.05
1204403104330609 63.05
1204403104390464 63.05
1204403104450319 63.05
1204403104510172 63.05
1204403104570028 63.05
1204403104630884 63.05
1204403104690739 63.05
1204403104750592 63.05
1204403104810447 63.05
1204403104870302 63.05
1204403104930157 63.05
1204403104990013 63.05
1204403105050869 63.05
1204403105110722 63.05
1204403105170577 63.05
1204403105230434 63.03
1204403105290288 63.05
1204403105350143 63.05
1204403105410999 63.05
1204403105470852 63.05
1204403105530707 63.05
1204403105550782 63.05