1205001308080091 57.51
1205001308140949 57.54
1205001308200806 57.56
1205001308260657 57.62
1205001308320511 57.71
1205001308380368 57.82
1205001308440227 57.91
1205001308500080 57.95
1205001308560933 57.99
1205001308580771 58.05
1205001308630762 58.05
1205001308690619 58.12
1205001308750474 58.16
1205001308810327 58.25
1205001308870181 58.34
1205001308930112 58.47
1205001308990894 58.62
1205001309050751 58.83
1205001309110603 58.98
1205001309170456 59.14
1205001309230389 59.27
1205001309290166 59.38
1205001309350023 59.46
1205001309410881 59.5
1205001309470731 59.57
1205001309530703 59.65
1205001309590447 59.68
1205001309650299 59.72
1205001309710153 59.76
1205001309770005 59.85
1205001309830863 59.98
1205001309890716 60.09
1205001309950574 60.2
1205001400010681 60.37
1205001400070537 60.54
1205001400130405 60.63
1205001400190246 60.71
1205001400250105 60.78
1205001400310961 60.84
1205001400370812 60.87
1205001400430666 60.93
1205001400490521 60.95
1205001400550378 60.97
1205001400610233 61
1205001400670087 61.06
1205001400730997 61.08
1205001400790802 61.12
1205001400850655 61.13
1205001400910508 61.17
1205001400970362 61.19
1205001401030217 61.19
1205001401090072 61.21
1205001401150929 61.21
1205001401210781 61.23
1205001401270637 61.23
1205001401330506 61.23
1205001401390347 61.25
1205001401450201 61.25
1205001401510056 61.26
1205001401570916 61.28
1205001401590753 61.32
1205001401640748 61.28
1205001401700601 61.32
1205001401760454 61.38
1205001401820309 61.45
1205001401880164 61.49
1205001401940020 61.49
1205001402000874 61.51
1205001402060729 61.51
1205001402120598 61.52
1205001402180442 61.52
1205001402240297 61.52
1205001402300148 61.54
1205001402360003 61.54
1205001402420861 61.56
1205001402480714 61.54
1205001402540572 61.56
1205001402600421 61.58
1205001402660277 61.58
1205001402720194 61.56
1205001402780987 61.58
1205001402840847 61.6
1205001402900696 61.58
1205001402960551 61.58
1205001403020525 61.58
1205001403080265 61.6
1205001403140119 61.6
1205001403200975 61.6
1205001403260826 61.62
1205001403320701 61.64
1205001403380542 61.64
1205001403440394 61.65
1205001403500253 61.64
1205001403560102 61.65
1205001403620956 61.67
1205001403680812 61.67
1205001403740667 61.67
1205001403800520 61.67
1205001403860377 61.69
1205001403920242 61.69
1205001403980085 61.77
1205001404040942 61.78
1205001404100795 61.82
1205001404160654 61.88
1205001404220506 61.93
1205001404280363 62.01
1205001404340216 62.03
1205001404400075 62.08
1205001404460931 62.08
1205001404520920 62.1
1205001404580642 62.08
1205001404600475 62.1
1205001404650466 62.1
1205001404710322 62.14
1205001404770178 62.21
1205001404830030 62.29
1205001404890887 62.34
1205001404950744 62.36
1205001405010595 62.42
1205001405070452 62.53
1205001405130310 62.6
1205001405190165 62.66
1205001405250016 62.7
1205001405310872 62.7
1205001405370729 62.72
1205001405430583 62.73
1205001405490438 62.77
1205001405550289 62.79
1205001405610144 62.79
1205001405680000 62.79
1205001405730856 62.79
1205001405790711 62.79
1205001405850566 62.81
1205001405910419 62.81
1205001405970274 62.81
1205001406030131 62.83
1205001406090985 62.81
1205001406150840 62.81
1205001406210698 62.83
1205001406270553 62.83
1205001406330406 62.83
1205001406390261 62.83
1205001406450115 62.85
1205001406510971 62.85
1205001406570824 62.85
1205001406630679 62.85
1205001406690534 62.85
1205001406750390 62.85
1205001406810246 62.83
1205001406870099 62.85
1205001406930954 62.85
1205001406990809 62.85
1205001407050666 62.86
1205001407110521 62.86
1205001407170376 62.86
1205001407230314 62.86
1205001407290085 62.86
1205001407350941 62.86
1205001407410796 62.86
1205001407470652 62.86
1205001407530507 62.88
1205001407590362 62.88
1205001407610201 62.86
1205001407660190 62.86
1205001407720061 62.86
1205001407780904 62.88
1205001407840759 62.88
1205001407900612 62.9
1205001407960467 62.9
1205001408020444 62.9
1205001408080178 62.88
1205001408140033 62.88
1205001408200887 62.9
1205001408260741 62.9
1205001408320730 62.9
1205001408380451 62.9
1205001408440306 62.9
1205001408500159 62.9
1205001408560015 62.9
1205001408620884 62.9
1205001408680726 62.9
1205001408740581 62.9
1205001408800436 62.9
1205001408860289 62.92
1205001408920264 62.92
1205001408990000 62.92
1205001409040856 62.92
1205001409100711 62.9
1205001409160566 62.9
1205001409220433 62.92
1205001409280275 62.92
1205001409340130 62.92
1205001409400986 62.92
1205001409460839 62.92
1205001409520778 62.92
1205001409580550 62.9
1205001409640405 62.9
1205001409700260 62.92
1205001409760113 62.92
1205001409820980 62.92
1205001409880825 62.92
1205001409940680 62.92
1205001500000535 62.92
1205001500060644 62.92
1205001500120636 62.92
1205001500180355 62.92
1205001500240210 62.92
1205001500300065 62.92
1205001500360918 62.94
1205001500420774 62.94
1205001500480629 62.92
1205001500540485 62.92
1205001500600340 62.92
1205001500620401 62.92
1205001500670169 62.92
1205001500730025 62.92
1205001500790881 62.92
1205001500850735 62.92
1205001500910588 62.94
1205001500970443 62.94
1205001501030300 62.92
1205001501090152 62.94
1205001501150009 62.92
1205001501210865 62.92
1205001501270720 62.92
1205001501330574 62.92
1205001501390429 62.92
1205001501450284 62.92
1205001501510139 62.92
1205001501570993 62.94
1205001501630849 62.92
1205001501690704 62.92
1205001501750559 62.92
1205001501810414 62.92
1205001501870268 62.94
1205001501930124 62.92
1205001501990976 62.94
1205001502050832 62.94
1205001502110687 62.94
1205001502170544 62.92
1205001502230489 62.92
1205001502290254 62.92
1205001502350106 62.94
1205001502410963 62.92
1205001502470818 62.92
1205001502530672 62.94
1205001502590529 62.92
1205001502650382 62.92
1205001502710237 62.92
1205001502770093 62.92
1205001502830949 62.92
1205001502890805 62.92
1205001502950656 62.94
1205001503010513 62.92
1205001503070366 62.94
1205001503130223 62.92
1205001503190078 62.92
1205001503250932 62.92
1205001503310787 62.92
1205001503370641 62.94
1205001503430498 62.92
1205001503490353 62.92
1205001503550207 62.92
1205001503610062 62.92
1205001503630929 62.96
1205001503680894 62.92
1205001503740748 62.92
1205001503800603 62.92
1205001503860459 62.92
1205001503920325 62.94
1205001503980165 62.94
1205001504040022 62.92
1205001504100876 62.94
1205001504160733 62.92
1205001504220600 62.92
1205001504280440 62.94
1205001504340295 62.94
1205001504400153 62.92
1205001504460006 62.94
1205001504520997 62.92
1205001504580716 62.94
1205001504640573 62.92
1205001504700428 62.92
1205001504760281 62.92
1205001504820150 62.92
1205001504880993 62.92
1205001504940846 62.94
1205001505000701 62.94
1205001505060556 62.94
1205001505120423 62.94
1205001505180264 62.94
1205001505240119 62.94
1205001505300978 62.92
1205001505360833 62.92
1205001505420700 62.94
1205001505480541 62.92
1205001505540395 62.94
1205001505600252 62.92
1205001505660107 62.92
1205001505720027 62.92
1205001505780816 62.92
1205001505840672 62.92
1205001505900527 62.92
1205001505960382 62.92
1205001506020382 62.92
1205001506080092 62.92
1205001506140947 62.92
1205001506200802 62.92
1205001506260657 62.92
1205001506320522 62.94
1205001506380366 62.92
1205001506440221 62.92
1205001506500074 62.94
1205001506560930 62.92
1205001506620797 62.94
1205001506640638 62.94
1205001506690615 62.94
1205001506750472 62.92
1205001506810327 62.92
1205001506870180 62.92
1205001506930036 62.92
1205001506990892 62.92
1205001507050747 62.92
1205001507110600 62.94
1205001507170454 62.94
1205001507230389 62.94
1205001507290164 62.94
1205001507350021 62.92
1205001507410874 62.94
1205001507470731 62.92
1205001507530584 62.94
1205001507590440 62.94
1205001507650295 62.94
1205001507710148 62.94
1205001507770003 62.94
1205001507830860 62.94
1205001507890717 62.92
1205001507950568 62.94
1205001508010424 62.94
1205001508070279 62.94
1205001508130134 62.94
1205001508190992 62.92
1205001508250845 62.92
1205001508310700 62.92
1205001508370554 62.94
1205001508430411 62.92
1205001508490264 62.94
1205001508550119 62.94
1205001508610973 62.94
1205001508670828 62.94
1205001508730683 62.94
1205001508790539 62.94
1205001508850392 62.94
1205001508910247 62.94
1205001508970103 62.94
1205001509030959 62.94
1205001509090814 62.94
1205001509150667 62.94
1205001509210522 62.94
1205001509270378 62.94
1205001509330233 62.94
1205001509390088 62.94
1205001509450942 62.94
1205001509510798 62.94
1205001509570653 62.94
1205001509630508 62.94
1205001509650347 62.98
1205001509700337 62.94
1205001509760193 62.94
1205001509820064 62.96
1205001509880906 62.96
1205001509940759 62.96
1205001600000613 62.94
1205001600060724 62.94
1205001600120594 62.96
1205001600180434 62.94
1205001600240287 62.94
1205001600300142 62.94
1205001600360998 62.94
1205001600420867 62.94
1205001600480708 62.94
1205001600540564 62.96
1205001600600419 62.96
1205001600660272 62.94
1205001600720192 62.96
1205001600780984 62.94
1205001600840839 62.94
1205001600900825 62.94
1205001600960547 62.94
1205001601020547 62.94
1205001601080258 62.94
1205001601140111 62.94
1205001601200969 62.96
1205001601260825 62.96
1205001601320694 62.96
1205001601380533 62.96
1205001601440389 62.96
1205001601500285 62.94
1205001601560097 62.94
1205001601620959 62.94
1205001601680810 62.96
1205001601740663 62.96
1205001601800517 62.94
1205001601860374 62.96
1205001601920243 62.96
1205001601980084 62.96
1205001602040939 62.96
1205001602100807 62.96
1205001602160647 62.94
1205001602220515 62.94
1205001602280357 62.94
1205001602340210 62.94
1205001602400065 62.94
1205001602460921 62.94
1205001602520943 62.96
1205001602580634 62.96
1205001602640487 62.96
1205001602660326 62.98
1205001602710319 62.96
1205001602770174 62.96
1205001602830027 62.94
1205001602890881 62.94
1205001602950736 62.94
1205001603010593 62.96
1205001603070447 62.94
1205001603130304 62.96
1205001603190159 62.96
1205001603250012 62.96
1205001603310869 62.96
1205001603370724 62.96
1205001603430579 62.96
1205001603490432 62.96
1205001603550288 62.96
1205001603610141 62.94
1205001603670999 62.96
1205001603730854 62.96
1205001603790705 62.94
1205001603850563 62.96
1205001603910418 62.96
1205001603970273 62.96
1205001604030128 62.96
1205001604090985 62.96
1205001604150838 62.96
1205001604210693 62.96
1205001604270548 62.96
1205001604330401 62.96
1205001604390256 62.96
1205001604450112 62.96
1205001604510968 62.96
1205001604570824 62.96
1205001604630677 62.96
1205001604690530 62.94
1205001604750387 62.96
1205001604810242 62.96
1205001604870097 62.96
1205001604930952 62.96
1205001604990807 62.96
1205001605050662 62.96
1205001605110517 62.96
1205001605170370 62.98
1205001605230313 62.96
1205001605290082 62.96
1205001605350937 62.96
1205001605410792 62.96
1205001605470647 62.96
1205001605530502 62.96
1205001605590356 62.96
1205001605650211 62.96
1205001605670051 62.96
1205001605720120 62.96
1205001605780898 62.96
1205001605840752 62.96
1205001605900607 62.96
1205001605960462 62.96
1205001606020460 62.96
1205001606080173 62.96
1205001606140026 62.96
1205001606200882 62.96
1205001606260737 62.96
1205001606320604 62.98
1205001606380446 62.96
1205001606440301 62.96
1205001606500154 62.98
1205001606560012 62.96
1205001606620880 62.96
1205001606680721 62.96
1205001606740576 62.96
1205001606800431 62.96
1205001606860286 62.96
1205001606920153 62.96
1205001606980996 62.98
1205001607040849 62.94
1205001607100706 62.96
1205001607160562 62.96
1205001607220430 62.96
1205001607280270 62.96
1205001607340125 62.96
1205001607400980 62.98
1205001607460837 62.96
1205001607520831 62.98
1205001607580545 62.96
1205001607640401 62.96
1205001607700254 62.98
1205001607760111 62.96
1205001607820979 62.96
1205001607880820 62.96
1205001607940676 62.96
1205001608000531 62.96
1205001608060386 62.96
1205001608120253 62.96
1205001608180095 62.96
1205001608240951 62.96
1205001608300806 62.96
1205001608360661 62.96
1205001608420528 62.96
1205001608480369 62.96
1205001608540225 62.96
1205001608600080 62.96
1205001608660936 62.96
1205001608680775 62.99
1205001608730766 62.96
1205001608790621 62.96
1205001608850476 62.96
1205001608910331 62.96
1205001608970184 62.96
1205001609030039 62.96
1205001609090907 62.98
1205001609150751 62.96
1205001609210606 62.96
1205001609270459 62.98
1205001609330312 62.98
1205001609390169 62.96
1205001609450025 62.96
1205001609510879 62.98
1205001609570736 62.96
1205001609630589 62.98
1205001609690445 62.96
1205001609750300 62.96
1205001609810153 62.98
1205001609870010 62.96
1205001609930863 62.98
1205001609990718 62.98
1205001700050831 62.96
1205001700110686 62.96
1205001700170538 62.98
1205001700230481 62.96
1205001700290250 62.96
1205001700350103 62.98
1205001700410957 62.98
1205001700470812 62.98
1205001700530667 62.98
1205001700590522 62.98
1205001700650378 62.98
1205001700710233 62.98
1205001700770089 62.98
1205001700830942 62.98
1205001700890798 62.98
1205001700950653 62.98
1205001701010508 62.98
1205001701070361 62.98
1205001701130217 62.98
1205001701190074 62.96
1205001701250928 62.98
1205001701310784 62.98
1205001701370637 62.98
1205001701430494 62.96
1205001701490347 62.98
1205001701550200 62.98
1205001701610056 62.98
1205001701670912 62.98
1205001701690766 62.98
1205001701740744 62.98
1205001701800597 62.98
1205001701860452 62.98
1205001701920321 62.98
1205001701980162 62.98
1205001702040018 62.98
1205001702100872 62.98
1205001702160727 62.98
1205001702220596 62.98
1205001702280438 62.98
1205001702340293 62.98
1205001702400147 62.98
1205001702460001 62.98
1205001702530000 62.98
1205001702580712 62.98
1205001702640567 62.98
1205001702700421 62.98
1205001702760276 62.98
1205001702820145 62.98
1205001702880987 62.98
1205001702940842 62.98
1205001703000698 62.98
1205001703060551 62.98
1205001703120420 62.98
1205001703180261 62.98
1205001703240117 62.98
1205001703300971 62.98
1205001703360827 62.98
1205001703420696 62.98
1205001703480537 62.98
1205001703540390 62.98
1205001703600245 62.98
1205001703660101 62.98
1205001703720042 62.98
1205001703780812 62.98
1205001703840666 62.98
1205001703900520 62.98
1205001703960376 62.98
1205001704020383 62.98
1205001704080086 62.98
1205001704140940 62.98
1205001704200795 62.98
1205001704260651 62.98
1205001704320520 62.98
1205001704380359 62.98
1205001704440214 62.98
1205001704500069 62.98
1205001704560926 62.98
1205001704620795 62.98
1205001704680822 62.98
1205001704700490 62.99
1205001704750466 62.98
1205001704810323 62.99
1205001704870176 62.98
1205001704930029 62.98
1205001704990885 62.98
1205001705050741 62.98
1205001705110596 62.98
1205001705170451 62.98
1205001705230396 62.98
1205001705290159 62.98
1205001705350015 62.98
1205001705410871 62.98
1205001705470726 62.98
1205001705530580 62.98
1205001705590435 62.98
1205001705650290 62.98
1205001705710145 62.98
1205001705770000 62.98
1205001705830856 62.98
1205001705890710 62.98
1205001705950565 62.98
1205001706010420 62.98
1205001706070275 62.98
1205001706130128 62.98
1205001706190984 62.98
1205001706250840 62.98
1205001706310695 62.98
1205001706370551 62.98
1205001706430404 62.98
1205001706490259 62.98
1205001706550114 62.98
1205001706610970 62.98
1205001706670825 62.98
1205001706730679 62.98
1205001706790534 62.98
1205001706850389 62.98
1205001706910245 62.98
1205001706970099 62.98
1205001707030956 62.99
1205001707090809 62.98
1205001707150664 62.98
1205001707210519 62.98
1205001707270374 62.98
1205001707330228 62.98
1205001707390083 62.98
1205001707450940 62.98
1205001707510794 62.98
1205001707570650 62.98
1205001707630503 62.98
1205001707690358 62.98
1205001707710200 62.99
1205001707760190 62.98
1205001707820057 62.98
1205001707880902 62.99
1205001707940757 62.99
1205001708000611 62.99
1205001708060465 62.98
1205001708120334 62.99
1205001708180173 62.98
1205001708240028 62.98
1205001708300887 62.99
1205001708360740 62.98
1205001708420607 62.98
1205001708480448 62.98
1205001708540306 62.99
1205001708600159 62.98
1205001708660012 62.98
1205001708720968 62.98
1205001708780723 62.98
1205001708840580 62.99
1205001708900434 62.98
1205001708960289 62.98
1205001709020290 62.98
1205001709090000 62.99
1205001709140853 62.98
1205001709200710 62.99
1205001709260564 62.98
1205001709320433 62.99
1205001709380272 62.98
1205001709440130 62.99
1205001709500984 62.98
1205001709560841 62.99
1205001709620706 62.98
1205001709680547 62.98
1205001709740403 62.98
1205001709800260 62.99
1205001709860111 62.98
1205001709920981 62.98
1205001709980823 62.98
1205001800040935 62.99
1205001800100789 62.98
1205001800160642 62.98
1205001800220511 62.98
1205001800280353 62.98
1205001800340209 62.99
1205001800400063 62.98
1205001800460919 62.99
1205001800520938 62.98
1205001800580627 62.98
1205001800640484 62.99
1205001800700337 62.98
1205001800720416 63.01
1205001800770168 62.98
1205001800830022 62.98
1205001800890878 62.98
1205001800950733 62.98
1205001801010590 62.99
1205001801070443 62.98
1205001801130298 62.99
1205001801190153 62.99
1205001801250009 62.99
1205001801310865 62.99
1205001801370718 62.98
1205001801430573 62.98
1205001801490429 62.98
1205001801550282 62.98
1205001801610139 62.99
1205001801670993 62.98
1205001801730895 62.98
1205001801790703 62.99
1205001801850559 62.99
1205001801910412 62.98
1205001801970270 62.99
1205001802030121 62.98
1205001802090977 62.98
1205001802150834 62.99
1205001802210689 62.99
1205001802270542 62.98
1205001802330398 62.98
1205001802390253 62.99
1205001802450108 62.99
1205001802510962 62.98
1205001802570817 62.98
1205001802630672 62.98
1205001802690527 62.98
1205001802750382 62.99
1205001802810235 62.98
1205001802870171 62.99
1205001802930947 62.98
1205001802990805 62.99
1205001803050658 62.99
1205001803110511 62.98
1205001803170366 62.98
1205001803230309 62.98
1205001803290078 62.99
1205001803350931 62.98
1205001803410788 62.99
1205001803470649 62.98
1205001803530497 62.98
1205001803590351 62.99
1205001803650205 62.98
1205001803710060 62.98
1205001803730927 63.01
1205001803780894 62.99
1205001803840748 62.99
1205001803900603 62.99
1205001803960456 62.98
1205001804020468 62.98
1205001804080167 62.98
1205001804140022 62.99
1205001804200878 62.99
1205001804260731 62.98
1205001804320596 62.98
1205001804380441 62.98
1205001804440299 62.99
1205001804500152 62.99
1205001804560006 62.98
1205001804620875 62.98
1205001804680716 62.98
1205001804740572 62.99
1205001804800427 62.99
1205001804860282 62.99
1205001804920151 62.99
1205001804980993 62.99
1205001805040847 62.98
1205001805100702 62.99
1205001805160555 62.98
1205001805220424 62.98
1205001805280265 62.98
1205001805340119 62.98
1205001805400975 62.98
1205001805460832 62.99
1205001805520871 62.99
1205001805580543 62.99
1205001805640398 62.99
1205001805700249 62.98
1205001805760106 62.99
1205001805820976 62.99
1205001805880815 62.98
1205001805940671 62.98
1205001806000526 62.99
1205001806060381 62.99
1205001806120248 62.98
1205001806180089 62.98
1205001806240946 62.99
1205001806300801 62.99
1205001806360654 62.98
1205001806420525 62.99
1205001806480365 62.98
1205001806540218 62.98
1205001806600074 62.98
1205001806660929 62.98
1205001806720898 62.99
1205001806740631 63.01
1205001806790614 62.98
1205001806850469 62.98
1205001806910326 62.99
1205001806970181 62.99
1205001807030035 62.98
1205001807090891 62.99
1205001807150745 62.98
1205001807210599 62.98
1205001807270454 62.98
1205001807330312 62.99
1205001807390165 62.98
1205001807450018 62.98
1205001807510876 62.99
1205001807570730 62.98
1205001807630587 62.99
1205001807690442 62.99
1205001807750293 62.98
1205001807810150 62.99
1205001807870005 62.99
1205001807930859 62.98
1205001807990714 62.98
1205001808050570 62.98
1205001808110423 62.98
1205001808170278 62.98
1205001808230227 62.98
1205001808290991 62.99
1205001808350847 62.99
1205001808410698 62.98
1205001808470553 62.98
1205001808530408 62.98
1205001808590266 62.99
1205001808650119 62.98
1205001808710977 62.99
1205001808770830 62.99
1205001808830683 62.98
1205001808890539 62.98
1205001808950394 62.98
1205001809010249 62.99
1205001809070102 62.98
1205001809130961 62.99
1205001809190814 62.98
1205001809250669 62.98
1205001809310524 62.98
1205001809370379 62.99
1205001809430234 62.99
1205001809490090 62.99
1205001809550944 62.98
1205001809610797 62.98
1205001809670653 62.98
1205001809730509 62.99
1205001809750346 63.01
1205001809800339 62.98
1205001809860317 62.98
1205001809920061 62.98
1205001809980905 62.99
1205001900040013 62.98
1205001900100871 62.99
1205001900160723 62.98
1205001900220592 62.98
1205001900280435 62.99
1205001900340289 62.98
1205001900400142 62.98
1205001900460032 62.99
1205001900530000 62.98
1205001900580708 62.98
1205001900640564 62.98
1205001900700419 62.99
1205001900760272 62.98
1205001900820141 62.98
1205001900880985 62.99
1205001900940840 62.99
1205001901000693 62.98
1205001901060564 62.99
1205001901120417 62.99
1205001901180259 62.99
1205001901240112 62.98
1205001901300968 62.98
1205001901360823 62.99
1205001901420690 62.98
1205001901480534 62.99
1205001901540389 62.99
1205001901600242 62.98
1205001901660096 62.98
1205001901720086 62.99
1205001901780809 62.99
1205001901840664 62.99
1205001901900517 62.98
1205001901960371 62.98
1205001902020386 62.99
1205001902080083 62.99
1205001902140937 62.98
1205001902200791 62.98
1205001902260646 62.98
1205001902320515 62.98
1205001902380356 62.98
1205001902440214 62.99
1205001902500069 62.99
1205001902560921 62.98
1205001902620790 62.98
1205001902680632 62.98
1205001902740488 62.99
1205001902760325 63.01
1205001902810316 62.98
1205001902870173 62.99
1205001902930028 62.99
1205001902990884 62.99
1205001903050740 62.99
1205001903110593 62.99
1205001903170448 62.99
1205001903230399 62.98
1205001903290156 62.98
1205001903350014 62.99
1205001903410866 62.98
1205001903470721 62.98
1205001903530576 62.98
1205001903590433 62.99
1205001903650286 62.98
1205001903710142 62.98
1205001903770996 62.98
1205001903830853 62.99
1205001903890708 62.99
1205001903950563 62.99
1205001904010415 62.98
1205001904070270 62.98
1205001904130127 62.99
1205001904190983 62.99
1205001904250839 62.99
1205001904310692 62.98
1205001904370547 62.99
1205001904430400 62.98
1205001904490255 62.98
1205001904550110 62.98
1205001904610966 62.98
1205001904670820 62.98
1205001904730676 62.98
1205001904790530 62.98
1205001904850385 62.98
1205001904910241 62.98
1205001904970096 62.98
1205001905030952 62.99
1205001905090805 62.98
1205001905150660 62.98
1205001905210515 62.98
1205001905270371 62.99
1205001905330226 62.99
1205001905390079 62.98
1205001905450935 62.98
1205001905510791 62.98
1205001905570644 62.98
1205001905630501 62.99
1205001905690357 62.99
1205001905750210 62.98
1205001905770049 63.01
1205001905820051 62.98
1205001905880898 62.99
1205001905940751 62.98
1205001906000608 62.99
1205001906060461 62.99
1205001906120328 62.98
1205001906180171 62.99
1205001906240025 62.98
1205001906300881 62.98
1205001906360736 62.99
1205001906420603 62.98
1205001906480446 62.99
1205001906540301 62.99
1205001906600156 62.99
1205001906660010 62.98
1205001906720972 62.99
1205001906780720 62.98
1205001906840574 62.98
1205001906900431 62.99
1205001906960287 62.99
1205001907020285 62.99
1205001907080994 62.98
1205001907140849 62.98
1205001907200704 62.98
1205001907260560 62.98
1205001907320427 62.98
1205001907380270 62.99
1205001907440123 62.98
1205001907500980 62.98
1205001907560833 62.98
1205001907620702 62.98
1205001907680543 62.98
1205001907740401 62.99
1205001907800254 62.98
1205001907860111 62.99
1205001907920979 62.99
1205001907980818 62.98
1205001908040674 62.98
1205001908100531 62.99
1205001908160384 62.99
1205001908220251 62.98
1205001908280095 62.99
1205001908340951 62.99
1205001908400806 62.99
1205001908460659 62.99
1205001908520665 62.99
1205001908580370 62.99
1205001908640223 62.98
1205001908700080 62.99
1205001908760933 62.98
1205001908780775 62.99
1205001908830765 62.98
1205001908890622 62.99
1205001908950473 62.98
1205001909010328 62.98
1205001909070183 62.98
1205001909130041 62.99
1205001909190893 62.98
1205001909250750 62.99
1205001909310606 62.99
1205001909370461 62.99
1205001909430314 62.98
1205001909490171 62.99
1205001909550024 62.99
1205001909610880 62.99
1205001909670734 62.98
1205001909730587 62.98
1205001909790444 62.99
1205001909850297 62.98
1205001909910152 62.98
1205001909970007 62.98
1205002000030121 62.99
1205002000090977 62.99
1205002000150828 62.98
1205002000210684 62.98
1205002000270541 62.99
1205002000330396 62.99
1205002000390249 62.98
1205002000450104 62.99
1205002000510958 62.98
1205002000570814 62.98
1205002000630669 62.98
1205002000690524 62.98
1205002000750377 62.98
1205002000810234 62.99
1205002000870090 62.99
1205002000930944 62.98
1205002000990801 62.99
1205002001050654 62.99
1205002001110507 62.98
1205002001170363 62.98
1205002001230318 62.99
1205002001290075 62.99
1205002001350930 62.99
1205002001410785 62.99
1205002001470638 62.98
1205002001530495 62.99
1205002001590348 62.98
1205002001650203 62.98
1205002001710056 62.98
1205002001770915 62.99
1205002001790753 62.98
1205002001840744 62.98
1205002001900602 62.99
1205002001960452 62.98
1205002002020462 62.99
1205002002080165 62.99
1205002002140018 62.98
1205002002200875 62.99
1205002002260730 62.99
1205002002320589 62.98
1205002002380439 62.99
1205002002440292 62.98
1205002002500147 62.98
1205002002560002 62.98
1205002002620874 62.99
1205002002680713 62.98
1205002002740569 62.98
1205002002800425 62.99
1205002002860279 62.99
1205002002920167 62.98
1205002002980990 62.99
1205002003040843 62.98
1205002003100700 62.99
1205002003160551 62.98
1205002003220422 62.99
1205002003280262 62.98
1205002003340119 62.99
1205002003400976 62.99
1205002003460827 62.98
1205002003530850 62.98
1205002003580537 62.98
1205002003640394 62.99
1205002003700247 62.98
1205002003760102 62.99
1205002003820970 62.98
1205002003880812 62.98
1205002003940668 62.98
1205002004000524 62.99
1205002004060376 62.98
1205002004120247 62.99
1205002004180086 62.98
1205002004250108 62.98
1205002004300796 62.98
1205002004360651 62.98
1205002004420520 62.98
1205002004480361 62.98
1205002004540216 62.98
1205002004600071 62.98
1205002004660928 62.99
1205002004720902 62.98
1205002004780636 62.98
1205002004800475 63.01
1205002004850468 62.98
1205002004910321 62.98
1205002004970176 62.98
1205002005030033 62.99
1205002005090888 62.98
1205002005150741 62.98
1205002005210596 62.98
1205002005270451 62.98
1205002005330307 62.98
1205002005390164 62.99
1205002005450015 62.98
1205002005510871 62.98
1205002005570728 62.99
1205002005630582 62.98
1205002005690439 62.99
1205002005750290 62.98
1205002005810145 62.98
1205002005870002 62.99
1205002005930857 62.98
1205002005990712 62.98
1205002006050569 62.99
1205002006110420 62.98
1205002006170275 62.98
1205002006230234 62.99
1205002006290987 62.98
1205002006350842 62.98
1205002006410696 62.98