1205501207610001 60.58
1205501207670769 60.59
1205501207730624 60.59
1205501207790483 60.65
1205501207850332 60.69
1205501207910281 60.72
1205501207970044 60.76
1205501208030901 60.8
1205501208090754 60.82
1205501208150613 60.84
1205501208210558 60.87
1205501208270318 60.89
1205501208330173 60.91
1205501208390028 60.91
1205501208450882 60.91
1205501208510737 60.93
1205501208570595 60.97
1205501208630450 60.98
1205501208690305 61
1205501208750158 61.04
1205501208810099 61.06
1205501208870873 61.12
1205501208930727 61.17
1205501208990580 61.21
1205501209050433 61.26
1205501209110388 61.28
1205501209170146 61.3
1205501209230132 61.32
1205501209290857 61.32
1205501209350712 61.34
1205501209410653 61.38
1205501209470418 61.39
1205501209530276 61.45
1205501209590131 61.49
1205501209650987 61.51
1205501209710844 61.56
1205501209770693 61.62
1205501209830550 61.65
1205501209890403 61.71
1205501209950261 61.75
1205501300010370 61.78
1205501300070228 61.8
1205501300130079 61.82
1205501300190939 61.8
1205501300250794 61.8
1205501300310740 61.82
1205501300340005 61.84
1205501300380475 61.86
1205501300440335 61.9
1205501300500188 61.92
1205501300560039 61.93
1205501300620888 61.93
1205501300680754 61.95
1205501300740608 62.01
1205501300800461 62.03
1205501300860316 62.05
1205501300920163 62.05
1205501300980030 62.08
1205501301040885 62.06
1205501301100742 62.08
1205501301160595 62.06
1205501301220444 62.1
1205501301280299 62.1
1205501301340158 62.12
1205501301400009 62.14
1205501301460868 62.16
1205501301520914 62.18
1205501301580574 62.18
1205501301640430 62.19
1205501301700285 62.25
1205501301760142 62.27
1205501301820996 62.27
1205501301880849 62.29
1205501301940704 62.29
1205501302000561 62.31
1205501302060417 62.31
1205501302120270 62.31
1205501302180127 62.36
1205501302240983 62.4
1205501302300835 62.42
1205501302360692 62.44
1205501302420545 62.47
1205501302480398 62.51
1205501302540255 62.53
1205501302600110 62.55
1205501302660967 62.55
1205501302720851 62.58
1205501302780673 62.58
1205501302840532 62.6
1205501302900383 62.58
1205501302960238 62.58
1205501303020293 62.62
1205501303080952 62.68
1205501303140805 62.7
1205501303200663 62.72
1205501303260516 62.73
1205501303320369 62.77
1205501303350708 62.77
1205501303390200 62.77
1205501303450054 62.79
1205501303510910 62.79
1205501303570765 62.79
1205501303630620 62.77
1205501303690473 62.79
1205501303750328 62.81
1205501303810270 62.81
1205501303870039 62.79
1205501303930893 62.79
1205501303990748 62.79
1205501304050603 62.79
1205501304110542 62.81
1205501304170314 62.79
1205501304230290 62.81
1205501304290024 62.81
1205501304350878 62.81
1205501304410823 62.81
1205501304470588 62.81
1205501304530444 62.81
1205501304590449 62.79
1205501304650152 62.81
1205501304710007 62.81
1205501304770865 62.83
1205501304830719 62.81
1205501304890576 62.83
1205501304950427 62.81
1205501305010284 62.83
1205501305070139 62.83
1205501305130996 62.83
1205501305190006 62.83
1205501305250703 62.85
1205501305310644 62.83
1205501305370413 62.85
1205501305430266 62.85
1205501305490121 62.85
1205501305550979 62.83
1205501305610918 62.83
1205501305670687 62.85
1205501305730543 62.85
1205501305790546 62.85
1205501305850253 62.85
1205501305910106 62.85
1205501305970964 62.83
1205501306030817 62.85
1205501306090675 62.83
1205501306150528 62.85
1205501306210469 62.85
1205501306270238 62.83
1205501306330091 62.85
1205501306360420 62.85
1205501306400922 62.85
1205501306460777 62.85
1205501306520839 62.85
1205501306580487 62.85
1205501306640345 62.83
1205501306700196 62.85
1205501306760051 62.85
1205501306820910 62.86
1205501306880763 62.85
1205501306940620 62.86
1205501307000473 62.85
1205501307060326 62.85
1205501307120181 62.85
1205501307180036 62.85
1205501307240893 62.85
1205501307300748 62.85
1205501307360601 62.85
1205501307420456 62.85
1205501307480311 62.85
1205501307540167 62.85
1205501307600024 62.86
1205501307660876 62.85
1205501307720807 62.85
1205501307780586 62.85
1205501307840444 62.86
1205501307900297 62.85
1205501307960150 62.85
1205501308020217 62.86
1205501308080863 62.86
1205501308140718 62.86
1205501308200572 62.85
1205501308260425 62.85
1205501308320282 62.86
1205501308380135 62.85
1205501308440991 62.85
1205501308500846 62.85
1205501308560702 62.85
1205501308620555 62.85
1205501308680412 62.86
1205501308740265 62.85
1205501308800121 62.85
1205501308860976 62.85
1205501308920834 62.86
1205501308980685 62.85
1205501309040542 62.86
1205501309100395 62.85
1205501309160253 62.86
1205501309220106 62.85
1205501309280962 62.86
1205501309340817 62.86
1205501309370142 62.86
1205501309410737 62.85
1205501309470502 62.86
1205501309530357 62.86
1205501309590210 62.85
1205501309650068 62.86
1205501309710924 62.86
1205501309770777 62.86
1205501309830632 62.86
1205501309890487 62.86
1205501309950343 62.86
1205501400010453 62.86
1205501400070308 62.86
1205501400130163 62.86
1205501400190017 62.86
1205501400250873 62.86
1205501400310816 62.86
1205501400370583 62.86
1205501400430438 62.86
1205501400490291 62.86
1205501400550145 62.85
1205501400610088 62.85
1205501400670858 62.86
1205501400730713 62.86
1205501400790565 62.85
1205501400850420 62.85
1205501400910367 62.86
1205501400970132 62.86
1205501401030988 62.86
1205501401090841 62.86
1205501401150697 62.86
1205501401210634 62.85
1205501401270407 62.86
1205501401330261 62.85
1205501401390117 62.86
1205501401450971 62.86
1205501401510824 62.85
1205501401570681 62.86
1205501401630537 62.86
1205501401690392 62.86
1205501401750247 62.86
1205501401810184 62.86
1205501401870956 62.86
1205501401930812 62.86
1205501401990667 62.86
1205501402050520 62.85
1205501402110375 62.86
1205501402170230 62.86
1205501402230199 62.86
1205501402290942 62.86
1205501402350798 62.86
1205501402380112 62.86
1205501402420627 62.86
1205501402480482 62.86
1205501402540335 62.86
1205501402600191 62.86
1205501402660046 62.86
1205501402720953 62.86
1205501402780759 62.88
1205501402840610 62.85
1205501402900467 62.86
1205501402960320 62.86
1205501403020371 62.86
1205501403080031 62.86
1205501403140887 62.86
1205501403200742 62.86
1205501403260597 62.86
1205501403320450 62.86
1205501403380458 62.88
1205501403440161 62.86
1205501403500016 62.86
1205501403560870 62.86
1205501403620725 62.86
1205501403680580 62.86
1205501403740436 62.86
1205501403800291 62.86
1205501403860146 62.86
1205501403920001 62.88
1205501403980013 62.86
1205501404040711 62.86
1205501404100566 62.86
1205501404160421 62.86
1205501404220275 62.86
1205501404280132 62.88
1205501404340986 62.86
1205501404400843 62.88
1205501404460696 62.88
1205501404520747 62.86
1205501404580561 62.86
1205501404640260 62.86
1205501404700114 62.86
1205501404760971 62.86
1205501404820828 62.88
1205501404880683 62.88
1205501404940536 62.88
1205501405000389 62.86
1205501405060246 62.88
1205501405120102 62.88
1205501405180101 62.86
1205501405240811 62.88
1205501405300664 62.86
1205501405360521 62.88
1205501405390022 62.88
1205501405430349 62.86
1205501405490206 62.88
1205501405550060 62.86
1205501405620000 62.86
1205501405670773 62.88
1205501405730624 62.86
1205501405790479 62.86
1205501405850337 62.88
1205501405910290 62.88
1205501405970045 62.86
1205501406030903 62.88
1205501406090754 62.86
1205501406150609 62.86
1205501406210466 62.88
1205501406270319 62.86
1205501406330175 62.86
1205501406390032 62.88
1205501406450885 62.86
1205501406510739 62.86
1205501406570596 62.88
1205501406630450 62.86
1205501406690305 62.88
1205501406750158 62.86
1205501406810107 62.88
1205501406870870 62.86
1205501406930725 62.86
1205501406990580 62.88
1205501407050435 62.88
1205501407110288 62.86
1205501407170145 62.88
1205501407230118 62.88
1205501407290854 62.86
1205501407350712 62.88
1205501407410653 62.88
1205501407470418 62.86
1205501407530275 62.88
1205501407590128 62.86
1205501407650985 62.86
1205501407710840 62.86
1205501407770693 62.86
1205501407830550 62.88
1205501407890405 62.88
1205501407950260 62.88
1205501408010115 62.88
1205501408070972 62.88
1205501408130825 62.88
1205501408190680 62.88
1205501408250535 62.88
1205501408310477 62.88
1205501408370242 62.86
1205501408400585 62.88
1205501408440074 62.86
1205501408500932 62.88
1205501408560785 62.88
1205501408620640 62.88
1205501408680496 62.88
1205501408740351 62.88
1205501408800202 62.86
1205501408860059 62.88
1205501408920915 62.88
1205501408980771 62.88
1205501409040626 62.88
1205501409100481 62.88
1205501409160332 62.9
1205501409220189 62.88
1205501409280044 62.88
1205501409340900 62.88
1205501409400756 62.88
1205501409460609 62.86
1205501409520665 62.88
1205501409580319 62.88
1205501409640174 62.88
1205501409700030 62.88
1205501409760886 62.88
1205501409820739 62.88
1205501409880594 62.88
1205501409940449 62.88
1205501500000560 62.88
1205501500060415 62.88
1205501500120268 62.88
1205501500180123 62.88
1205501500240980 62.88
1205501500300835 62.88
1205501500360690 62.88
1205501500420545 62.88
1205501500480398 62.88
1205501500540254 62.88
1205501500600109 62.88
1205501500660965 62.88
1205501500720879 62.9
1205501500780671 62.9
1205501500840528 62.88
1205501500900383 62.88
1205501500960239 62.88
1205501501020294 62.88
1205501501080947 62.9
1205501501140804 62.88
1205501501200657 62.9
1205501501260514 62.88
1205501501320465 62.88
1205501501380221 62.9
1205501501410544 62.88
1205501501450054 62.88
1205501501510910 62.88
1205501501570924 62.88
1205501501630617 62.9
1205501501690474 62.88
1205501501750329 62.88
1205501501810262 62.88
1205501501870039 62.88
1205501501930892 62.9
1205501501990749 62.88
1205501502050604 62.88
1205501502110459 62.88
1205501502170472 62.88
1205501502230281 62.88
1205501502290023 62.88
1205501502350879 62.88
1205501502410816 62.9
1205501502470587 62.9
1205501502530442 62.9
1205501502590296 62.9
1205501502650150 62.9
1205501502710007 62.88
1205501502770019 62.88
1205501502830719 62.88
1205501502890570 62.9
1205501502950428 62.88
1205501503010283 62.88
1205501503070137 62.9
1205501503130992 62.9
1205501503190850 62.88
1205501503250703 62.88
1205501503310671 62.88
1205501503370562 62.9
1205501503430266 62.9
1205501503490123 62.88
1205501503550976 62.9
1205501503610925 62.88
1205501503670686 62.9
1205501503730543 62.88
1205501503790396 62.9
1205501503850253 62.88
1205501503910200 62.88
1205501503970110 62.9
1205501504030818 62.88
1205501504090671 62.9
1205501504150526 62.9
1205501504210460 62.9
1205501504270235 62.9
1205501504330090 62.9
1205501504390946 62.9
1205501504420606 62.9
1205501504460778 62.88
1205501504520826 62.9
1205501504580488 62.88
1205501504640343 62.88
1205501504700198 62.88
1205501504760049 62.9
1205501504820906 62.9
1205501504880761 62.9
1205501504940616 62.9
1205501505000471 62.9
1205501505060326 62.9
1205501505120182 62.88
1205501505180035 62.9
1205501505240891 62.9
1205501505300746 62.9
1205501505360601 62.9
1205501505420455 62.9
1205501505480310 62.9
1205501505540165 62.9
1205501505600021 62.9
1205501505660874 62.9
1205501505720804 62.88
1205501505780585 62.9
1205501505840440 62.9
1205501505900295 62.9
1205501505960149 62.9
1205501506020197 62.9
1205501506080860 62.9
1205501506140715 62.9
1205501506200570 62.9
1205501506260425 62.9
1205501506320278 62.9
1205501506380133 62.9
1205501506440990 62.9
1205501506500845 62.9
1205501506560700 62.9
1205501506620665 62.9
1205501506680408 62.9
1205501506740264 62.9
1205501506800119 62.9
1205501506860975 62.9
1205501506920889 62.9
1205501506980683 62.9
1205501507040539 62.9
1205501507100394 62.9
1205501507160249 62.9
1205501507220118 62.9
1205501507280959 62.9
1205501507340814 62.9
1205501507400669 62.9
1205501507430224 62.9
1205501507470499 62.9
1205501507530354 62.9
1205501507590209 62.92
1205501507650064 62.9
1205501507710920 62.92
1205501507770775 62.92
1205501507830630 62.92
1205501507890483 62.9
1205501507950339 62.9
1205501508010194 62.9
1205501508070049 62.9
1205501508130905 62.9
1205501508190759 62.9
1205501508250614 62.9
1205501508310547 62.9
1205501508370324 62.9
1205501508430179 62.9
1205501508490034 62.9
1205501508550888 62.92
1205501508610829 62.9
1205501508670599 62.9
1205501508730454 62.92
1205501508790309 62.92
1205501508850162 62.92
1205501508910095 62.92
1205501508970873 62.9
1205501509030728 62.9
1205501509090583 62.92
1205501509150438 62.92
1205501509210384 62.92
1205501509270149 62.92
1205501509330002 62.92
1205501509390858 62.9
1205501509450713 62.9
1205501509510568 62.9
1205501509570422 62.9
1205501509630277 62.92
1205501509690132 62.9
1205501509750988 62.92
1205501509810925 62.9
1205501509870698 62.9
1205501509930552 62.92
1205501509990407 62.92
1205501600050518 62.92
1205501600110373 62.9
1205501600170228 62.9
1205501600230195 62.9
1205501600290938 62.92
1205501600350793 62.9
1205501600410734 62.9
1205501600440989 62.92
1205501600480478 62.9
1205501600540333 62.9
1205501600600188 62.9
1205501600660043 62.92
1205501600720988 62.92
1205501600780753 62.9
1205501600840608 62.92
1205501600900463 62.92
1205501600960469 62.9
1205501601030369 62.9
1205501601080028 62.92
1205501601140883 62.92
1205501601200738 62.9
1205501601260593 62.9
1205501601320448 62.92
1205501601380303 62.9
1205501601440157 62.9
1205501601500012 62.92
1205501601560017 62.9
1205501601620723 62.92
1205501601680576 62.92
1205501601740432 62.9
1205501601800287 62.92
1205501601860142 62.92
1205501601920091 62.9
1205501601980853 62.9
1205501602040707 62.92
1205501602100562 62.92
1205501602160562 62.9
1205501602220272 62.92
1205501602280128 62.9
1205501602340983 62.92
1205501602400837 62.92
1205501602460692 62.92
1205501602530735 62.9
1205501602580402 62.92
1205501602640256 62.92
1205501602700111 62.9
1205501602760081 62.9
1205501602820822 62.9
1205501602880677 62.9
1205501602940530 62.92
1205501603000385 62.92
1205501603060241 62.92
1205501603120096 62.9
1205501603180952 62.9
1205501603240806 62.92
1205501603300661 62.92
1205501603360546 62.92
1205501603420372 62.92
1205501603450701 62.9
1205501603490201 62.92
1205501603550056 62.9
1205501603610994 62.92
1205501603670767 62.92
1205501603730622 62.92
1205501603790477 62.9
1205501603850332 62.9
1205501603910277 62.92
1205501603970041 62.9
1205501604030897 62.92
1205501604090752 62.92
1205501604150606 62.92
1205501604210541 62.92
1205501604270317 62.92
1205501604330171 62.9
1205501604390026 62.92
1205501604450881 62.9
1205501604510736 62.92
1205501604570591 62.92
1205501604630446 62.92
1205501604690301 62.92
1205501604750155 62.92
1205501604810010 62.92
1205501604870867 62.92
1205501604930722 62.9
1205501604990577 62.92
1205501605050430 62.92
1205501605110367 62.92
1205501605170140 62.92
1205501605230101 62.92
1205501605290852 62.92
1205501605350706 62.92
1205501605410644 62.92
1205501605470415 62.92
1205501605530270 62.92
1205501605590125 62.92
1205501605650982 62.92
1205501605710835 62.92
1205501605770690 62.92
1205501605830546 62.92
1205501605890400 62.92
1205501605950255 62.92
1205501606010109 62.9
1205501606070965 62.92
1205501606130820 62.92
1205501606190675 62.92
1205501606250531 62.92
1205501606310492 62.92
1205501606370239 62.92
1205501606430094 62.92
1205501606460413 62.88
1205501606500927 62.92
1205501606560780 62.92
1205501606620739 62.92
1205501606680490 62.92
1205501606740345 62.92
1205501606800201 62.92
1205501606860054 62.92
1205501606930000 62.92
1205501606980765 62.92
1205501607040620 62.92
1205501607100476 62.9
1205501607160329 62.92
1205501607220241 62.92
1205501607280039 62.92
1205501607340896 62.92
1205501607400751 62.92
1205501607460604 62.92
1205501607530649 62.92
1205501607580314 62.92
1205501607640169 62.92
1205501607700025 62.92
1205501607760879 62.92
1205501607820748 62.92
1205501607880589 62.92
1205501607940444 62.92
1205501608000299 62.92
1205501608060154 62.92
1205501608120008 62.92
1205501608180864 62.92
1205501608240719 62.92
1205501608300574 62.92
1205501608360430 62.92
1205501608420284 62.92
1205501608480139 62.92
1205501608540994 62.92
1205501608600849 62.92
1205501608660704 62.92
1205501608720624 62.92
1205501608780414 62.92
1205501608840268 62.92
1205501608900123 62.92
1205501608960979 62.92
1205501609030019 62.92
1205501609080689 62.92
1205501609140542 62.92
1205501609200398 62.92
1205501609260253 62.92
1205501609320108 62.92
1205501609380963 62.94
1205501609440818 62.92
1205501609470138 62.9
1205501609510649 62.92
1205501609570504 62.92
1205501609630358 62.92
1205501609690213 62.92
1205501609750212 62.92
1205501609820000 62.94
1205501609870779 62.92
1205501609930634 62.92
1205501609990489 62.92
1205501700050598 62.92
1205501700110453 62.92
1205501700170307 62.94
1205501700230276 62.92
1205501700290018 62.92
1205501700350019 62.92
1205501700410817 62.92
1205501700470584 62.92
1205501700530435 62.94
1205501700590292 62.92
1205501700650148 62.92
1205501700710003 62.92
1205501700770859 62.92
1205501700830712 62.92
1205501700890569 62.92
1205501700950540 62.92
1205501701010278 62.92
1205501701070131 62.94
1205501701130989 62.92
1205501701190844 62.92
1205501701250698 62.92
1205501701310652 62.94
1205501701370408 62.92
1205501701430262 62.92
1205501701490116 62.94
1205501701550030 62.92
1205501701610906 62.94
1205501701670681 62.94
1205501701730591 62.94
1205501701790391 62.92
1205501701850245 62.94
1205501701910102 62.92
1205501701970958 62.92
1205501702030812 62.92
1205501702090667 62.92
1205501702150514 62.92
1205501702210377 62.92
1205501702270230 62.94
1205501702330085 62.92
1205501702390941 62.92
1205501702450797 62.92
1205501702480117 62.92
1205501702530818 62.92
1205501702580481 62.92
1205501702640336 62.92
1205501702700190 62.94
1205501702760045 62.94
1205501702820934 62.92
1205501702880758 62.92
1205501702940610 62.94
1205501703000464 62.94
1205501703060322 62.92
1205501703120177 62.92
1205501703180030 62.94
1205501703240885 62.94
1205501703300742 62.92
1205501703360595 62.94
1205501703420452 62.92
1205501703480306 62.92
1205501703540161 62.92
1205501703600016 62.92
1205501703660870 62.94
1205501703720827 62.94
1205501703780582 62.92
1205501703840435 62.94
1205501703900292 62.92
1205501703960144 62.94
1205501704030195 62.92
1205501704080855 62.94
1205501704140710 62.94
1205501704200564 62.94
1205501704260419 62.94
1205501704320284 62.92
1205501704380131 62.92
1205501704440985 62.94
1205501704500838 62.94
1205501704560695 62.92
1205501704620549 62.94
1205501704680404 62.94
1205501704740259 62.94
1205501704800116 62.92
1205501704860969 62.94
1205501704920824 62.94
1205501704980679 62.94
1205501705040534 62.94
1205501705100389 62.94
1205501705160242 62.94
1205501705220101 62.92
1205501705280954 62.94
1205501705340809 62.94
1205501705400666 62.92
1205501705460517 62.94
1205501705490838 62.92
1205501705530349 62.94
1205501705590204 62.94
1205501705650059 62.94
1205501705710913 62.94
1205501705770768 62.94
1205501705830624 62.94
1205501705890479 62.94
1205501705950336 62.92