1205500105870238 60.46
1205500105930094 60.48
1205500105950454 60.48
1205500106000924 60.52
1205500106060780 60.52
1205500106120631 60.52
1205500106180482 60.54
1205500106240337 60.56
1205500106300196 60.56
1205500106360048 60.59
1205500106420903 60.59
1205500106480760 60.61
1205500106540803 60.65
1205500106600476 60.65
1205500106660323 60.69
1205500106720180 60.76
1205500106780031 60.82
1205500106840888 60.87
1205500106900741 60.93
1205500106960598 60.97
1205500107020578 61
1205500107080302 61.02
1205500107140355 61.04
1205500107200025 61.06
1205500107260875 61.08
1205500107320732 61.1
1205500107380583 61.19
1205500107440445 61.28
1205500107500300 61.36
1205500107560153 61.51
1205500107620006 61.6
1205500107680860 61.69
1205500107740901 61.75
1205500107800567 61.77
1205500107860422 61.78
1205500107920280 61.8
1205500107980134 61.8
1205500108040990 61.8
1205500108100842 61.82
1205500108160695 61.82
1205500108220550 61.86
1205500108280406 61.92
1205500108340400 61.95
1205500108400112 61.99
1205500108460971 62.03
1205500108520024 62.05
1205500108580683 62.1
1205500108640544 62.16
1205500108700393 62.21
1205500108760246 62.21
1205500108820099 62.25
1205500108880957 62.25
1205500108940874 62.25
1205500108960168 62.25
1205500109010642 62.25
1205500109070498 62.25
1205500109130357 62.29
1205500109190210 62.36
1205500109250065 62.42
1205500109310034 62.44
1205500109370771 62.47
1205500109430622 62.51
1205500109490481 62.55
1205500109550335 62.58
1205500109610309 62.6
1205500109670047 62.62
1205500109730907 62.64
1205500109790760 62.64
1205500109850615 62.64
1205500109910587 62.64
1205500109970325 62.64
1205500200030438 62.64
1205500200090289 62.66
1205500200150144 62.68
1205500200210117 62.68
1205500200270854 62.7
1205500200330709 62.7
1205500200390564 62.7
1205500200450417 62.72
1205500200510392 62.72
1205500200570130 62.72
1205500200630988 62.72
1205500200690845 62.72
1205500200750694 62.72
1205500200810664 62.72
1205500200870408 62.72
1205500200930259 62.72
1205500200990113 62.75
1205500201050971 62.75
1205500201110937 62.73
1205500201170675 62.75
1205500201230671 62.77
1205500201290387 62.75
1205500201350244 62.77
1205500201410215 62.75
1205500201470956 62.75
1205500201530815 62.77
1205500201590670 62.75
1205500201650518 62.77
1205500201710490 62.77
1205500201770226 62.77
1205500201830083 62.75
1205500201890937 62.77
1205500201950795 62.77
1205500201970137 62.77
1205500202020760 62.77
1205500202080476 62.79
1205500202140331 62.77
1205500202200188 62.77
1205500202260043 62.77
1205500202320898 62.79
1205500202380755 62.77
1205500202440606 62.77
1205500202500457 62.79
1205500202560312 62.79
1205500202620169 62.77
1205500202680024 62.79
1205500202740883 62.77
1205500202800734 62.79
1205500202860591 62.79
1205500202920444 62.79
1205500202980301 62.79
1205500203040157 62.79
1205500203100009 62.79
1205500203160866 62.79
1205500203220733 62.79
1205500203280574 62.81
1205500203340430 62.79
1205500203400285 62.79
1205500203460142 62.79
1205500203520191 62.81
1205500203580856 62.79
1205500203640709 62.79
1205500203700562 62.79
1205500203760417 62.81
1205500203820272 62.79
1205500203880131 62.79
1205500203940986 62.79
1205500204000837 62.81
1205500204060694 62.81
1205500204120545 62.79
1205500204180400 62.79
1205500204240260 62.81
1205500204300113 62.79
1205500204360967 62.81
1205500204420822 62.81
1205500204480679 62.81
1205500204540539 62.81
1205500204600391 62.81
1205500204660243 62.81
1205500204720110 62.81
1205500204780958 62.81
1205500204840812 62.81
1205500204900663 62.81
1205500204960516 62.81
1205500204980869 62.81
1205500205030346 62.83
1205500205090199 62.81
1205500205150054 62.81
1205500205210024 62.81
1205500205270767 62.83
1205500205330810 62.83
1205500205390478 62.81
1205500205450333 62.81
1205500205510301 62.81
1205500205570042 62.81
1205500205630897 62.83
1205500205690753 62.83
1205500205750604 62.81
1205500205810578 62.83
1205500205870314 62.81
1205500205930327 62.83
1205500205990024 62.83
1205500206050879 62.83
1205500206110851 62.81
1205500206170591 62.83
1205500206230587 62.83
1205500206290299 62.83
1205500206350153 62.83
1205500206410125 62.83
1205500206470864 62.83
1205500206530895 62.83
1205500206590575 62.83
1205500206650432 62.83
1205500206710406 62.83
1205500206770144 62.83
1205500206830998 62.83
1205500206890851 62.83
1205500206950706 62.83
1205500207010680 62.83
1205500207070418 62.83
1205500207130294 62.85
1205500207190123 62.85
1205500207250987 62.83
1205500207310958 62.83
1205500207370691 62.83
1205500207430550 62.83
1205500207490400 62.83
1205500207550259 62.85
1205500207610229 62.85
1205500207670966 62.83
1205500207730917 62.83
1205500207790673 62.85
1205500207850530 62.83
1205500207910499 62.85
1205500207970237 62.85
1205500207990587 62.85
1205500208040070 62.83
1205500208100924 62.83
1205500208160778 62.85
1205500208220633 62.85
1205500208280488 62.85
1205500208340345 62.83
1205500208400198 62.85
1205500208460057 62.83
1205500208520106 62.85
1205500208580766 62.85
1205500208640620 62.85
1205500208700477 62.83
1205500208760334 62.83
1205500208820183 62.85
1205500208880038 62.85
1205500208940895 62.85
1205500209000752 62.85
1205500209060601 62.85
1205500209120456 62.85
1205500209180312 62.85
1205500209240165 62.85
1205500209300022 62.85
1205500209360876 62.85
1205500209420732 62.85
1205500209480591 62.85
1205500209540446 62.85
1205500209600297 62.85
1205500209660154 62.85
1205500209720017 62.85
1205500209780865 62.85
1205500209840720 62.85
1205500209900578 62.86
1205500209960429 62.86
1205500300020669 62.85
1205500300080392 62.85
1205500300140248 62.86
1205500300200102 62.85
1205500300260956 62.85
1205500300320815 62.86
1205500300380670 62.86
1205500300440525 62.86
1205500300500374 62.85
1205500300560232 62.86
1205500300620087 62.86
1205500300680943 62.86
1205500300740795 62.85
1205500300800652 62.86
1205500300860505 62.85
1205500300920364 62.86
1205500300980217 62.86
1205500301000570 62.86
1205500301050047 62.86
1205500301110021 62.86
1205500301170759 62.86
1205500301230762 62.86
1205500301290467 62.86
1205500301350322 62.86
1205500301410294 62.86
1205500301470032 62.86
1205500301530889 62.88
1205500301590742 62.86
1205500301650597 62.86
1205500301710569 62.86
1205500301770315 62.88
1205500301830167 62.86
1205500301890017 62.86
1205500301950878 62.86
1205500302010850 62.86
1205500302070588 62.86
1205500302130438 62.88
1205500302190293 62.86
1205500302250146 62.86
1205500302310121 62.86
1205500302370860 62.88
1205500302430711 62.86
1205500302490566 62.86
1205500302550423 62.88
1205500302610396 62.88
1205500302670131 62.88
1205500302730988 62.88
1205500302790843 62.88
1205500302850698 62.88
1205500302910670 62.86
1205500302970405 62.9
1205500303030264 62.88
1205500303090121 62.88
1205500303150975 62.86
1205500303210950 62.88
1205500303270687 62.88
1205500303330541 62.88
1205500303390394 62.88
1205500303450249 62.88
1205500303510220 62.88
1205500303570955 62.86
1205500303630812 62.88
1205500303690669 62.88
1205500303750523 62.86
1205500303810495 62.88
1205500303870231 62.88
1205500303930086 62.88
1205500303990944 62.88
1205500304020808 62.88
1205500304060774 62.88
1205500304120815 62.88
1205500304180486 62.88
1205500304240340 62.88
1205500304300193 62.88
1205500304360048 62.88
1205500304420904 62.88
1205500304480759 62.88
1205500304540615 62.88
1205500304600468 62.88
1205500304660323 62.88
1205500304720420 62.88
1205500304780033 62.9
1205500304840888 62.9
1205500304900745 62.88
1205500304960600 62.88
1205500305020617 62.9
1205500305080308 62.88
1205500305140166 62.88
1205500305200019 62.88
1205500305260874 62.9
1205500305320857 62.88
1205500305380585 62.88
1205500305440437 62.9
1205500305500294 62.88
1205500305560147 62.88
1205500305620000 62.9
1205500305680860 62.88
1205500305740715 62.88
1205500305800572 62.9
1205500305860426 62.9
1205500305920277 62.9
1205500305980136 62.9
1205500306040992 62.9
1205500306100846 62.9
1205500306160697 62.9
1205500306220552 62.9
1205500306280408 62.9
1205500306340262 62.9
1205500306400117 62.9
1205500306460972 62.9
1205500306520164 62.9
1205500306580682 62.9
1205500306640534 62.9
1205500306700391 62.9
1205500306760246 62.9
1205500306820102 62.9
1205500306880955 62.9
1205500306940810 62.9
1205500307000665 62.9
1205500307020195 62.9
1205500307070497 62.88
1205500307130350 62.9
1205500307190205 62.9
1205500307250057 62.9
1205500307310029 62.9
1205500307370768 62.9
1205500307430623 62.9
1205500307490480 62.9
1205500307550334 62.9
1205500307610304 62.9
1205500307670042 62.9
1205500307730898 62.9
1205500307790753 62.9
1205500307850607 62.9
1205500307910579 62.9
1205500307970317 62.92
1205500308030173 62.92
1205500308090028 62.9
1205500308150882 62.9
1205500308210856 62.92
1205500308270594 62.92
1205500308330450 62.9
1205500308390305 62.92
1205500308450156 62.92
1205500308510128 62.9
1205500308570867 62.92
1205500308630722 62.9
1205500308690576 62.92
1205500308750433 62.9
1205500308810403 62.9
1205500308870143 62.9
1205500308930997 62.9
1205500308990858 62.9
1205500309050708 62.92
1205500309110746 62.92
1205500309170422 62.9
1205500309230429 62.9
1205500309290128 62.9
1205500309350986 62.92
1205500309410953 62.9
1205500309470693 62.92
1205500309530546 62.9
1205500309590407 62.9
1205500309650255 62.92
1205500309710417 62.92
1205500309770972 62.9
1205500309830827 62.9
1205500309890678 62.92
1205500309950531 62.92
1205500400010759 62.92
1205500400030040 62.92
1205500400080474 62.9
1205500400140327 62.92
1205500400200182 62.92
1205500400260039 62.92
1205500400320901 62.92
1205500400380746 62.92
1205500400440602 62.92
1205500400500459 62.92
1205500400560314 62.92
1205500400620165 62.92
1205500400680020 62.92
1205500400740878 62.9
1205500400800732 62.92
1205500400860587 62.92
1205500400920438 62.92
1205500400980300 62.92
1205500401040151 62.92
1205500401100008 62.92
1205500401160862 62.92
1205500401220715 62.92
1205500401280576 62.92
1205500401340428 62.92
1205500401400281 62.92
1205500401460136 62.92
1205500401520156 62.92
1205500401580846 62.92
1205500401640699 62.92
1205500401700552 62.92
1205500401760407 62.92
1205500401820262 62.92
1205500401880122 62.92
1205500401940974 62.92
1205500402000831 62.92
1205500402060684 62.92
1205500402120540 62.92
1205500402180393 62.92
1205500402240248 62.92
1205500402300101 62.92
1205500402360958 62.92
1205500402420807 62.94
1205500402480666 62.92
1205500402540522 62.92
1205500402600379 62.92
1205500402660236 62.92
1205500402720101 62.92
1205500402780943 62.92
1205500402840798 62.92
1205500402900652 62.94
1205500402960511 62.92
1205500403020528 62.92
1205500403040740 62.94
1205500403090191 62.92
1205500403150047 62.92
1205500403210021 62.92
1205500403270756 62.92
1205500403330611 62.92
1205500403390466 62.92
1205500403450322 62.94
1205500403510296 62.92
1205500403570032 62.92
1205500403630892 62.92
1205500403690741 62.94
1205500403750599 62.92
1205500403810456 62.92
1205500403870311 62.92
1205500403930161 62.94
1205500403990019 62.94
1205500404050878 62.92
1205500404110850 62.92
1205500404170588 62.92
1205500404230590 62.92
1205500404290294 62.92
1205500404350151 62.94
1205500404410124 62.92
1205500404470859 62.92
1205500404530716 62.92
1205500404590569 62.94
1205500404650426 62.92
1205500404710281 62.92
1205500404770131 62.92
1205500404830987 62.92
1205500404890840 62.92
1205500404950698 62.92
1205500405010668 62.94
1205500405070409 62.94
1205500405130263 62.94
1205500405190118 62.94
1205500405250978 62.92
1205500405310947 62.92
1205500405370685 62.94
1205500405430536 62.94
1205500405490394 62.92
1205500405550243 62.94
1205500405610221 62.92
1205500405670952 62.94
1205500405730807 62.94
1205500405790664 62.94
1205500405850519 62.94
1205500405910498 62.92
1205500405970232 62.94
1205500406030081 62.94
1205500406050435 62.94
1205500406100913 62.94
1205500406160768 62.94
1205500406220624 62.92
1205500406280483 62.92
1205500406340332 62.94
1205500406400187 62.94
1205500406460043 62.94
1205500406520084 62.92
1205500406580754 62.92
1205500406640609 62.92
1205500406700652 62.94
1205500406760320 62.94
1205500406820175 62.94
1205500406880032 62.92
1205500406940886 62.94
1205500407000742 62.94
1205500407060595 62.94
1205500407120448 62.92
1205500407180301 62.94
1205500407240156 62.94
1205500407300197 62.94
1205500407360866 62.94
1205500407420721 62.94
1205500407480576 62.94
1205500407540432 62.94
1205500407600290 62.94
1205500407660142 62.94
1205500407720013 62.94
1205500407780855 62.94
1205500407840710 62.94
1205500407900751 62.94
1205500407960420 62.92
1205500408020424 62.94
1205500408080123 62.94
1205500408140979 62.94
1205500408200834 62.94
1205500408260688 62.94
1205500408320543 62.94
1205500408380400 62.94
1205500408440255 62.94
1205500408500265 62.94
1205500408560973 62.94
1205500408620826 62.94
1205500408680679 62.96
1205500408740532 62.94
1205500408800385 62.94
1205500408860245 62.94
1205500408920110 62.96
1205500408980950 62.94
1205500409040809 62.94
1205500409060158 62.94
1205500409110756 62.94
1205500409170492 62.96
1205500409230496 62.94
1205500409290199 62.94
1205500409350054 62.94
1205500409410026 62.96
1205500409470765 62.94
1205500409530619 62.94
1205500409590475 62.94
1205500409650329 62.94
1205500409710182 62.94
1205500409770037 62.94
1205500409830893 62.94
1205500409890750 62.96
1205500409950604 62.92
1205500500010830 62.94
1205500500070568 62.94
1205500500130423 62.94
1205500500190276 62.94
1205500500250131 62.94
1205500500310106 62.94
1205500500370844 62.94
1205500500430707 62.96
1205500500490558 62.94
1205500500550414 62.94
1205500500610384 62.94
1205500500670122 62.94
1205500500730974 62.94
1205500500790829 62.94
1205500500850684 62.94
1205500500910661 62.96
1205500500970395 62.94
1205500501030250 62.94
1205500501090106 62.94
1205500501150962 62.96
1205500501210930 62.94
1205500501270674 62.96
1205500501330531 62.96
1205500501390381 62.94
1205500501450234 62.94
1205500501510212 62.96
1205500501570946 62.96
1205500501630798 62.94
1205500501690655 62.96
1205500501750507 62.94
1205500501810479 62.96
1205500501870217 62.94
1205500501930074 62.96
1205500501990928 62.94
1205500502050783 62.94
1205500502070133 62.94
1205500502120616 62.94
1205500502180476 62.96
1205500502240331 62.96
1205500502300184 62.96
1205500502360039 62.96
1205500502420894 62.94
1205500502480743 62.94
1205500502540600 62.96
1205500502600454 62.96
1205500502660309 62.96
1205500502720178 62.94
1205500502780021 62.96
1205500502840879 62.96
1205500502900730 62.96
1205500502960582 62.96
1205500503020597 62.94
1205500503080290 62.94
1205500503140148 62.96
1205500503200010 62.96
1205500503260859 62.96
1205500503320712 62.94
1205500503380569 62.96
1205500503440422 62.96
1205500503500275 62.94
1205500503560140 62.96
1205500503620987 62.96
1205500503680840 62.94
1205500503740695 62.94
1205500503800552 62.96
1205500503860415 62.96
1205500503920261 62.96
1205500503980116 62.96
1205500504040972 62.96
1205500504100825 62.94
1205500504160684 62.96
1205500504220549 62.96
1205500504280391 62.96
1205500504340246 62.96
1205500504400101 62.96
1205500504460965 62.96
1205500504520021 62.96
1205500504580666 62.96
1205500504640524 62.96
1205500504700377 62.96
1205500504760232 62.96
1205500504820091 62.96
1205500504880947 62.96
1205500504940800 62.98
1205500505000653 62.96
1205500505060506 62.96
1205500505080857 62.96
1205500505130338 62.96
1205500505190193 62.96
1205500505250054 62.96
1205500505310017 62.96
1205500505370756 62.96
1205500505430611 62.96
1205500505490652 62.96
1205500505550322 62.96
1205500505610292 62.96
1205500505670032 62.96
1205500505730888 62.96
1205500505790743 62.96
1205500505850598 62.96
1205500505910569 62.96
1205500505970305 62.98
1205500506030162 62.96
1205500506090203 62.96
1205500506150873 62.96
1205500506210846 62.96
1205500506270582 62.96
1205500506330437 62.96
1205500506390292 62.96
1205500506450145 62.98
1205500506510117 62.96
1205500506570856 62.96
1205500506630715 62.96
1205500506690737 62.98
1205500506750426 62.96
1205500506810396 62.96
1205500506870132 62.98
1205500506930984 62.98
1205500506990841 62.96
1205500507050697 62.96
1205500507110665 62.98
1205500507170413 62.96
1205500507230409 62.98
1205500507290233 62.96
1205500507350968 62.98
1205500507410940 62.98
1205500507470688 62.96
1205500507530536 62.96
1205500507590389 62.98
1205500507650242 62.98
1205500507710100 62.96
1205500507770957 62.96
1205500507830808 62.98
1205500507890691 62.98
1205500507950528 62.96
1205500508010491 62.96
1205500508070230 62.96
1205500508100761 62.98
1205500508140060 62.96
1205500508200917 62.98
1205500508260770 62.98
1205500508320625 62.96
1205500508380480 62.96
1205500508440339 62.96
1205500508500188 62.98
1205500508560048 62.96
1205500508620898 62.98
1205500508680753 62.98
1205500508740608 62.98
1205500508800465 62.96
1205500508860317 62.98
1205500508920172 62.98
1205500508980035 62.98
1205500509040884 62.98
1205500509100739 62.96
1205500509160592 62.98
1205500509220452 62.96
1205500509280303 62.98
1205500509340164 62.96
1205500509400017 62.96
1205500509460869 62.98
1205500509520924 62.98
1205500509580577 62.98
1205500509640433 62.98
1205500509700295 62.98
1205500509760143 62.96
1205500509820997 62.98
1205500509880852 62.98
1205500509940708 62.98
1205500600000563 62.98
1205500600060674 62.96
1205500600120546 62.98
1205500600180387 62.98
1205500600240239 62.98
1205500600300091 62.98
1205500600360948 62.98
1205500600420803 62.98
1205500600480658 62.98
1205500600540523 62.96
1205500600600369 62.98
1205500600660228 62.96
1205500600720091 62.98
1205500600780934 62.98
1205500600840796 62.98
1205500600900641 62.98
1205500600960497 62.98
1205500601020522 62.98
1205500601080209 62.96
1205500601100577 62.96
1205500601150043 62.99
1205500601210015 62.98
1205500601270755 62.98
1205500601330604 62.98
1205500601390465 62.98
1205500601450320 62.98
1205500601510290 62.98
1205500601570023 62.98
1205500601630879 62.98
1205500601690732 62.98
1205500601750589 62.96
1205500601810560 62.98
1205500601870298 62.98
1205500601930153 62.98
1205500601990008 62.98
1205500602050868 62.98
1205500602110841 62.98
1205500602170577 62.98
1205500602230585 62.98
1205500602290288 62.98
1205500602350142 62.98
1205500602410111 62.98
1205500602470854 62.98
1205500602530711 62.98
1205500602590556 62.98
1205500602650413 62.98
1205500602710386 62.98
1205500602770123 62.98
1205500602830986 62.98
1205500602890842 62.99
1205500602950696 62.98
1205500603010658 62.98
1205500603070396 62.98
1205500603130259 62.98
1205500603190114 62.98
1205500603250971 62.98
1205500603310934 62.98
1205500603370679 62.98
1205500603430534 62.98
1205500603490384 62.98
1205500603550243 62.98
1205500603610215 62.98
1205500603670948 62.98
1205500603730802 62.98
1205500603790657 62.98
1205500603850510 62.98
1205500603910485 62.98
1205500603970222 62.98
1205500604030081 62.98
1205500604090937 62.98
1205500604120627 62.99
1205500604160767 62.98
1205500604220630 62.98
1205500604280657 62.99
1205500604340335 62.98
1205500604400190 62.98
1205500604460037 62.99
1205500604520102 62.99
1205500604580754 62.98
1205500604640602 62.98
1205500604700457 62.98
1205500604760320 62.99
1205500604820181 62.98
1205500604880169 62.98
1205500604940879 62.98
1205500605000738 62.98
1205500605060595 62.99
1205500605120459 62.98
1205500605180304 62.98
1205500605240151 62.98
1205500605300010 62.98
1205500605360861 62.98
1205500605420723 62.98
1205500605480649 62.99
1205500605540434 62.99
1205500605600283 62.98
1205500605660140 62.98
1205500605720010 62.98
1205500605780852 62.98
1205500605840701 62.98
1205500605900564 62.99
1205500605960415 62.98
1205500606020482 62.99
1205500606080134 62.99
1205500606140978 62.98
1205500606200833 62.98
1205500606260693 62.99
1205500606320548 62.98
1205500606380398 62.99
1205500606440258 62.98
1205500606500115 62.99
1205500606560970 62.99
1205500606620817 62.99
1205500606680674 62.99
1205500606740526 62.98
1205500606800381 62.99
1205500606860244 62.99
1205500606920089 62.98
1205500606980945 62.98
1205500607040802 62.99
1205500607100663 62.98
1205500607130201 62.96
1205500607170495 62.99
1205500607230493 62.98
1205500607290195 62.98
1205500607350060 62.99
1205500607410021 62.99
1205500607470771 62.99
1205500607530615 62.98
1205500607590478 62.98
1205500607650333 62.98
1205500607710296 62.99
1205500607770042 62.98
1205500607830900 62.99
1205500607890755 62.99
1205500607950602 62.99
1205500608010569 62.99
1205500608070319 62.98
1205500608130166 62.99
1205500608190021 62.99
1205500608250876 62.99
1205500608310848 62.99
1205500608370584 62.98
1205500608430449 62.99
1205500608490304 62.99
1205500608550158 62.98
1205500608610120 62.98
1205500608670861 62.99
1205500608730724 62.99
1205500608790571 62.99
1205500608850425 62.98
1205500608910395 62.98
1205500608970135 62.99
1205500609030999 62.99
1205500609090852 62.98
1205500609150709 62.99
1205500609210668 62.98
1205500609270418 62.99
1205500609330273 62.99
1205500609390126 62.98
1205500609450985 62.99
1205500609510840 62.99
1205500609570683 62.98
1205500609630548 62.99
1205500609690401 62.98
1205500609750259 62.99
1205500609810219 62.99
1205500609870968 62.99
1205500609930824 62.99
1205500609990679 62.99
1205500700050790 62.99
1205500700110635 62.99
1205500700130008 62.98
1205500700180474 62.99
1205500700240329 62.99
1205500700300184 62.99
1205500700360030 62.99
1205500700420886 62.99
1205500700480749 62.99
1205500700540595 62.99
1205500700600450 62.99
1205500700660305 62.99
1205500700720172 62.99
1205500700780023 62.99
1205500700840877 62.98
1205500700900734 62.99
1205500700960580 62.99
1205500701020638 62.99
1205500701080298 62.99
1205500701140153 62.99
1205500701210000 62.99
1205500701260855 62.99
1205500701320718 62.99
1205500701380573 62.99
1205500701440428 62.99
1205500701500283 62.99
1205500701560129 62.99
1205500701620993 62.99
1205500701680848 62.99
1205500701740703 62.99
1205500701800558 62.99
1205500701860411 62.98
1205500701920267 62.99