1205000300920571 58.79
1205000300980427 58.83
1205000301040280 58.85
1205000301100135 58.88
1205000301160993 58.92
1205000301220872 58.96
1205000301280700 59.03
1205000301340557 59.12
1205000301400407 59.18
1205000301460264 59.24
1205000301520119 59.27
1205000301580973 59.31
1205000301640830 59.35
1205000301700681 59.37
1205000301760537 59.38
1205000301820396 59.44
1205000301880251 59.51
1205000301940104 59.59
1205000302000960 59.65
1205000302060812 59.7
1205000302120667 59.74
1205000302180524 59.79
1205000302240379 59.83
1205000302300233 59.92
1205000302360088 59.98
1205000302420947 60.04
1205000302480798 60.07
1205000302540653 60.11
1205000302600508 60.17
1205000302660363 60.22
1205000302720217 60.26
1205000302780070 60.3
1205000302840928 60.33
1205000302900781 60.37
1205000302960637 60.45
1205000303020492 60.54
1205000303080347 60.61
1205000303140204 60.65
1205000303200055 60.71
1205000303220074 60.76
1205000303270972 60.8
1205000303330745 60.84
1205000303390598 60.87
1205000303450452 60.93
1205000303510381 60.97
1205000303570164 61
1205000303630017 61.04
1205000303690877 61.12
1205000303750730 61.13
1205000303810585 61.17
1205000303870451 61.21
1205000303930293 61.26
1205000303990150 61.3
1205000304050004 61.38
1205000304110861 61.43
1205000304170718 61.47
1205000304230569 61.49
1205000304290424 61.51
1205000304350280 61.54
1205000304410137 61.56
1205000304470991 61.56
1205000304530843 61.58
1205000304590698 61.62
1205000304650553 61.62
1205000304710413 61.64
1205000304770268 61.64
1205000304830117 61.67
1205000304890973 61.73
1205000304950831 61.75
1205000305010762 61.77
1205000305070541 61.8
1205000305130392 61.86
1205000305190251 61.88
1205000305250106 61.88
1205000305310961 61.88
1205000305370816 61.88
1205000305430671 61.9
1205000305490523 61.93
1205000305550380 61.95
1205000305610233 62.01
1205000305670088 62.05
1205000305730942 62.1
1205000305790801 62.12
1205000305850652 62.14
1205000305910508 62.18
1205000305970363 62.23
1205000306030217 62.25
1205000306090071 62.25
1205000306150928 62.29
1205000306210785 62.32
1205000306230639 62.32
1205000306280616 62.36
1205000306340468 62.38
1205000306400321 62.42
1205000306460176 62.49
1205000306520034 62.53
1205000306580888 62.58
1205000306640747 62.64
1205000306700600 62.66
1205000306760455 62.68
1205000306820309 62.77
1205000306880164 62.77
1205000306940019 62.77
1205000307000874 62.77
1205000307060729 62.77
1205000307120584 62.77
1205000307180437 62.79
1205000307240292 62.79
1205000307300145 62.79
1205000307360001 62.79
1205000307420857 62.79
1205000307480712 62.79
1205000307540566 62.81
1205000307600421 62.81
1205000307660276 62.81
1205000307720131 62.81
1205000307780987 62.81
1205000307840842 62.83
1205000307900697 62.83
1205000307960553 62.83
1205000308020407 62.85
1205000308080263 62.83
1205000308140116 62.83
1205000308200972 62.83
1205000308260828 62.83
1205000308320683 62.83
1205000308380538 62.83
1205000308440392 62.83
1205000308500247 62.83
1205000308560102 62.83
1205000308620958 62.83
1205000308680813 62.83
1205000308740666 62.83
1205000308800522 62.83
1205000308860375 62.85
1205000308920230 62.85
1205000308980085 62.85
1205000309040940 62.85
1205000309100795 62.85
1205000309160650 62.85
1205000309220542 62.85
1205000309240347 62.88
1205000309290335 62.85
1205000309350190 62.85
1205000309410045 62.85
1205000309470901 62.85
1205000309530755 62.85
1205000309590610 62.85
1205000309650465 62.85
1205000309710334 62.85
1205000309770175 62.85
1205000309830028 62.85
1205000309890885 62.85
1205000309950740 62.85
1205000400010936 62.86
1205000400070709 62.86
1205000400130564 62.86
1205000400190417 62.86
1205000400250273 62.86
1205000400310128 62.86
1205000400370984 62.86
1205000400430838 62.86
1205000400490693 62.86
1205000400550550 62.88
1205000400610405 62.88
1205000400670258 62.88
1205000400730114 62.88
1205000400790970 62.88
1205000400850823 62.86
1205000400910678 62.88
1205000400970534 62.88
1205000401030389 62.88
1205000401090244 62.88
1205000401150100 62.88
1205000401210953 62.9
1205000401270807 62.9
1205000401330664 62.88
1205000401390519 62.88
1205000401450372 62.9
1205000401510306 62.9
1205000401570081 62.9
1205000401630938 62.9
1205000401690792 62.9
1205000401750648 62.9
1205000401810503 62.9
1205000401870356 62.9
1205000401930211 62.9
1205000401990066 62.9
1205000402050922 62.9
1205000402110778 62.9
1205000402170631 62.9
1205000402230486 62.9
1205000402250327 62.9
1205000402300318 62.92
1205000402360171 62.9
1205000402420026 62.92
1205000402480883 62.92
1205000402540738 62.9
1205000402600593 62.92
1205000402660448 62.92
1205000402720301 62.9
1205000402780157 62.9
1205000402840012 62.92
1205000402900868 62.9
1205000402960721 62.92
1205000403020576 62.92
1205000403080432 62.92
1205000403140287 62.92
1205000403200141 62.92
1205000403260997 62.92
1205000403320852 62.92
1205000403380707 62.9
1205000403440560 62.94
1205000403500417 62.92
1205000403560271 62.92
1205000403620126 62.92
1205000403680983 62.92
1205000403740837 62.92
1205000403800690 62.92
1205000403860546 62.92
1205000403920401 62.92
1205000403980256 62.92
1205000404040109 62.92
1205000404100966 62.92
1205000404160821 62.92
1205000404220719 62.92
1205000404280531 62.92
1205000404340385 62.92
1205000404400240 62.92
1205000404460095 62.92
1205000404520949 62.94
1205000404580806 62.92
1205000404640661 62.92
1205000404700513 62.94
1205000404760368 62.94
1205000404820225 62.92
1205000404880080 62.92
1205000404940936 62.92
1205000405000789 62.92
1205000405060643 62.94
1205000405120498 62.94
1205000405180354 62.94
1205000405240207 62.94
1205000405260061 62.94
1205000405310039 62.94
1205000405370897 62.92
1205000405430751 62.92
1205000405490602 62.94
1205000405550458 62.94
1205000405610313 62.94
1205000405670170 62.92
1205000405730024 62.94
1205000405790882 62.92
1205000405850735 62.92
1205000405910588 62.94
1205000405970443 62.94
1205000406030299 62.94
1205000406090152 62.94
1205000406150007 62.94
1205000406210864 62.94
1205000406270719 62.94
1205000406330572 62.94
1205000406390427 62.94
1205000406450464 62.94
1205000406510218 62.94
1205000406570996 62.96
1205000406630847 62.94
1205000406690703 62.94
1205000406750558 62.94
1205000406810411 62.94
1205000406870266 62.94
1205000406930122 62.94
1205000406990980 62.96
1205000407050935 62.96
1205000407110690 62.96
1205000407170542 62.98
1205000407230399 62.96
1205000407290254 62.96
1205000407350109 62.96
1205000407410963 62.96
1205000407470816 62.94
1205000407530674 62.96
1205000407590529 62.96
1205000407650388 62.96
1205000407710253 62.96
1205000407770093 62.96
1205000407830948 62.96
1205000407890802 62.94
1205000407950659 62.96
1205000408010596 62.94
1205000408070367 62.96
1205000408130223 62.96
1205000408190078 62.96
1205000408250948 62.96
1205000408270785 62.98
1205000408320762 62.98
1205000408380617 62.98
1205000408440472 62.98
1205000408500329 62.96
1205000408560182 62.98
1205000408620036 62.98
1205000408680894 62.96
1205000408740749 62.96
1205000408800604 62.96
1205000408860459 62.96
1205000408920314 62.96
1205000408980169 62.96
1205000409040022 62.96
1205000409100876 62.98
1205000409160733 62.96
1205000409220628 62.96
1205000409280443 62.98
1205000409340295 62.98
1205000409400150 62.98
1205000409460006 62.98
1205000409520862 62.98
1205000409580716 62.98
1205000409640571 62.98
1205000409700426 62.98
1205000409760282 62.98
1205000409820135 62.98
1205000409880991 62.98
1205000409940846 62.98
1205000500000703 62.96
1205000500060813 62.98
1205000500120665 62.98
1205000500180521 62.98
1205000500240376 62.98
1205000500300231 62.98
1205000500360088 62.96
1205000500420940 62.98
1205000500480798 62.96
1205000500540651 62.98
1205000500600506 62.98
1205000500660361 62.98
1205000500720215 62.98
1205000500780070 62.98
1205000500840926 62.98
1205000500900783 62.99
1205000500960636 62.98
1205000501020490 62.98
1205000501080345 62.98
1205000501140200 62.98
1205000501200055 62.98
1205000501260910 62.98
1205000501280750 62.98
1205000501330743 62.99
1205000501390596 62.98
1205000501450454 62.99
1205000501510389 62.98
1205000501570162 62.99
1205000501630015 62.98
1205000501690872 62.98
1205000501750725 62.98
1205000501810580 62.98
1205000501870435 62.98
1205000501930290 62.98
1205000501990147 62.99
1205000502050003 62.99
1205000502110857 62.99
1205000502170712 62.99
1205000502230567 62.99
1205000502290422 62.99
1205000502350278 62.99
1205000502410131 62.99
1205000502470987 62.99
1205000502530842 62.99
1205000502590698 62.99
1205000502650551 62.99
1205000502710418 62.98
1205000502770262 62.99
1205000502830115 62.98
1205000502890973 62.99
1205000502950826 62.99
1205000503010761 62.99
1205000503070536 62.99
1205000503130392 62.99
1205000503190247 62.99
1205000503250100 62.99
1205000503310956 62.99
1205000503370812 62.99
1205000503430666 62.99
1205000503490522 62.99
1205000503550375 62.99
1205000503610230 62.99
1205000503670085 62.99
1205000503730942 62.99
1205000503790795 63.01
1205000503850652 62.99
1205000503910505 62.99
1205000503970360 62.99
1205000504030216 62.99
1205000504090071 62.99
1205000504150925 62.99
1205000504210778 63.01
1205000504270636 62.99
1205000504290472 63.01
1205000504340465 62.99
1205000504400321 62.99
1205000504460174 63.01
1205000504520031 62.99
1205000504580887 62.99
1205000504640754 62.99
1205000504700595 62.99
1205000504760451 62.99
1205000504820304 63.01
1205000504880160 63.01
1205000504940013 63.01
1205000505000869 63.01
1205000505060724 63.01
1205000505120579 63.01
1205000505180436 62.99
1205000505240288 63.01
1205000505300143 63.01
1205000505360000 62.99
1205000505420857 62.99
1205000505480708 63.01
1205000505540565 62.99
1205000505600420 62.99
1205000505660274 63.01
1205000505720127 63.01
1205000505780983 63.01
1205000505840838 63.01
1205000505900696 63.03
1205000505960549 63.01
1205000506020402 63.01
1205000506080257 63.01
1205000506140114 62.99
1205000506200970 62.99
1205000506260823 63.01
1205000506320679 63.01
1205000506380532 63.01
1205000506440387 63.01
1205000506500242 63.01
1205000506560097 63.01
1205000506620954 63.01
1205000506680807 63.01
1205000506740662 63.01
1205000506800517 63.01
1205000506860372 63.01
1205000506920230 62.99
1205000506980085 62.99
1205000507040937 63.01
1205000507100792 63.01
1205000507160648 63.01
1205000507220544 63.01
1205000507280358 63.03
1205000507300197 63.01
1205000507350188 63.01
1205000507410042 63.01
1205000507470898 63.01
1205000507530753 63.01
1205000507590608 63.01
1205000507650465 63.03
1205000507710330 63.03
1205000507770171 63.01
1205000507830026 63.01
1205000507890883 63.01
1205000507950738 63.01
1205000508010687 63.01
1205000508070446 63.01
1205000508130302 63.01
1205000508190159 63.03
1205000508250012 63.01
1205000508310866 63.01
1205000508370723 63.03
1205000508430577 63.01
1205000508490434 63.03
1205000508550285 63.01
1205000508610141 63.01
1205000508670997 63.01
1205000508730854 62.99
1205000508790707 63.01
1205000508850562 63.01
1205000508910416 63.01
1205000508970271 63.01
1205000509030128 63.03
1205000509090982 63.05
1205000509150839 63.03
1205000509210694 63.03
1205000509270548 63.03
1205000509330401 63.01
1205000509390256 63.01
1205000509450112 63.01
1205000509510054 63.01
1205000509570821 63.01
1205000509630676 63.01
1205000509690533 63.03
1205000509750388 63.03
1205000509810243 63.03
1205000509870097 63.03
1205000509930951 63.01
1205000509990808 63.03
1205000600050919 63.03
1205000600110770 63.01
1205000600170625 63.01
1205000600230656 63.01
1205000600290335 63.01
1205000600310309 63.01
1205000600360167 63.03
1205000600420022 63.03
1205000600480877 63.01
1205000600540734 63.03
1205000600600587 63.01
1205000600660444 63.03
1205000600720297 63.03
1205000600780152 63.03
1205000600840008 63.03
1205000600900864 63.03
1205000600960717 63.03
1205000601020573 63.03
1205000601080428 63.03
1205000601140283 63.03
1205000601200136 63.03
1205000601260992 63.03
1205000601320848 63.03
1205000601380703 63.03
1205000601440558 63.03
1205000601500412 63.03
1205000601560267 63.03
1205000601620120 63.05
1205000601680978 63.03
1205000601740833 63.03
1205000601800688 63.03
1205000601860542 63.03
1205000601920397 63.03
1205000601980252 63.03
1205000602040108 63.03
1205000602100963 63.03
1205000602160817 63.03
1205000602220719 63.03
1205000602280525 63.05
1205000602340381 63.03
1205000602400234 63.05
1205000602460089 63.05
1205000602520948 63.03
1205000602580800 63.05
1205000602640657 63.03
1205000602700510 63.03
1205000602760366 63.03
1205000602820221 63.03
1205000602880074 63.05
1205000602940932 63.03
1205000603000784 63.05
1205000603060639 63.05
1205000603120496 63.03
1205000603180351 63.03
1205000603240205 63.03
1205000603300060 63.03
1205000603320929 63.03
1205000603370892 63.03
1205000603430748 63.03
1205000603490601 63.03
1205000603550457 63.03
1205000603610311 63.03
1205000603670166 63.03
1205000603730022 63.03
1205000603790878 63.03
1205000603850731 63.03
1205000603910584 63.05
1205000603970439 63.05
1205000604030295 63.05
1205000604090150 63.05
1205000604150003 63.05
1205000604210861 63.03
1205000604270717 63.03
1205000604330570 63.03
1205000604390425 63.03
1205000604450280 63.03
1205000604510233 63.03
1205000604570990 63.05
1205000604630843 63.05
1205000604690698 63.05
1205000604750553 63.05
1205000604810409 63.05
1205000604870266 63.03
1205000604930119 63.03
1205000604990975 63.03
1205000605050830 63.03
1205000605110685 63.03
1205000605170541 63.03
1205000605230392 63.05
1205000605290247 63.05
1205000605350103 63.05
1205000605410959 63.05
1205000605470814 63.05
1205000605530667 63.05
1205000605590522 63.05
1205000605650379 63.03
1205000605710248 63.03
1205000605770090 63.03
1205000605830944 63.05
1205000605890799 63.05
1205000605950654 63.03
1205000606010598 63.05
1205000606070363 63.05
1205000606130217 63.05
1205000606190071 63.05
1205000606250928 63.05
1205000606310785 63.03
1205000606330621 63.07
1205000606380614 63.05
1205000606440468 63.05
1205000606500325 63.03
1205000606560180 63.03
1205000606620036 63.03
1205000606680891 63.03
1205000606740742 63.05
1205000606800597 63.05
1205000606860453 63.05
1205000606920308 63.05
1205000606980163 63.05
1205000607040016 63.05
1205000607100873 63.05
1205000607160728 63.05
1205000607220632 63.05
1205000607280436 63.05
1205000607340294 63.03
1205000607400147 63.05
1205000607460002 63.05
1205000607520858 63.05
1205000607580713 63.05
1205000607640567 63.05
1205000607700422 63.05
1205000607760277 63.05
1205000607820131 63.05
1205000607880987 63.05
1205000607940844 63.03
1205000608000697 63.05
1205000608060554 63.03
1205000608120406 63.05
1205000608180261 63.05
1205000608240116 63.05
1205000608300972 63.05
1205000608360827 63.05
1205000608420778 63.05
1205000608480538 63.03
1205000608540391 63.05
1205000608600246 63.05
1205000608660102 63.05
1205000608720958 63.05
1205000608780811 63.05
1205000608840666 63.05
1205000608900521 63.05
1205000608960376 63.05
1205000609020316 63.05
1205000609080085 63.05
1205000609140942 63.05
1205000609200799 63.03
1205000609260651 63.05
1205000609320508 63.03
1205000609340345 63.07
1205000609390336 63.05
1205000609450191 63.05
1205000609510136 63.05
1205000609570903 63.05
1205000609630756 63.05
1205000609690611 63.05
1205000609750466 63.05
1205000609810321 63.05
1205000609870177 63.05
1205000609930030 63.05
1205000609990886 63.05
1205000700050997 63.05
1205000700110852 63.05
1205000700170710 63.03
1205000700230561 63.05
1205000700290416 63.05
1205000700350271 63.05
1205000700410124 63.05
1205000700470981 63.05
1205000700530836 63.05
1205000700590691 63.05
1205000700650546 63.05
1205000700710413 63.05
1205000700770255 63.05
1205000700830110 63.05
1205000700890968 63.03
1205000700950821 63.05
1205000701010768 63.05
1205000701070530 63.05
1205000701130385 63.05
1205000701190241 63.05
1205000701250096 63.05
1205000701310950 63.05
1205000701370805 63.05
1205000701430660 63.05
1205000701490515 63.05
1205000701550371 63.05
1205000701610224 63.05
1205000701670079 63.05
1205000701730936 63.05
1205000701790791 63.05
1205000701850646 63.07
1205000701910499 63.05
1205000701970354 63.05
1205000702030210 63.05
1205000702090065 63.05
1205000702150919 63.05
1205000702210777 63.03
1205000702270630 63.05
1205000702330485 63.05
1205000702350325 63.09
1205000702400318 63.03
1205000702460169 63.05
1205000702520025 63.05
1205000702580881 63.05
1205000702640734 63.07
1205000702700591 63.07
1205000702760445 63.05
1205000702820300 63.05
1205000702880155 63.05
1205000702940008 63.05
1205000703000864 63.05
1205000703060720 63.05
1205000703120575 63.05
1205000703180432 63.03
1205000703240284 63.05
1205000703300139 63.05
1205000703360995 63.07
1205000703420850 63.05
1205000703480704 63.05
1205000703540559 63.05
1205000703600414 63.05
1205000703660269 63.05
1205000703720123 63.05
1205000703780979 63.05
1205000703840834 63.05
1205000703900689 63.05
1205000703960545 63.05
1205000704020398 63.05
1205000704080253 63.05
1205000704140108 63.05
1205000704200964 63.05
1205000704260820 63.05
1205000704320673 63.05
1205000704380528 63.05
1205000704440383 63.05
1205000704500238 63.05
1205000704560094 63.05
1205000704620948 63.05
1205000704680803 63.05
1205000704740658 63.05
1205000704800514 63.05
1205000704860371 63.03
1205000704920224 63.05
1205000704980077 63.05
1205000705040934 63.05
1205000705100789 63.05
1205000705160644 63.05
1205000705220548 63.05
1205000705280353 63.05
1205000705340207 63.05
1205000705360048 63.05
1205000705410217 63.05
1205000705470893 63.05
1205000705530748 63.07
1205000705590604 63.05
1205000705650459 63.05
1205000705710328 63.05
1205000705770170 63.05
1205000705830025 63.03
1205000705890879 63.05
1205000705950734 63.05
1205000706010679 63.05
1205000706070444 63.05
1205000706130297 63.05
1205000706190152 63.05
1205000706250008 63.05
1205000706310862 63.05
1205000706370719 63.05
1205000706430574 63.03
1205000706490430 63.03
1205000706550283 63.05
1205000706610291 63.05
1205000706670993 63.05
1205000706730848 63.05
1205000706790703 63.07
1205000706850559 63.05
1205000706910413 63.05
1205000706970266 63.05
1205000707030122 63.05
1205000707090978 63.05
1205000707150835 63.03
1205000707210688 63.05
1205000707270541 63.05
1205000707330397 63.05
1205000707390252 63.05
1205000707450107 63.05
1205000707510064 63.07
1205000707570817 63.07
1205000707630672 63.05
1205000707690527 63.05
1205000707750382 63.05
1205000707810236 63.05
1205000707870091 63.05
1205000707930947 63.05
1205000707990802 63.05
1205000708050657 63.05
1205000708110512 63.05
1205000708170367 63.05
1205000708230221 63.05
1205000708290075 63.07
1205000708350932 63.05
1205000708370772 63.05
1205000708420763 63.07
1205000708480616 63.05
1205000708540472 63.05
1205000708600327 63.07
1205000708660182 63.05
1205000708720035 63.05
1205000708780891 63.05
1205000708840747 63.05
1205000708900602 63.05
1205000708960457 63.05
1205000709020312 63.05
1205000709080166 63.05
1205000709140021 63.05
1205000709200877 63.05
1205000709260732 63.05
1205000709320586 63.05
1205000709380441 63.05
1205000709440296 63.05
1205000709500153 63.03
1205000709560007 63.05
1205000709620861 63.05
1205000709680716 63.05
1205000709740571 63.05
1205000709800426 63.05
1205000709860280 63.07
1205000709920135 63.05
1205000709980991 63.05
1205000800040101 63.07
1205000800100957 63.05
1205000800160810 63.05
1205000800220720 63.05
1205000800280521 63.05
1205000800340376 63.05
1205000800400231 63.05
1205000800460084 63.05
1205000800520941 63.05
1205000800580796 63.07
1205000800640651 63.07
1205000800700505 63.05
1205000800760360 63.05
1205000800820215 63.05
1205000800880071 63.05
1205000800940927 63.05
1205000801000780 63.05
1205000801060635 63.05
1205000801120490 63.05
1205000801180345 63.05
1205000801240200 63.05
1205000801300055 63.07
1205000801360909 63.07
1205000801380750 63.07
1205000801430742 63.05
1205000801490596 63.05
1205000801550451 63.05
1205000801610318 63.05
1205000801670160 63.05
1205000801730015 63.07
1205000801790871 63.05
1205000801850726 63.07
1205000801910580 63.07
1205000801970435 63.07
1205000802030290 63.07
1205000802090145 63.05
1205000802150000 63.05
1205000802210857 63.05
1205000802270710 63.05
1205000802330565 63.05
1205000802390420 63.05
1205000802450276 63.05
1205000802510232 63.05
1205000802570985 63.05
1205000802630840 63.07
1205000802690695 63.05
1205000802750550 63.07
1205000802810404 63.07
1205000802870259 63.05
1205000802930114 63.05
1205000802990970 63.05
1205000803050825 63.05
1205000803110679 63.05
1205000803170534 63.05
1205000803230389 63.05
1205000803290244 63.05
1205000803350099 63.05
1205000803410954 63.05
1205000803470810 63.07
1205000803530665 63.05
1205000803590520 63.07
1205000803650373 63.05
1205000803710242 63.07
1205000803770084 63.07
1205000803830940 63.07
1205000803890795 63.05
1205000803950649 63.05
1205000804010602 63.05
1205000804070359 63.05
1205000804130214 63.05
1205000804190069 63.05
1205000804250924 63.05
1205000804310778 63.07
1205000804370634 63.05
1205000804390474 63.05
1205000804440464 63.05
1205000804500319 63.05
1205000804560174 63.05
1205000804620029 63.05
1205000804680885 63.05
1205000804740738 63.05
1205000804800593 63.05
1205000804860449 63.05
1205000804920304 63.05
1205000804980159 63.07
1205000805040012 63.05
1205000805100869 63.05
1205000805160724 63.07
1205000805220634 63.05
1205000805280434 63.07
1205000805340288 63.05
1205000805400143 63.05
1205000805470000 63.07
1205000805520855 63.05
1205000805580709 63.05
1205000805640563 63.05
1205000805700418 63.05
1205000805760273 63.05
1205000805820129 63.05
1205000805880983 63.05
1205000805940838 63.05
1205000806000693 63.05
1205000806060548 63.07
1205000806120402 63.07
1205000806180259 63.05
1205000806240112 63.07
1205000806300968 63.07
1205000806360823 63.07
1205000806420677 63.05
1205000806480532 63.05
1205000806540388 63.05
1205000806600243 63.05
1205000806660098 63.07
1205000806720952 63.05
1205000806780807 63.05
1205000806840662 63.05
1205000806900517 63.05
1205000806960371 63.05
1205000807020227 63.07
1205000807080082 63.07
1205000807140938 63.07
1205000807200793 63.05
1205000807260646 63.07
1205000807320501 63.07
1205000807380356 63.07
1205000807400211 63.09
1205000807450188 63.05
1205000807510147 63.05
1205000807570898 63.05
1205000807630753 63.05
1205000807690608 63.07
1205000807750463 63.07
1205000807810316 63.05
1205000807870171 63.05
1205000807930027 63.05
1205000807990883 63.07
1205000808050739 63.05
1205000808110591 63.05
1205000808170446 63.07
1205000808230302 63.05
1205000808290157 63.05
1205000808350012 63.05
1205000808410867 63.05
1205000808470722 63.05
1205000808530578 63.05
1205000808590433 63.05
1205000808650286 63.05
1205000808710154 63.05
1205000808770997 63.05
1205000808830852 63.05
1205000808890707 63.05
1205000808950562 63.05
1205000809010519 63.05
1205000809070271 63.05
1205000809130126 63.07
1205000809190155 63.07
1205000809250836 63.07
1205000809310691 63.07
1205000809370546 63.07
1205000809430401 63.05
1205000809490256 63.07
1205000809550110 63.07
1205000809610966 63.05
1205000809670821 63.05
1205000809730677 63.05
1205000809790659 63.05
1205000809850385 63.05
1205000809910240 63.05
1205000809970096 63.05
1205000900030205 63.05
1205000900090061 63.05
1205000900150917 63.05
1205000900210772 63.05
1205000900270627 63.05
1205000900330481 63.05
1205000900390355 63.05
1205000900410325 63.05
1205000900460167 63.07
1205000900520022 63.05
1205000900580877 63.05
1205000900640732 63.05
1205000900700587 63.05
1205000900760442 63.05
1205000900820297 63.05
1205000900880152 63.05
1205000900940006 63.07
1205000901000862 63.07
1205000901060717 63.07
1205000901120572 63.07
1205000901180428 63.05
1205000901240281 63.07
1205000901300136 63.07
1205000901360992 63.07
1205000901420847 63.07
1205000901480702 63.07
1205000901540556 63.07
1205000901600411 63.07
1205000901660266 63.05
1205000901720135 63.07
1205000901780977 63.05
1205000901840830 63.05
1205000901900685 63.05
1205000901960541 63.05
1205000902020396 63.05
1205000902080251 63.05
1205000902140104 63.05
1205000902200961 63.05
1205000902260816 63.05
1205000902320671 63.05
1205000902380527 63.05
1205000902440380 63.05
1205000902500235 63.05
1205000902560090 63.05
1205000902620947 63.05
1205000902680800 63.05
1205000902740655 63.05
1205000902800510 63.05
1205000902860366 63.05
1205000902920219 63.07
1205000902980074 63.07
1205000903040930 63.05
1205000903100785 63.05
1205000903160640 63.07
1205000903220555 63.07
1205000903280351 63.07
1205000903340204 63.07
1205000903400059 63.07
1205000903420928 63.09
1205000903470890 63.05
1205000903530746 63.05
1205000903590601 63.05
1205000903650456 63.05
1205000903710325 63.05
1205000903770166 63.05
1205000903830019 63.05
1205000903890875 63.05
1205000903950731 63.05
1205000904010692 63.05
1205000904070441 63.05
1205000904130294 63.05
1205000904190150 63.05
1205000904250005 63.07
1205000904310859 63.07
1205000904370714 63.07
1205000904430570 63.05
1205000904490425 63.07
1205000904550280 63.05
1205000904610135 63.05
1205000904670991 63.05
1205000904730845 63.07
1205000904790699 63.07
1205000904850555 63.07
1205000904910410 63.05
1205000904970265 63.07
1205000905030118 63.07
1205000905090974 63.07
1205000905150829 63.07
1205000905210685 63.07
1205000905270540 63.05
1205000905330393 63.07
1205000905390248 63.05
1205000905450104 63.07
1205000905510067 63.05
1205000905570815 63.05
1205000905630669 63.07
1205000905690524 63.07
1205000905750379 63.05
1205000905810234 63.07
1205000905870089 63.07
1205000905930944 63.05
1205000905990799 63.07
1205000906050654 63.07
1205000906110507 63.07
1205000906170364 63.07