1205404908830091 59.2
1205404908900005 59.25
1205404908950799 59.27
1205404909010650 59.29
1205404909080689 59.29
1205404909130360 59.31
1205404909190247 59.31
1205404909250077 59.31
1205404909310927 59.33
1205404909370782 59.33
1205404909430639 59.33
1205404909490533 59.33
1205404909550347 59.33
1205404909610210 59.35
1205404909680196 59.35
1205404909730912 59.37
1205404909790820 59.37
1205404909850622 59.38
1205404909910485 59.4
1205404909970339 59.4
1205405000030440 59.42
1205405000090340 59.42
1205405000150153 59.44
1205405000220083 59.44
1205405000280945 59.44
1205405000330722 59.44
1205405000400695 59.44
1205405000450436 59.44
1205405000510288 59.44
1205405000570141 59.46
1205405000630997 59.48
1205405000700970 59.53
1205405000750708 59.55
1205405000810560 59.59
1205405000870425 59.61
1205405000930271 59.65
1205405001000239 59.66
1205405001050976 59.66
1205405001110833 59.7
1205405001170688 59.7
1205405001230541 59.74
1205405001300463 59.76
1205405001350250 59.78
1205405001410105 59.79
1205405001470966 59.79
1205405001530815 59.79
1205405001560169 59.79
1205405001600647 59.83
1205405001660498 59.87
1205405001720357 59.87
1205405001780216 59.91
1205405001840065 59.91
1205405001900919 59.94
1205405001960774 59.94
1205405002020641 59.98
1205405002080487 60
1205405002140342 60
1205405002200195 60.02
1205405002260048 60.02
1205405002320912 60.04
1205405002380761 60.04
1205405002440615 60.05
1205405002500482 60.05
1205405002560329 60.07
1205405002620177 60.09
1205405002680040 60.13
1205405002740896 60.13
1205405002800749 60.15
1205405002860604 60.17
1205405002920456 60.18
1205405002980313 60.22
1205405003040166 60.22
1205405003100023 60.22
1205405003160881 60.28
1205405003220732 60.32
1205405003280585 60.33
1205405003340441 60.35
1205405003400296 60.35
1205405003460149 60.37
1205405003520002 60.39
1205405003580860 60.39
1205405003640714 60.41
1205405003700571 60.45
1205405003760422 60.45
1205405003820279 60.48
1205405003880132 60.48
1205405003940989 60.48
1205405004000858 60.5
1205405004060701 60.5
1205405004120555 60.48
1205405004180408 60.5
1205405004240268 60.52
1205405004300117 60.5
1205405004360977 60.52
1205405004420830 60.52
1205405004480685 60.54
1205405004540543 60.56
1205405004570895 60.56
1205405004610369 60.58
1205405004670228 60.61
1205405004730081 60.65
1205405004800986 60.67
1205405004850790 60.69
1205405004910645 60.72
1205405004970502 60.74
1205405005030353 60.78
1205405005100281 60.82
1205405005150064 60.82
1205405005220003 60.84
1205405005270773 60.85
1205405005330625 60.85
1205405005400560 60.91
1205405005450339 60.98
1205405005510192 61.04
1205405005570047 61.1
1205405005630903 61.15
1205405005700874 61.19
1205405005750610 61.23
1205405005810471 61.28
1205405005870332 61.34
1205405005930183 61.39
1205405006000151 61.41
1205405006050892 61.43
1205405006110748 61.45
1205405006170601 61.45
1205405006230456 61.51
1205405006300376 61.54
1205405006350162 61.58
1205405006410022 61.64
1205405006470876 61.69
1205405006530731 61.71
1205405006600706 61.73
1205405006650444 61.8
1205405006710293 61.82
1205405006770148 61.88
1205405006830001 61.92
1205405006900928 61.97
1205405006950712 61.95
1205405007010569 61.95
1205405007070420 61.97
1205405007130274 62.03
1205405007200182 62.08
1205405007250993 62.12
1205405007310840 62.19
1205405007370693 62.29
1205405007430554 62.34
1205405007500466 62.4
1205405007550263 62.45
1205405007580618 62.47
1205405007620094 62.51
1205405007680949 62.55
1205405007740810 62.6
1205405007800663 62.64
1205405007870606 62.66
1205405007920368 62.68
1205405007980226 62.68
1205405008040078 62.72
1205405008100934 62.75
1205405008160791 62.75
1205405008220647 62.75
1205405008280501 62.77
1205405008340357 62.77
1205405008400212 62.77
1205405008460077 62.79
1205405008520917 62.79
1205405008580770 62.79
1205405008640627 62.81
1205405008700485 62.79
1205405008760342 62.79
1205405008820197 62.81
1205405008880050 62.81
1205405008940904 62.81
1205405009000758 62.79
1205405009060627 62.81
1205405009120470 62.81
1205405009180325 62.81
1205405009240181 62.81
1205405009300034 62.83
1205405009360890 62.83
1205405009420747 62.81
1205405009480598 62.83
1205405009540457 62.83
1205405009600309 62.83
1205405009660164 62.83
1205405009720017 62.83
1205405009780875 62.83
1205405009840728 62.85
1205405009900584 62.81
1205405009960439 62.83
1205405100020545 62.85
1205405100080404 62.85
1205405100140260 62.85
1205405100200115 62.85
1205405100260967 62.85
1205405100320822 62.85
1205405100380681 62.85
1205405100440539 62.85
1205405100500404 62.85
1205405100560247 62.85
1205405100590598 62.85
1205405100630079 62.85
1205405100700046 62.85
1205405100750789 62.85
1205405100810644 62.85
1205405100870499 62.85
1205405100930356 62.86
1205405101000322 62.85
1205405101050060 62.86
1205405101110918 62.85
1205405101170775 62.86
1205405101230627 62.85
1205405101300586 62.85
1205405101350333 62.85
1205405101410188 62.85
1205405101470044 62.85
1205405101530900 62.86
1205405101600874 62.85
1205405101650614 62.86
1205405101710464 62.85
1205405101770321 62.86
1205405101830174 62.86
1205405101900084 62.86
1205405101950885 62.86
1205405102010741 62.86
1205405102070592 62.86
1205405102130447 62.85
1205405102200392 62.86
1205405102250155 62.86
1205405102310012 62.86
1205405102370869 62.86
1205405102430724 62.86
1205405102500639 62.86
1205405102550432 62.86
1205405102610287 62.86
1205405102670142 62.86
1205405102730999 62.86
1205405102800930 62.85
1205405102860896 62.86
1205405102910564 62.86
1205405102970421 62.86
1205405103030271 62.86
1205405103100192 62.86
1205405103150978 62.86
1205405103220927 62.86
1205405103270688 62.86
1205405103330543 62.86
1205405103400459 62.86
1205405103460435 62.86
1205405103510107 62.86
1205405103570965 62.86
1205405103600667 62.86
1205405103640799 62.88
1205405103700650 62.86
1205405103760505 62.86
1205405103820363 62.88
1205405103880217 62.88
1205405103940070 62.86
1205405104010940 62.88
1205405104060780 62.88
1205405104120637 62.88
1205405104180492 62.88
1205405104240348 62.88
1205405104300199 62.88
1205405104360056 62.88
1205405104420912 62.88
1205405104480767 62.88
1205405104540623 62.88
1205405104600476 62.88
1205405104660333 62.88
1205405104720186 62.88
1205405104780041 62.88
1205405104840897 62.88
1205405104900752 62.88
1205405104960605 62.9
1205405105020461 62.88
1205405105080314 62.9
1205405105140171 62.88
1205405105200022 62.9
1205405105260880 62.88
1205405105320735 62.88
1205405105380587 62.9
1205405105440446 62.88
1205405105510311 62.9
1205405105570158 62.9
1205405105630014 62.88
1205405105680866 62.88
1205405105740719 62.9
1205405105800571 62.9
1205405105860428 62.9
1205405105930287 62.9
1205405105990141 62.9
1205405106040994 62.9
1205405106110853 62.9
1205405106170706 62.9
1205405106220558 62.9
1205405106280413 62.9
1205405106340268 62.9
1205405106410123 62.9
1205405106470979 62.9
1205405106520832 62.9
1205405106590691 62.9
1205405106610133 62.88
1205405106660541 62.92
1205405106720380 62.9
1205405106780235 62.9
1205405106840090 62.9
1205405106900042 62.9
1205405106960794 62.9
1205405107020649 62.9
1205405107070501 62.9
1205405107140356 62.9
1205405107200270 62.9
1205405107260068 62.92
1205405107320924 62.9
1205405107380775 62.92
1205405107440633 62.9
1205405107500582 62.92
1205405107560343 62.9
1205405107620196 62.92
1205405107680051 62.92
1205405107740907 62.9
1205405107800841 62.9
1205405107860616 62.92
1205405107920471 62.92
1205405107980330 62.92
1205405108040182 62.92
1205405108100105 62.92
1205405108160893 62.92
1205405108220832 62.92
1205405108280603 62.92
1205405108340458 62.92
1205405108400417 62.92
1205405108460169 62.92
1205405108520022 62.92
1205405108580876 62.92
1205405108640731 62.9
1205405108700706 62.92
1205405108760439 62.92
1205405108820297 62.92
1205405108880150 62.92
1205405108940008 62.92
1205405109000931 62.92
1205405109060718 62.92
1205405109120574 62.94
1205405109180431 62.92
1205405109240284 62.92
1205405109300248 62.92
1205405109360993 62.92
1205405109420849 62.94
1205405109480704 62.92
1205405109540555 62.92
1205405109600477 62.94
1205405109620781 62.92
1205405109670240 62.92
1205405109730095 62.94
1205405109790949 62.94
1205405109850810 62.92
1205405109910660 62.94
1205405109970519 62.92
1205405200030627 62.92
1205405200090486 62.92
1205405200150341 62.92
1205405200210194 62.94
1205405200270049 62.92
1205405200330903 62.94
1205405200390757 62.94
1205405200450795 62.94
1205405200510473 62.92
1205405200570324 62.94
1205405200630175 62.94
1205405200690035 62.94
1205405200750887 62.94
1205405200810742 62.94
1205405200870595 62.94
1205405200930450 62.92
1205405200990305 62.94
1205405201050342 62.94
1205405201110022 62.92
1205405201170878 62.94
1205405201230731 62.94
1205405201290590 62.94
1205405201350442 62.94
1205405201410295 62.92
1205405201470150 62.94
1205405201530006 62.94
1205405201590861 62.94
1205405201650900 62.94
1205405201710572 62.94
1205405201770427 62.94
1205405201830278 62.94
1205405201890131 62.94
1205405201950991 62.94
1205405202010880 62.94
1205405202070700 62.94
1205405202130559 62.94
1205405202190414 62.94
1205405202250455 62.94
1205405202310120 62.94
1205405202370976 62.94
1205405202430834 62.96
1205405202490689 62.96
1205405202550541 62.94
1205405202610395 62.94
1205405202630756 62.94
1205405202680227 62.94
1205405202740078 62.94
1205405202800003 62.94
1205405202860791 62.94
1205405202920646 62.96
1205405202980498 62.94
1205405203040353 62.94
1205405203100298 62.94
1205405203160061 62.94
1205405203220008 62.94
1205405203280771 62.94
1205405203340630 62.94
1205405203400559 62.94
1205405203460340 62.94
1205405203520196 62.96
1205405203580049 62.96
1205405203640905 62.96
1205405203700875 62.94
1205405203760613 62.94
1205405203820470 62.96
1205405203880327 62.96
1205405203940178 62.96
1205405204000317 62.96
1205405204060893 62.96
1205405204120747 62.94
1205405204180602 62.96
1205405204240453 62.94
1205405204300383 62.94
1205405204360164 62.96
1205405204420017 62.94
1205405204480879 62.96
1205405204540729 62.96
1205405204600681 62.94
1205405204660435 62.94
1205405204720292 62.96
1205405204780149 62.96
1205405204840004 62.96
1205405204900946 62.96
1205405204960714 62.94
1205405205020567 62.96
1205405205080420 62.98
1205405205140277 62.96
1205405205200205 62.98
1205405205260987 62.96
1205405205320844 62.96
1205405205380695 62.96
1205405205440550 62.96
1205405205500688 62.96
1205405205560258 62.96
1205405205620114 62.96
1205405205640652 62.96
1205405205690944 62.98
1205405205750799 62.96
1205405205810653 62.98
1205405205870510 62.96
1205405205930363 62.98
1205405205990218 62.96
1205405206050077 62.96
1205405206110930 62.96
1205405206170785 62.96
1205405206230640 62.98
1205405206290493 62.98
1205405206350354 62.96
1205405206410205 62.96
1205405206470055 62.98
1205405206530917 62.98
1205405206590770 62.98
1205405206650624 62.96
1205405206710479 62.96
1205405206770335 62.96
1205405206830189 62.96
1205405206890042 62.98
1205405206950896 62.98
1205405207010767 62.96
1205405207070609 62.98
1205405207130464 62.96
1205405207190319 62.96
1205405207250171 62.98
1205405207310030 62.96
1205405207370886 62.98
1205405207430741 62.98
1205405207490588 62.98
1205405207550444 62.98
1205405207610299 62.98
1205405207670154 62.98
1205405207730007 62.98
1205405207790867 62.98
1205405207850720 62.98
1205405207910575 62.96
1205405207970427 62.96
1205405208030282 62.96
1205405208090137 62.98
1205405208150998 62.98
1205405208210847 62.98
1205405208270708 62.98
1205405208330561 62.98
1205405208390418 62.98
1205405208450269 62.98
1205405208510135 62.98
1205405208570979 62.98
1205405208630830 62.98
1205405208650206 62.96
1205405208700779 62.98
1205405208760515 62.98
1205405208820370 62.98
1205405208880225 62.98
1205405208940078 62.98
1205405209000006 62.98
1205405209060798 62.98
1205405209120645 62.98
1205405209180503 62.98
1205405209240541 62.98
1205405209300326 62.98
1205405209360070 62.98
1205405209420922 62.98
1205405209480777 62.96
1205405209540628 62.98
1205405209600560 62.98
1205405209660345 62.98
1205405209720196 62.98
1205405209780047 62.98
1205405209840090 62.98
1205405209900843 62.98
1205405209960616 62.98
1205405300020727 62.98
1205405300080582 62.98
1205405300140435 62.98
1205405300200402 62.98
1205405300260143 62.98
1205405300320000 62.98
1205405300380860 62.98
1205405300440899 62.98
1205405300500657 62.98
1205405300560422 62.98
1205405300620277 62.98
1205405300680130 62.99
1205405300740985 62.98
1205405300800914 62.98
1205405300860695 62.98
1205405300920552 62.98
1205405300980405 62.98
1205405301040415 62.98
1205405301100233 62.99
1205405301160976 62.98
1205405301220916 62.98
1205405301280681 62.98
1205405301340536 62.98
1205405301400477 62.99
1205405301460246 62.98
1205405301520105 62.98
1205405301580957 62.98
1205405301640893 62.98
1205405301660168 62.98
1205405301710646 62.98
1205405301770501 62.98
1205405301830357 62.99
1205405301890208 62.99
1205405301950065 62.98
1205405302010943 62.99
1205405302070775 62.98
1205405302130626 62.98
1205405302190483 62.99
1205405302250340 62.98
1205405302310190 62.99
1205405302370043 62.98
1205405302430899 62.98
1205405302490758 62.99
1205405302550615 62.99
1205405302610469 62.98
1205405302670324 62.98
1205405302730179 62.98
1205405302790034 62.98
1205405302850890 62.98
1205405302910739 62.98
1205405302970593 62.98
1205405303030450 62.99
1205405303090305 62.99
1205405303150158 62.98
1205405303210015 62.99
1205405303270874 62.98
1205405303330731 62.99
1205405303390586 62.99
1205405303450441 62.99
1205405303510336 62.99
1205405303570144 62.98
1205405303640000 62.99
1205405303690855 62.99
1205405303750710 62.99
1205405303810568 62.99
1205405303870419 62.98
1205405303930274 62.98
1205405303990131 62.98
1205405304050983 62.98
1205405304110840 62.99
1205405304170694 62.98
1205405304230555 62.99
1205405304290410 62.99
1205405304350265 62.99
1205405304410108 62.98
1205405304470974 62.99
1205405304530825 62.99
1205405304590681 62.99
1205405304650536 62.99
1205405304670887 62.98
1205405304720364 62.99
1205405304780219 62.99
1205405304840074 62.99
1205405304900035 62.99
1205405304960780 62.98
1205405305020637 62.99
1205405305080492 62.99
1205405305140347 62.99
1205405305200292 62.99
1205405305260055 62.99
1205405305320912 62.99
1205405305380766 62.99
1205405305440629 62.99
1205405305500594 62.99
1205405305560340 62.99
1205405305620189 62.99
1205405305680044 62.99
1205405305740901 62.99
1205405305800872 62.99
1205405305860611 62.99
1205405305920462 62.99
1205405305980319 62.99
1205405306040176 62.99
1205405306100121 62.99
1205405306160886 62.99
1205405306220837 62.99
1205405306280592 62.99
1205405306340446 62.98
1205405306400402 62.99
1205405306460158 62.99
1205405306520011 62.99
1205405306580869 62.99
1205405306640721 62.99
1205405306700693 62.99
1205405306760431 62.99
1205405306820284 62.99
1205405306880139 62.99
1205405306940995 62.99
1205405307000098 63.01
1205405307060712 62.99
1205405307120561 62.99
1205405307180416 62.99
1205405307240272 62.99
1205405307300244 62.99
1205405307360981 62.99
1205405307420836 62.99
1205405307480691 62.99
1205405307540545 62.99
1205405307600484 62.99
1205405307660255 62.99
1205405307680615 62.99
1205405307730084 62.99
1205405307790940 62.99
1205405307850796 62.99
1205405307910649 62.99
1205405307970506 62.99
1205405308030545 62.99
1205405308090222 62.99
1205405308150077 62.99
1205405308210932 62.99
1205405308270783 62.99
1205405308330638 62.99
1205405308390497 62.99
1205405308450344 62.99
1205405308510225 62.99
1205405308570052 62.99
1205405308630091 62.99
1205405308690764 62.99
1205405308750619 62.99
1205405308810475 62.99
1205405308870328 62.99
1205405308930185 62.99
1205405308990036 63.01
1205405309050892 63.01
1205405309110749 62.99
1205405309170604 62.99
1205405309230631 62.99
1205405309290315 62.99
1205405309350168 62.99
1205405309410026 62.99
1205405309470879 62.99
1205405309530733 63.01
1205405309590586 63.01
1205405309650447 62.99
1205405309710298 63.01
1205405309770155 63.01
1205405309830100 63.01
1205405309890867 63.01
1205405309950722 62.99
1205405400010850 63.01
1205405400070688 62.99
1205405400130545 62.99
1205405400190396 62.99
1205405400250250 63.01
1205405400310101 63.01
1205405400370961 62.99
1205405400430830 62.99
1205405400490671 62.99
1205405400550524 62.99
1205405400610378 63.01
1205405400670234 62.99
1205405400690587 62.99
1205405400740068 62.99
1205405400800036 63.01
1205405400860775 63.01
1205405400920631 62.99
1205405400980486 62.99
1205405401040341 62.99
1205405401100304 62.99
1205405401160052 62.99
1205405401220998 63.01
1205405401280759 62.99
1205405401340616 62.99
1205405401400590 62.99
1205405401460327 62.99
1205405401520180 62.99
1205405401580039 62.99
1205405401640893 63.01
1205405401700863 63.01
1205405401760599 63.01
1205405401820451 62.99
1205405401880310 62.99
1205405401940165 62.99
1205405402000135 63.01
1205405402060878 63.01
1205405402120726 63.01
1205405402180585 62.99
1205405402240438 62.99
1205405402300406 63.01
1205405402360148 62.99
1205405402420000 63.01
1205405402480858 62.99
1205405402540709 63.01
1205405402600685 62.99
1205405402660423 62.99
1205405402720277 62.99
1205405402780132 62.99
1205405402840986 63.01
1205405402900943 63.01
1205405402960698 62.99
1205405403020552 62.99
1205405403080407 62.99
1205405403140260 63.01
1205405403200217 63.01
1205405403260973 62.99
1205405403320824 63.01
1205405403380689 62.99
1205405403440535 63.01
1205405403500670 63.01
1205405403560245 63.01
1205405403620098 63.01
1205405403680957 62.99
1205405403700652 62.99
1205405403750786 63.01
1205405403810641 63.01
1205405403870497 62.99
1205405403930352 62.99
1205405403990207 62.99
1205405404050068 63.01
1205405404110923 63.01
1205405404170776 62.99
1205405404230629 63.01
1205405404290486 62.99
1205405404350345 62.99
1205405404410189 63.01
1205405404470044 63.01
1205405404530900 63.01
1205405404590755 63.01
1205405404650610 63.01
1205405404710465 63.01
1205405404770319 63.01
1205405404830174 63.01
1205405404890027 63.01
1205405404950885 63.01
1205405405010764 63.01
1205405405070596 62.99
1205405405130447 63.01
1205405405190302 63.01
1205405405250158 63.01
1205405405310011 63.01
1205405405370869 63.01
1205405405430726 62.99
1205405405490580 62.99
1205405405550433 63.01
1205405405610286 63.01
1205405405670141 63.01
1205405405730997 63.01
1205405405790854 62.99
1205405405850715 63.01
1205405405910563 63.01
1205405405970420 63.01
1205405406030276 63.01
1205405406090132 63.01
1205405406150984 63.01
1205405406210845 62.99
1205405406270691 63.01
1205405406330546 63.01
1205405406390403 63.01
1205405406450260 63.01
1205405406510268 63.01
1205405406570968 63.01
1205405406630827 63.01
1205405406690678 63.01
1205405406710264 63.01
1205405406760508 62.99
1205405406820555 62.99
1205405406880218 63.01
1205405406940077 63.01
1205405407000028 63.03
1205405407060783 63.01
1205405407120638 63.01
1205405407180495 63.01
1205405407240350 63.01
1205405407300323 63.01
1205405407360060 63.01
1205405407420060 63.01
1205405407480770 63.01
1205405407540631 63.01
1205405407600578 63.01
1205405407660338 63.01
1205405407720191 63.01
1205405407780046 62.99
1205405407840898 63.01
1205405407900867 63.01
1205405407960605 63.01
1205405408020548 63.01
1205405408080317 63.01
1205405408140170 63.01
1205405408200141 63.01
1205405408260882 63.01
1205405408320737 63.01
1205405408380600 63.01
1205405408440449 63.01
1205405408500585 63.01
1205405408560161 63.01
1205405408620034 63.01
1205405408680874 63.01
1205405408740720 63.01
1205405408800694 63.01
1205405408860432 63.03
1205405408920288 63.01
1205405408980145 62.99
1205405409040000 63.01
1205405409100972 63.01
1205405409160709 63.03
1205405409220664 63.01
1205405409280416 63.01
1205405409340269 63.01
1205405409400224 63.01
1205405409460981 63.01
1205405409520834 63.01
1205405409580689 63.01
1205405409640544 63.01
1205405409700522 63.01
1205405409720781 63.01
1205405409770235 63.01
1205405409830092 63.01
1205405409890942 63.01
1205405409950799 63.01
1205405500010936 63.01
1205405500070762 63.01
1205405500130617 63.01
1205405500190472 63.01
1205405500250327 62.99
1205405500310182 63.01
1205405500370036 63.01
1205405500430892 63.01
1205405500490749 63.01
1205405500550606 63.01
1205405500610455 63.01
1205405500670318 63.03
1205405500730171 63.01
1205405500790025 63.01
1205405500850881 63.01
1205405500910730 63.01
1205405500970587 63.01
1205405501030441 63.01
1205405501090296 63.01
1205405501150157 63.03
1205405501210008 63.03
1205405501270862 63.01
1205405501330720 63.01
1205405501390575 63.01
1205405501450430 63.01
1205405501510319 63.01
1205405501570135 63.01
1205405501630991 63.01
1205405501690846 63.01
1205405501750699 63.01
1205405501810556 63.01
1205405501870418 63.03
1205405501930263 63.01
1205405501990118 63.01
1205405502050976 63.01
1205405502110832 63.01
1205405502170685 63.01
1205405502230542 63.03
1205405502290399 63.01
1205405502350254 63.01
1205405502410109 63.01
1205405502470965 63.01
1205405502530815 63.01
1205405502590676 63.03
1205405502650525 63.01
1205405502710394 63.01
1205405502730747 63.03
1205405502780216 63.03
1205405502840066 63.01
1205405502900032 63.01
1205405502960781 63.01
1205405503020632 63.03
1205405503080487 63.03
1205405503140347 63.03
1205405503200309 63.01
1205405503260049 63.01
1205405503320905 63.01
1205405503380761 63.01
1205405503440618 63.03
1205405503500588 63.01
1205405503560324 63.01
1205405503620179 63.01
1205405503680039 63.01
1205405503740891 63.01
1205405503800867 63.03
1205405503860603 63.01
1205405503920454 63.01
1205405503980313 63.01
1205405504040171 63.03
1205405504100133 63.03
1205405504160879 63.01
1205405504220837 63.01
1205405504280585 63.01
1205405504340440 63.03
1205405504400412 63.03
1205405504460148 63.03
1205405504520004 63.03
1205405504580862 63.01
1205405504640721 63.01
1205405504700687 63.03
1205405504760427 63.03
1205405504820280 63.01
1205405504880139 63.01
1205405504940987 63.01
1205405505000962 63.03
1205405505060696 63.01
1205405505120551 63.01
1205405505180408 63.03
1205405505240263 63.03
1205405505300234 63.01
1205405505360980 63.03
1205405505420832 63.03
1205405505480685 63.03
1205405505540540 63.03
1205405505600510 63.03
1205405505660248 63.01
1205405505720108 63.01
1205405505740456 63.01
1205405505790932 63.01
1205405505850786 63.01
1205405505910643 63.01
1205405505970496 63.01
1205405506030353 63.03
1205405506090208 63.03
1205405506150061 63.01
1205405506210112 63.03
1205405506270780 63.03
1205405506330641 63.03
1205405506390485 63.03
1205405506450340 63.03
1205405506510232 63.03
1205405506570048 63.03
1205405506630905 63.03
1205405506690760 63.01
1205405506750617 63.03
1205405506810515 63.03
1205405506870324 63.01
1205405506930181 63.03
1205405506990036 63.03
1205405507050886 63.01
1205405507110742 63.01
1205405507170598 63.03
1205405507230454 63.03
1205405507290311 63.03
1205405507350166 63.01
1205405507410072 63.01
1205405507470873 62.99
1205405507530727 63.01
1205405507590584 63.01
1205405507650441 63.03
1205405507710314 63.03
1205405507770154 63.03
1205405507830005 63.03
1205405507890859 63.03
1205405507950714 63.03
1205405508010794 63.03
1205405508070423 63.01
1205405508130280 63.03
1205405508190135 63.03
1205405508250992 63.03
1205405508310847 63.03
1205405508370698 63.01
1205405508430555 63.03
1205405508490412 63.01
1205405508550261 63.01
1205405508610119 63.03
1205405508670975 63.03
1205405508730828 63.03
1205405508750186 63.03
1205405508800775 63.03
1205405508860512 63.03
1205405508920371 63.03
1205405508980224 63.03
1205405509040084 63.03
1205405509100054 63.03
1205405509160793 63.03
1205405509220752 63.03
1205405509280496 63.01
1205405509340357 63.03
1205405509400323 63.03
1205405509460059 63.01
1205405509520921 63.03
1205405509580776 63.03
1205405509640629 63.03
1205405509700602 63.03
1205405509760344 63.03
1205405509820197 63.03
1205405509880048 63.03
1205405509940902 63.01
1205405600000132 63.03
1205405600060870 63.03
1205405600120723 63.03
1205405600180582 63.03
1205405600240434 63.03
1205405600300408 63.01
1205405600360148 63.03
1205405600430000 63.01
1205405600480857 63.03
1205405600540709 63.03
1205405600600683 63.01
1205405600660423 63.03
1205405600720276 63.03
1205405600780127 63.03
1205405600840984 63.03
1205405600900958 63.01
1205405600960694 63.03
1205405601020553 63.03
1205405601080400 63.01
1205405601140259 63.03
1205405601200228 63.01
1205405601260969 63.03
1205405601320820 63.01
1205405601380677 63.03
1205405601440536 63.03
1205405601500509 63.03
1205405601560253 63.03
1205405601620100 63.03
1205405601680956 63.03
1205405601740808 63.03
1205405601760165 63.03
1205405601810671 63.03
1205405601870500 63.03
1205405601930346 63.03
1205405601990199 63.01
1205405602050053 63.01
1205405602110911 63.03
1205405602170768 63.03
1205405602230623 63.03
1205405602290474 63.01
1205405602350331 63.03
1205405602410184 63.03
1205405602470039 63.03
1205405602530899 63.03
1205405602590752 63.03
1205405602650606 63.03
1205405602710479 63.03
1205405602770314 63.03
1205405602830170 63.03
1205405602890023 63.01
1205405602950883 63.03
1205405603010916 63.03
1205405603070587 63.01
1205405603130454 63.03
1205405603190305 63.03
1205405603250155 63.01
1205405603310012 63.03
1205405603370868 63.03
1205405603430723 63.03
1205405603490578 63.03
1205405603550436 63.03
1205405603610289 63.03
1205405603670144 63.03
1205405603730996 63.03
1205405603790851 63.03
1205405603850707 63.03
1205405603910564 63.03
1205405603970413 63.01
1205405604030268 63.03
1205405604090127 63.03
1205405604150981 63.03
1205405604210837 63.03
1205405604270694 63.01
1205405604330549 63.03
1205405604390404 63.03
1205405604450259 63.03
1205405604510150 63.01
1205405604570967 63.01
1205405604630820 63.03
1205405604690675 63.03
1205405604750530 63.03
1205405604770883 63.03
1205405604820364 63.03
1205405604880215 63.03
1205405604940070 63.03
1205405605000054 63.03
1205405605060782 63.03
1205405605120637 63.03
1205405605180492 63.03
1205405605240348 63.03
1205405605300318 63.03
1205405605360054 63.03
1205405605420914 63.03
1205405605480765 63.03
1205405605540624 63.03
1205405605600597 63.03
1205405605660333 63.03
1205405605720188 63.03
1205405605780043 63.03
1205405605840895 63.03
1205405605900870 63.01
1205405605960604 63.03
1205405606020463 63.03
1205405606080318 63.03
1205405606140173 63.03
1205405606200142 63.03
1205405606260881 63.03
1205405606320736 63.03
1205405606380591 63.03
1205405606440446 63.03
1205405606500584 63.03
1205405606560154 63.03
1205405606620008 63.03
1205405606680874 63.03
1205405606740723 63.03
1205405606800690 63.01
1205405606860432 63.03
1205405606920287 63.03
1205405606980142 63.03
1205405607040994 63.03
1205405607100963 63.01
1205405607160701 63.03
1205405607220670 63.03
1205405607280411 63.03
1205405607340264 63.05
1205405607400239 63.03
1205405607460980 63.03
1205405607520833 63.01
1205405607580690 63.03
1205405607640549 63.03
1205405607700397 63.03
1205405607760252 63.03
1205405607780604 63.03
1205405607830083 63.03
1205405607890941 63.03
1205405607950796 63.03
1205405608010749 63.03
1205405608070501 63.03
1205405608130356 63.03
1205405608190211 63.03
1205405608250066 63.03
1205405608310927 63.03
1205405608370778 63.05
1205405608430635 63.03
1205405608490486 63.03
1205405608550342 63.01
1205405608610199 63.03
1205405608670054 63.03
1205405608730910 63.03
1205405608790943 63.01
1205405608850620 63.03
1205405608910472 63.03
1205405608970327 63.03
1205405609030182 63.03
1205405609090041 63.03
1205405609150895 63.03
1205405609210747 63.03
1205405609270602 63.03
1205405609330459 63.03
1205405609390498 63.03
1205405609450167 63.03
1205405609510101 63.03
1205405609570879 63.05
1205405609630736 63.03
1205405609690587 63.03
1205405609750442 63.01
1205405609810296 63.03
1205405609870149 63.03
1205405609930004 63.03
1205405609990044 63.03
1205405700050970 63.03
1205405700110828 63.03
1205405700170679 63.03
1205405700230537 63.03
1205405700290392 63.03
1205405700350255 63.03
1205405700410104 63.03
1205405700470958 63.03
1205405700530812 63.03
1205405700590856 63.03
1205405700650524 63.03
1205405700710379 63.03
1205405700770231 63.03
1205405700790780 63.03
1205405700840060 63.03
1205405700900036 63.03
1205405700960776 63.03